388641.8766523501      2.91038304567337e-11   -66558.85993853997     57727                  
388641.8758840666      -4.804309260412992     -66558.85729557851     57727.00069444445      
388641.8658136518      -18.04413414756709     -66558.82265172986     57727.00260837671      
388641.7733106303      -55.70832387987321     -66558.50440596117     57727.00805441516      
388641.171470508       -145.4701518565198     -66556.43349444382     57727.02104178819      
388637.5234155811      -361.1001183821718     -66543.87468031335     57727.05229178819      
388630.7711743479      -576.1834424389817     -66520.61202489716     57727.08354178819      
388620.9205431516      -790.661536716616      -66486.64358354401     57727.11479178819      
388607.9783970856      -1004.475972024433     -66441.9658210708      57727.14604178819      
388591.9526965307      -1217.568464325297     -66386.573606406       57727.17729178819      
388572.8524956614      -1429.880861764534     -66320.4602049595      57727.20854178819      
388550.6879529313      -1641.355136988983     -66243.61726869761     57727.23979178819      
388525.4703436088      -1851.933374053398     -66156.03482389217     57727.27104178819      
388497.212074402       -2061.55775521171      -66057.7012565075      57727.30229178819      
388465.9267001986      -2270.170552882148     -65948.60329517921     57727.33354178819      
388431.6289430326      -2477.714116087176     -65828.72599173467     57727.36479178819      
388394.3347133344      -2684.130856660398     -65698.0526991939      57727.39604178819      
388354.0611335029      -2889.363241092149     -65556.56504718355     57727.42729178819      
388310.8265639868      -3093.35377317758      -65404.24291468642     57727.45854178819      
388264.6506318614      -3296.04498517004      -65241.06440004238     57727.48979178819      
388215.5542621148      -3497.379422600607     -65067.0057881042      57727.52104178819      
388163.5597117322      -3697.299628632085     -64882.04151444495     57727.55229178819      
388108.6906066674      -3895.748133205503     -64686.1441265002      57727.58354178819      
388050.971981943       -4092.66743628605      -64479.28424151964     57727.61479178819      
387990.4303250072      -4287.999990465061     -64261.43050118939     57727.64604178819      
387927.0936224691      -4481.688188164801     -64032.54952277414     57727.67729178819      
387860.9914105206      -4673.67434274235      -63792.60584661432     57727.70854178819      
387792.1548292167      -4863.900668735536     -63541.56187980037     57727.73979178819      
387720.6166807819      -5052.309266471217     -63279.37783582858     57727.77104178819      
387646.4114923318      -5238.842100326139     -63006.01167002803     57727.80229178819      
387569.5755832368      -5423.440975854282     -62721.41901052967     57727.83354178819      
387490.1471373549      -5606.047521566055     -62425.55308452858     57727.86479178819      
387408.1662806773      -5786.603160504725     -62118.36463956996     57727.89604178819      
387323.6751645132      -5965.049089175256     -61799.80185956721     57727.92729178819      
387236.7180548313      -6141.326248951969     -61469.81027523404     57727.95854178819      
387147.341428122       -6315.375295707563     -61128.33266858874     57727.98979178819      
387055.5940741879      -6487.136572791293     -60775.30897115605     57728.02104178819      
386961.5272065608      -6656.550076573629     -60410.67615546339     57728.05229178819      
386865.1945810581      -6823.555419657416     -60034.36811939224     57728.08354178819      
386766.6526230345      -6988.091796820183     -59646.3155629078      57728.11479178819      
386665.9605642137      -7150.097942853419     -59246.44585664978     57728.14604178819      
386563.1805898067      -7309.512087323332     -58834.68290182064     57728.17729178819      
386458.3779966744      -7466.271911232994     -58410.94698075981     57728.20854178819      
386351.621363681       -7620.314494674174     -57975.154597537       57728.23979178819      
386242.982735201       -7771.576260387432     -57527.21830783934     57728.27104178819      
386132.5378188348      -7919.992918094482     -57067.04653736082     57728.30229178819      
386020.36619883        -8065.499398572661     -56594.54338783131     57728.33354178819      
385906.5515665386      -8208.029782242957     -56109.60842974312     57728.36479178819      
385791.181969377       -8347.517227554352     -55612.13648074505     57728.39604178819      
385674.3500803585      -8483.893883857825     -55102.01736857909     57728.42729178819      
385556.1534898035      -8617.090805635438     -54579.13567732595     57728.45854178819      
385436.6950217336      -8747.03785261108      -54043.37047561025     57728.48979178819      
385316.0830772872      -8873.663580693465     -53494.59502528371     57728.52104178819      
385194.4320077933      -8996.895127981108     -52932.67646896074     57728.55229178819      
385071.8625208239      -9116.658084121351     -52357.47549462028     57728.58354178819      
384948.5021225899      -9232.876346974015     -51768.84597530839     57728.61479178819      
384824.4856004674      -9345.471970340375     -51166.63458177896     57728.64604178819      
384699.9555503163      -9454.364990521201     -50550.68036568756     57728.67729178819      
384575.0629534724      -9559.47323503004      -49920.81431070875     57728.70854178819      
384449.9678089489      -9660.712116500785     -49276.85884867224     57728.73979178819      
384324.8398275384      -9757.994398730283     -48618.6273375077      57728.77104178819      
384199.8591950266      -9851.229937209995     -47945.9234974483      57728.80229178819      
384075.2174127563      -9940.325396051987     -47258.54080155944     57728.83354178819      
383951.1182253896      -10025.18392694113     -46556.26181623814     57728.86479178819      
383827.7786467386      -10105.70481091367     -45838.85748685171     57728.89604178819      
383705.4300961904      -10181.78306304436     -45106.08636315729     57728.92729178819      
383584.3196606063      -10253.30898353404     -44357.69375855368     57728.95854178819      
383464.7114984787      -10320.16765345261     -43593.41083656288     57728.98979178819      
383346.888405832       -10382.23837277861     -42812.9536172095      57729.02104178819      
383231.1535671338      -10439.39401655959     -42016.02189516236     57729.05229178819      
383117.8325174994      -10491.50031537691     -41202.29806061256     57729.08354178819      
383007.2753479443      -10538.41503219232     -40371.44581289207     57729.11479178819      
382899.8591904659      -10579.98702557758     -39523.10875577682     57729.14604178819      
382795.9910264494      -10616.05518572593     -38656.90886228316     57729.17729178819      
382696.1108704617      -10646.44721025135     -37772.44479556539     57729.20854178819      
382600.6953909825      -10670.9781980055      -36869.2900712815      57729.23979178819      
382510.2620417451      -10689.44903358999     -35946.9910455623      57729.27104178819      
382425.3737927038      -10701.64451266501     -35005.06471157032     57729.30229178819      
382346.644567662       -10707.3311653288      -34042.9962866874      57729.33354178819      
382274.7455185104      -10706.2547241443      -33060.23657181059     57729.36479178819      
382210.4122951151      -10698.13715422694     -32056.19906435063     57729.39604178819      
382154.453505503       -10682.6731614707      -31030.25680775249     57729.42729178819      
382107.7606065994      -10659.52607326229     -29981.7389633543      57729.45854178819      
382071.3195242895      -10628.3229424582      -28909.92709618431     57729.48979178819      
382046.224375643       -10588.64870508434     -27814.051176401       57729.52104178819      
382033.6937623505      -10540.03917533876     -26693.28531486516     57729.55229178819      
382035.0902300303      -10481.97258428637     -25546.74327841723     57729.58354178819      
382051.9436517448      -10413.85930304004     -24373.47387341976     57729.61479178819      
382085.9795109461      -10335.02928284872     -23172.45635376111     57729.64604178819      
382139.153348395       -10244.71658307716     -21942.59611557004     57729.67729178819      
382213.6930252221      -10142.04017608743     -20682.72110727615     57729.70854178819      
382312.1509797829      -10025.97994748417     -19391.57964564523     57729.73979178819      
382437.4693736269      -9895.346420854121     -18067.84074354927     57729.77104178819      
382593.0620076923      -9748.742231475018     -16710.09871862451     57729.80229178819      
382782.918254224       -9584.512643012451     -15316.88492327608     57729.83354178819      
383011.7361452826      -9400.681353532216     -13886.69118795142     57729.86479178819      
383285.0943902991      -9194.866389813897     -12418.01247314509     57729.89604178819      
383609.6767246385      -8964.168817819007     -10909.42111304746     57729.92729178819      
383993.5668925549      -8705.024081845995     -9359.693395056212     57729.95854178819      
384446.6388597878      -8413.001863479478     -7768.023760763442     57729.98979178819      
384981.0739652372      -8082.535393638274     -6134.387595388066     57730.02104178819      
385612.0418437413      -7706.556092292803     -4460.159468731412     57730.05229178819      
386358.5756845637      -7276.008211674091     -2749.175988528744     57730.08354178819      
387244.6270234354      -6779.233516792978     -1009.577654726807     57730.11479178819      
388069.0894490936      -6326.783201135144     385.1159592469376      57730.13965892742      
388906.5664623314      -5874.00652439821      1621.486109022984      57730.16176660258      
389850.3842410722      -5369.497341553026     2831.651992352549      57730.18372731438      
390813.285705029       -4859.012752892402     3894.778069596598      57730.20361296072      
391790.1151495737      -4343.856343553079     4818.970628826777      57730.22175564791      
392780.2814179542      -3823.17877792064      5614.822262656365      57730.23851198996      
393788.7341456264      -3293.453860361805     6293.589390038469      57730.25426128622      
394784.4275187424      -2770.260611060214     6844.110796887512      57730.2688100285       
395782.6061887932      -2245.061121690633     7285.086803945602      57730.28264801461      
396788.6993013557      -1714.618549626992     7623.849350108849      57730.29605648766      
397771.3970070524      -1195.243765553872     7857.327080202518      57730.30881486597      
398742.5928764504      -680.61739590865       7997.279060818255      57730.3212549304       
399700.957467609       -171.4940103356821     8049.693521706344      57730.3335067288       
400663.5280384207      341.0707151260922      8018.729009162682      57730.34591992865      
401669.0826709134      877.626493721049       7898.474813968794      57730.35913941024      
402698.6848868084      1427.873633778157      7683.336643520086      57730.37308696347      
403768.8353077058      2000.253197745231      7361.56722559861       57730.38818637771      
404851.8839240805      2579.386885434091      6933.894024663756      57730.40426712322      
405873.57588129        3124.869770849449      6435.603948163125      57730.42033976938      
406869.9368403537      3655.261189591856      5859.719620228596      57730.43701776058      
407858.2315678241      4178.954894269995      5199.017323383789      57730.45470134486      
408851.5164227798      4701.859788495263      4442.900868484066      57730.4737925736       
409838.3541280385      5216.782315108187      3597.417317683379      57730.49425736476      
410856.3508005082      5741.716604523077      2623.0401793903        57730.51715368352      
411895.1733659943      6269.037511310104      1516.884621499212      57730.54265304241      
412911.0341924317      6774.437647764586      320.0975735994289      57730.56997391847      
413932.6461218844      7269.967191506383      -1005.307491074018     57730.60017632397      
414892.9778200762      7721.477771051652      -2370.309106363551     57730.63142632397      
415768.3668366462      8118.427805149451      -3722.659051343559     57730.66267632397      
416569.9339639884      8467.308716650521      -5058.438330491841     57730.69392632397      
417306.827543051       8773.553557826388      -6375.246223987506     57730.72517632397      
417986.6295270791      9041.738101972329      -7671.676393745634     57730.75642632397      
418615.6742037348      9275.743473170063      -8946.979684486803     57730.78767632397      
419199.2962565492      9478.885647956864      -10200.84372844265     57730.81892632397      
419742.0237418904      9654.018109345112      -11433.2468396375      57730.85017632397      
420247.7287690029      9803.613294912517      -12644.35993699918     57730.88142632397      
420719.7458462519      9929.827471598343      -13834.48000546076     57730.91267632397      
421160.9654806536      10034.5527082408       -15003.98456723364     57730.94392632397      
421573.9087576117      10119.45877515429      -16153.30033458886     57730.97517632397      
421960.7872162312      10186.0271455929       -17282.88154794518     57731.00642632397      
422323.5512791064      10235.57878604212      -18393.19499721073     57731.03767632397      
422663.9297096346      10269.29701925646      -19484.70969598888     57731.06892632397      
422983.4619843841      10288.24645115328      -20557.88981917768     57731.10017632397      
423283.5250301962      10293.38874798877      -21613.18994289225     57731.13142632397      
423565.3554477652      10285.59586349985      -22651.05191554381     57731.16267632397      
423830.0680955172      10265.66118631498      -23671.90288734235     57731.19392632397      
424078.6717187692      10234.30899623602      -24676.15416274992     57731.22517632397      
424312.0821654779      10192.20252361721      -25664.20063627738     57731.25642632397      
424531.1336188974      10139.95084636564      -26636.42063956816     57731.28767632397      
424736.5881910158      10078.11483015763      -27593.1760756921      57731.31892632397      
424929.1441539362      10007.21226310802      -28534.81275089999     57731.35017632397      
425109.4430336477      9927.722307062053      -29461.66083880748     57731.38142632397      
425278.0757485537      9840.089382340393      -30374.03542987803     57731.41267632397      
425435.5879424413      9744.726566558449      -31272.23713210144     57731.44392632397      
425582.4846350945      9642.018573219022      -32156.55269828379     57731.47517632397      
425719.2342920571      9532.324381556526      -33027.255662343       57731.50642632397      
425846.2723982693      9415.979561544176      -33884.60697213297     57731.53767632397      
425964.0046063141      9293.298329941972      -34728.85561009183     57731.56892632397      
426072.8095182027      9164.575384548796      -35560.23919578725     57731.60017632397      
426173.0411506755      9030.087540587003      -36378.98456647388     57731.63142632397      
426265.0311262702      8890.095188615644      -37185.30833327362     57731.66267632397      
426349.0906256394      8744.843607543426      -37979.41741168392     57731.69392632397      
426425.5121316945      8594.564145314045      -38761.50952590772     57731.72517632397      
426494.5709917059      8439.47527719523       -39531.77368706916     57731.75642632397      
426556.5268194195      8279.783567332852      -40290.39064577653     57731.78767632397      
426611.6247565025      8115.684539463698      -41037.5333197719      57731.81892632397      
426660.0966099969      7947.363461068391      -41773.3671975892      57731.85017632397      
426702.1618798587      7774.996062546863      -42498.05071925756     57731.88142632397      
426738.0286892317      7598.749188569567      -43211.73563515206     57731.91267632397      
426767.8946281353      7418.781396416656      -43914.56734412139     57731.94392632397      
426791.9475202095      7235.243496609415      -44606.68521202294     57731.97517632397      
426810.3661205517      7048.279053764782      -45288.22287177807     57732.00642632397      
426823.3207520135      6858.02484630742       -45959.30850602983     57732.03767632397      
426830.9738864345      6664.61128310093       -46620.06511344447     57732.06892632397      
426833.4806762207      6468.16279265378       -47270.6107596533      57732.10017632397      
426830.9894413441      6268.798182100047      -47911.05881378205     57732.13142632397      
426823.6421162452      6066.630962775202      -48541.518171465       57732.16267632397      
426811.574660342       5861.769656982888      -49162.0934651895      57732.19392632397      
426794.9174357132      5654.318082205897      -49772.88526276773     57732.22517632397      
426773.7955551179      5444.375608739916      -50373.99025468347     57732.25642632397      
426748.3292029294      5232.037404648847      -50965.50143101354     57732.28767632397      
426718.6339315368      5017.39466364219       -51547.50824858154     57732.31892632397      
426684.8209354873      4800.534811282483      -52120.09678895569     57732.35017632397      
426646.9973051862      4581.541702945888      -52683.34990786506     57732.38142632397      
426605.2662620156      4360.495808684784      -53237.3473765684      57732.41267632397      
426559.7273765304      4137.474380000691      -53782.16601567569     57732.44392632397      
426510.476771024       3912.551612299059      -54317.87982188817     57732.47517632397      
426457.6073078873      3685.798793131689      -54844.56008809184     57732.50642632397      
426401.208764847       3457.284445119822      -55362.27551721007     57732.53767632397      
426341.367998253       3227.07445349406       -55871.09233019401     57732.56892632397      
426278.1690952523      2995.232191723768      -56371.07436850319     57732.60017632397      
426211.6935157924      2761.818639782436      -56862.28319140726     57732.63142632397      
426142.0202252867      2526.892489507132      -57344.77816841482     57732.66267632397      
426069.2258185708      2290.510249725066      -57818.6165671183      57732.69392632397      
425993.3846358656      2052.726345533902      -58283.85363672158     57732.72517632397      
425914.568871378       1813.593206047095      -58740.5426875017      57732.75642632397      
425832.8486750126      1573.161353190681      -59188.73516643932     57732.78767632397      
425748.292247744       1331.479485816384      -59628.48072923612     57732.81892632397      
425660.9659311285      1088.594553340212      -60059.8273089238      57732.85017632397      
425570.9342913209      844.5518321056297      -60482.82118125779     57732.88142632397      
425478.2601980303      599.394993886177       -60897.50702707328     57732.91267632397      
425383.0048987437      353.1661749386694      -61303.92799177275     57732.94392632397      
425285.2280885704      105.9060349580868      -61702.12574210242     57732.97517632397      
425184.9879759757      -142.3461809241599     -62092.14052036461     57733.00642632397      
425082.3413447042      -391.5525830104598     -62474.01119620459     57733.03767632397      
424977.3436121447      -641.6765867308677     -62847.77531610287     57733.06892632397      
424870.0488843632      -892.6828587220662     -63213.46915069317     57733.10017632397      
424760.5100080359      -1144.537265255363     -63571.12774002185     57733.13142632397      
424648.7786194676      -1397.206829016613     -63920.78493685583     57733.16267632397      
424534.905190895       -1650.659681813177     -64262.47344814089     57733.19392632397      
424418.9390742526      -1904.865019213732     -64596.22487470409     57733.22517632397      
424300.9285425309      -2159.793063164725     -64922.06974929189     57733.25642632397      
424180.9208289171      -2415.415019476004     -65240.03757302629     57733.28767632397      
424058.962163823       -2671.703041017139     -65550.15685035991     57733.31892632397      
423935.0978099625      -2928.630188309005     -65852.45512260421     57733.35017632397      
423809.3720955397      -3186.170398385329     -66146.95900010114     57733.38142632397      
423681.8284457283      -3444.298448820096     -66433.69419310622     57733.41267632397      
423552.5094125193      -3702.989923000292     -66712.6855414438      57733.44392632397      
423421.4567029843      -3962.221182757628     -66983.95704299581     57733.47517632397      
423288.7112061277      -4221.969335929909     -67247.53188107884     57733.50642632397      
423154.3130183808      -4482.212204960233     -67503.43245076358     57733.53767632397      
423018.3014677507      -4742.928302667995     -67751.68038418528     57733.56892632397      
422880.7151368135      -5004.096802067008     -67992.29657489485     57733.60017632397      
422741.5918845243      -5265.697511181912     -68225.30120129316     57733.63142632397      
422600.9688669911      -5527.71084454799      -68450.71374919292     57733.66267632397      
422458.8825571454      -5790.117802375673     -68668.55303354761     57733.69392632397      
422315.3687635193      -6052.899944238725     -68878.83721938585     57733.72517632397      
422170.4626481138      -6316.03936343794      -69081.58384198764     57733.75642632397      
422024.1987433232      -6579.518668224853     -69276.8098263366      57733.78767632397      
421876.6109681212      -6843.320957415919     -69464.53150588155     57733.81892632397      
421727.7326434823      -7107.429796569544     -69644.76464063731     57733.85017632397      
421577.5965069769      -7371.829200924025     -69817.52443465634     57733.88142632397      
421426.2347267758      -7636.503611922089     -69982.82555289681     57733.91267632397      
421273.6789149361      -7901.437878358389     -70140.68213751583     57733.94392632397      
421119.960140136       -8166.617233810506     -70291.10782361247     57733.97517632397      
420965.1089396972      -8432.027281420178     -70434.11575444539     57734.00642632397      
420809.1553311577      -8697.65397282608      -70569.71859614752     57734.03767632397      
420652.1288233203      -8963.483587451043     -70697.92855196055     57734.06892632397      
420494.0584266751      -9229.50271838596      -70818.75737601063     57734.10017632397      
420334.9726634649      -9495.698252341026     -70932.21638664401     57734.13142632397      
420174.8995773041      -9762.057349886516     -71038.31647934436     57734.16267632397      
420013.8667422325      -10028.56743223414     -71137.0681392479      57734.19392632397      
419851.9012715088      -10295.21616131689     -71228.48145327576     57734.22517632397      
419689.0298259257      -10561.99142428346     -71312.56612189925     57734.25642632397      
419525.2786218537      -10828.8813140275      -71389.33147055615     57734.28767632397      
419360.6734387694      -11095.87411689685     -71458.78646073146     57734.31892632397      
419195.2396265992      -11362.95829431145     -71520.93970071999     57734.35017632397      
419029.002112753       -11630.12246454526     -71575.7994560832      57734.38142632397      
418861.9854086964      -11897.35539095294     -71623.37365981619     57734.41267632397      
418694.2136164145      -12164.64596335105     -71663.66992223724     57734.44392632397      
418525.7104344975      -12431.98318371838     -71696.69554061288     57734.47517632397      
418356.4991640847      -12699.35614780674     -71722.45750853234     57734.50642632397      
418186.6027143652      -12966.75403385897     -71740.96252504183     57734.53767632397      
418016.0436080234      -13234.16608510858     -71752.21700355265     57734.56892632397      
417844.8439864705      -13501.58159234713     -71756.22708053245     57734.60017632397      
417673.0256146741      -13768.98988287355     -71752.9986239929      57734.63142632397      
417500.6098860005      -14036.38030247419     -71742.53724178387     57734.66267632397      
417327.6178267365      -14303.74220165808     -71724.84828970399     57734.69392632397      
417154.0701005736      -14571.06491769749     -71699.93687943993     57734.72517632397      
416979.9870126849      -14838.33776372619     -71667.80788634335     57734.75642632397      
416805.38851385        -15105.5500115135      -71628.46595705586     57734.78767632397      
416630.2942044337      -15372.69087422784     -71581.91551699211     57734.81892632397      
416454.7233379957      -15639.74949553638     -71528.16077769075     57734.85017632397      
416278.694825009       -15906.71493163232     -71467.20574404331     57734.88142632397      
416102.2272362995      -16173.57613746309     -71399.05422140987     57734.91267632397      
415925.3388065173      -16440.32194867821     -71323.70982263109     57734.94392632397      
415748.0474372292      -16706.94107059636     -71241.17597494747     57734.97517632397      
415570.3707001362      -16973.42206075499     -71151.45592683334     57735.00642632397      
415392.3258401944      -17239.75331138423     -71054.55275475598     57735.03767632397      
415213.9297783867      -17505.92303818063     -70950.46936986984     57735.06892632397      
415035.1991146809      -17771.91926191589     -70839.2085246541      57735.10017632397      
414856.1501307302      -18037.72979420235     -70720.77281950429     57735.13142632397      
414676.7987926728      -18303.34221889945     -70595.16470928668     57735.16267632397      
414497.1607535534      -18568.74388051188     -70462.38650986576     57735.19392632397      
414317.2513559441      -18833.92186608195     -70322.44040461483     57735.22517632397      
414137.0856345032      -19098.86298694837     -70175.32845091839     57735.25642632397      
413956.6783181916      -19363.55376677731     -70021.05258667876     57735.28767632397      
413776.043832743       -19627.98042233877     -69859.61463683442     57735.31892632397      
413595.1963028921      -19892.12884840399     -69691.01631990339     57735.35017632397      
413414.1495547522      -20155.98459820839     -69515.2592545606      57735.38142632397      
413232.9171178162      -20419.53287088418     -69332.34496626096     57735.41267632397      
413051.5122272131      -20682.7584923044      -69142.27489391946     57735.44392632397      
412869.9478259369      -20945.64589573866     -68945.0503966604      57735.47517632397      
412688.2365667292      -21208.17910875906     -68740.67276064619     57735.50642632397      
412506.3908142775      -21470.34173280425     -68529.14320600033     57735.53767632397      
412324.422647182       -21732.1169268339      -68310.4628938352      57735.56892632397      
412142.3438601146      -21993.48738647702     -68084.63293339938     57735.60017632397      
411960.165965598       -22254.43533013172     -67851.65438935747     57735.63142632397      
411777.9001961333      -22514.94247767826     -67611.52828921635     57735.66267632397      
411595.5575060964      -22774.99003326467     -67364.25563091296     57735.69392632397      
411413.1485738583      -23034.55866354772     -67109.83739057854     57735.72517632397      
411230.6838035136      -23293.62848287781     -66848.27453049489     57735.75642632397      
411048.1733269573      -23552.1790317717      -66579.56800725979     57735.78767632397      
410865.6270059702      -23810.18925512202     -66303.71878017741     57735.81892632397      
410683.0544339526      -24067.6374866285      -66020.72781989265     57735.85017632397      
410500.4649380671      -24324.50142576443     -65730.59611728677     57735.88142632397      
410317.867581156       -24580.75811879165     -65433.32469265437     57735.91267632397      
410135.271163926       -24836.38393516982     -65128.91460518127     57735.94392632397      
409952.6842267386      -25091.35455090177     -64817.36696274411     57735.97517632397      
409770.1150518006      -25345.64492509805     -64498.68293205395     57736.00642632397      
409587.5716653952      -25599.22927624088     -64172.86374916518     57736.03767632397      
409405.0618397571      -25852.08106466514     -63839.91073037531     57736.06892632397      
409222.5930954205      -26104.17296750742     -63499.82528353942     57736.10017632397      
409040.1727033506      -26355.47685769461     -63152.60891982348     57736.13142632397      
408857.8076873968      -26605.9637782771      -62798.26326592659     57736.16267632397      
408675.5048263469      -26855.603923709       -62436.790076797       57736.19392632397      
408493.2706564952      -27104.36661356697     -62068.19124887338     57736.22517632397      
408311.1114740054      -27352.22027031433     -61692.46883388053     57736.25642632397      
408129.0333376291      -27599.13239239335     -61309.62505321164     57736.28767632397      
407947.0420710288      -27845.06953428267     -60919.66231293087     57736.31892632397      
407765.1432656643      -28089.9972789766      -60522.58321942978     57736.35017632397      
407583.3422834852      -28333.88021452567     -60118.39059577444     57736.38142632397      
407401.6442600219      -28576.6819059047      -59707.08749878017     57736.41267632397      
407220.0541070937      -28818.36487387739     -59288.67723685378     57736.44392632397      
407038.5765160798      -29058.89056701365     -58863.16338864322     57736.47517632397      
406857.215961328       -29298.21933341798     -58430.54982253726     57736.50642632397      
406675.9767032446      -29536.31039876575     -57990.84071705975     57736.53767632397      
406494.8627920435      -29773.12183678381     -57544.04058220379     57736.56892632397      
406313.8780713539      -30008.61054385205     -57090.15428175221     57736.60017632397      
406133.0261823179      -30242.73220898486     -56629.18705663631     57736.63142632397      
405952.3105673507      -30475.44129092634     -56161.14454938253     57736.66267632397      
405771.7344746328      -30706.69098772798     -55686.03282969966     57736.69392632397      
405591.3009625045      -30936.43321054883     -55203.85842126254     57736.72517632397      
405411.012904424       -31164.61855290437     -54714.62832974886     57736.75642632397      
405230.8729936361      -31391.19626713744     -54218.35007218724     57736.78767632397      
405050.8837486589      -31616.11423345923     -53715.03170767831     57736.81892632397      
404871.0475187395      -31839.3189333419      -53204.68186954969     57736.85017632397      
404691.3664899641      -32060.7554184808      -52687.30979901089     57736.88142632397      
404511.8426911461      -32280.36728714249     -52162.92538037365     57736.91267632397      
404332.4780005869      -32498.09665396387     -51631.53917790453     57736.94392632397      
404153.274153241       -32713.88411986636     -51093.16247438073     57736.97517632397      
403974.232747782       -32927.66874878775     -50547.80731141986     57737.00642632397      
403795.3552547033      -33139.38803728203     -49995.48653165501     57737.03767632397      
403616.6430245595      -33348.97788885196     -49436.21382283082     57737.06892632397      
403438.0972970885      -33556.37258422913     -48870.00376389353     57737.10017632397      
403259.7192103011      -33761.50475950473     -48296.87187315157     57737.13142632397      
403081.50981077        -33964.30537741586     -47716.83465858418     57737.16267632397      
402903.4700642067      -34164.70370370644     -47129.90967037212     57737.19392632397      
402725.6008671001      -34362.62727978436     -46536.11555573085     57737.22517632397      
402547.9030584812      -34558.00190363556     -45935.47211611987     57737.25642632397      
402370.3774330982      -34750.75160429697     -45328.00036690632     57737.28767632397      
402193.0247550709      -34940.79862186761     -44713.72259955516     57737.31892632397      
402015.8457728304      -35128.0633842948      -44092.66244642215     57737.35017632397      
401838.8412343999      -35312.46449295952     -43464.84494821829     57737.38142632397      
401662.01190434        -35493.91870236822     -42830.29662421413     57737.41267632397      
401485.3585814222      -35672.34090599782     -42189.04554524893     57737.44392632397      
401308.8821178654      -35847.64411955374     -41541.12140960459     57737.47517632397      
401132.583439183       -36019.73947373515     -40886.55562179929     57737.50642632397      
400956.463566009       -36188.53620182845     -40225.38137434892     57737.53767632397      
400780.5236369588      -36353.94163424996     -39557.63373253908     57737.56892632397      
400604.7649333926      -36515.8611913274      -38883.34972223939     57737.60017632397      
400429.1889051184      -36674.19838649093     -38202.56842078565     57737.63142632397      
400253.7971984532      -36828.85482521544     -37515.33105094102     57737.66267632397      
400078.5916856844      -36979.73021191367     -36821.68107793742     57737.69392632397      
399903.5744968361      -37126.72235610578     -36121.66430958523     57737.72517632397      
399728.7480527653      -37269.72719011458     -35415.32899942028     57737.75642632397      
399554.1151010527      -37408.63878365397     -34702.72595284597     57737.78767632397      
399379.6787537167      -37543.34936758859     -33983.90863620257     57737.81892632397      
399205.4425276858      -37673.7493582272      -33258.93328868077     57737.85017632397      
399031.4103870437      -37799.72739447547     -32527.85903697007     57737.88142632397      
398857.5867885444      -37921.1703732382      -31790.74801250981     57737.91267632397      
398683.9767294147      -38037.96349542159     -31047.66547118168     57737.94392632397      
398510.585798395       -38149.99031392632     -30298.67991525432     57737.97517632397      
398337.4202290169      -38257.13279602269     -29543.86321735996     57738.00642632397      
398164.4869566362      -38359.27138550574     -28783.29074624521     57738.03767632397      
397991.7936782122      -38456.28507703585     -28017.04149400804     57738.06892632397      
397819.3489157904      -38548.05149406355     -27245.19820448707     57738.10017632397      
397647.1620826505      -38634.44698276577     -26467.84750243605     57738.13142632397      
397475.2435536445      -38715.34670737502     -25685.08002306658     57738.16267632397      
397303.6047386669      -38790.62475932103     -24896.99054150126     57738.19392632397      
397132.2581601953      -38860.1542715554      -24103.67810163257     57738.22517632397      
396961.2175338104      -38923.80755047526     -23305.24614383085     57738.25642632397      
396790.4978531849      -38981.45621075921     -22501.80263089956     57738.28767632397      
396620.1154784172      -39032.9713254942      -21693.46017162062     57738.31892632397      
396450.0882285897      -39078.22358287025     -20880.33614118467     57738.35017632397      
396280.4354773732      -39117.08346177851     -20062.5527977467      57738.38142632397      
396111.1782530971      -39149.42141148435     -19240.23739429851     57738.41267632397      
395942.3393420525      -39175.10804762872     -18413.52228499638     57738.44392632397      
395773.9433958085      -39194.01435565549     -17582.54502503632     57738.47517632397      
395606.0170412348      -39206.01191382585     -16747.44846312294     57738.50642632397      
395438.5889945329      -39210.9731207514      -15908.38082553088     57738.53767632397      
395271.6901778891      -39208.77143947188     -15065.49579072563     57738.56892632397      
395105.3538393832      -39199.2816488896      -14218.95255347094     57738.60017632397      
394939.6156746766      -39182.38011443615     -13368.91587732709     57738.63142632397      
394774.5139516109      -39157.94506255617     -12515.55613441969     57738.66267632397      
394610.089636141       -39125.85687069271     -11659.04933135107     57738.69392632397      
394446.3865200453      -39085.99836319457     -10799.57712012058     57738.72517632397      
394283.4513487317      -39038.25512462772     -9937.326792929176     57738.75642632397      
394121.3339500641      -38982.51581463031     -9072.491259764181     57738.78767632397      
393960.0873624971      -38918.67249480371     -8205.269007688825     57738.81892632397      
393799.767962226       -38846.6209628868      -7335.864040812798     57738.85017632397      
393640.4355890113      -38766.2610893296      -6464.485799972346     57738.88142632397      
393482.1536688088      -38677.49716640931     -5591.34906123011      57738.91267632397      
393324.9893338698      -38580.23825340535     -4716.673812391149     57738.94392632397      
393169.013538282       -38474.39852849545     -3840.685106838879     57738.97517632397      
393014.3011689362      -38359.89763671708     -2963.612894117221     57739.00642632397      
392860.9311498285      -38236.66104444952     -2085.691826822294     57739.03767632397      
392708.9865402097      -38104.62038349453     -1207.161043519038     57739.06892632397      
392558.5546244413      -37963.71379503492     -328.2639275658294     57739.10017632397      
392409.7269934577      -37813.88626245524     550.7521580903558      57739.13142632397      
392262.5996156971      -37655.08994318696     1429.636159893882      57739.16267632397      
392117.272897984       -37487.28448240204     2308.133645980532      57739.19392632397      
391973.8517342618      -37310.43731866092     3185.987141132995      57739.22517632397      
391832.4455421282      -37124.52397038684     4062.936483515194      57739.25642632397      
391693.1682851694      -36929.52831331045     4938.719202088163      57739.28767632397      
391556.1384817132      -36725.44283174937     5813.070913401287      57739.31892632397      
391421.4791981971      -36512.26885322564     6685.725736234745      57739.35017632397      
391289.3180268586      -36290.01676083638     7556.416722367052      57739.38142632397      
391159.7870475362      -36058.70617790679     8424.876301548764      57739.41267632397      
391033.0227720829      -35818.36613478434     9290.836738579528      57739.44392632397      
390909.1660724502      -35569.03520121281     10154.03060022678      57739.47517632397      
390788.3620911113      -35310.76159524474     11014.19122957753      57739.50642632397      
390670.7601345654      -35043.60325858535     11871.05322529824      57739.53767632397      
390556.5135488869      -34767.62790974336     12724.35292318102      57739.56892632397      
390445.7795788661      -34482.91305924235     13573.82887728952      57739.60017632397      
390338.719209989       -34189.54599873158     14419.22233797921      57739.63142632397      
390235.4969945282      -33887.62375480453     15260.27772406329      57739.66267632397      
390136.2808613016      -33577.25301985868     16096.74308641368      57739.69392632397      
390041.2419111578      -33258.55004521002     16928.37056034997      57739.72517632397      
389950.5541980707      -32931.64050852105     17754.91680424777      57739.75642632397      
389864.3944971659      -32596.65935263071     18576.1434219181       57739.78767632397      
389782.942061086       -32253.7505930935      19391.81736644934      57739.81892632397      
389706.3783649479      -31903.0671071517      20201.71132337165      57739.85017632397      
389634.8868424282      -31544.7703904341      21005.60407119674      57739.88142632397      
389568.6526133189      -31179.03029522682     21803.28081759145      57739.91267632397      
389507.8622046944      -30806.02474300811     22594.53350967464      57739.94392632397      
389452.7032661616      -30425.9394253667      23379.16111716129      57739.97517632397      
389403.3642818653      -30038.96748013271     24156.96988732766      57740.00642632397      
389360.0342798072      -29645.30915625109     24927.77357102363      57740.03767632397      
389322.9025402477      -29245.17146576333     25691.39361920787      57740.06892632397      
389292.158304904       -28838.76782128081     26447.65934973756      57740.10017632397      
389267.9904874902      -28426.31767255763     27196.40808438326      57740.13142632397      
389250.587388083       -28008.04612910603     27937.48525627931      57740.16267632397      
389240.1364116856      -27584.18358315084     28670.74448823911      57740.19392632397      
389236.8237928629      -27154.96532584144     29396.04764257619      57740.22517632397      
389240.8343267092      -26720.63117087512     30113.26484326058      57740.25642632397      
389252.3511082592      -26281.42507216828     30822.27447141487      57740.28767632397      
389271.5552804706      -25837.59474875667     31522.96313530669      57740.31892632397      
389298.6257918896      -25389.39131474785     32215.22561612565      57740.35017632397      
389333.7391649738      -24937.06891201368     32898.96479094743      57740.38142632397      
389377.0692749598      -24480.8843584158      33574.09153437408      57740.41267632397      
389428.7871407875      -24021.09679753811     34240.52460041149      57740.44392632397      
389489.0607277574      -23557.96736242867     34898.19048619525      57740.47517632397      
389558.054762493       -23091.75885046873     35547.02327920317      57740.50642632397      
389635.9305606518      -22622.73540627199     36186.96448960748      57740.53767632397      
389722.8458668275      -22151.16222493679     36817.96286941347      57740.56892632397      
389818.9547076029      -21677.30526062831     37439.97422001245      57740.60017632397      
389924.4072569878      -21201.43095318463     38052.96118974252      57740.63142632397      
390039.3497146438      -20723.80596389704     38656.89306300334      57740.66267632397      
390163.92419605        -20244.69693280569     39251.74554241725      57740.69392632397      
390298.2686351935      -19764.37024228457     39837.50052546125      57740.72517632397      
390442.516698862       -19283.09179832949     40414.14587692384      57740.75642632397      
390596.7977124064      -18801.1268256019      40981.67519846164      57740.78767632397      
390761.2365967604      -18318.73967219561     41540.08759644764      57740.81892632397      
390935.9538157485      -17836.19363533102     42089.38744921857      57740.85017632397      
391121.0653339659      -17353.75079234515     42629.58417474235      57740.88142632397      
391316.6825842055      -16871.67184807261     43160.69199963735      57740.91267632397      
391522.9124441332      -16390.21599437277     43682.72973039052      57740.94392632397      
391739.8572218672      -15909.64077751432     44195.72052753337      57740.97517632397      
391967.6146494736      -15430.20198443269     44699.69168345349      57741.00642632397      
392206.2778845138      -14952.15353203213     45194.67440443778      57741.03767632397      
392455.9355186255      -14475.7473712799      45680.70359746547      57741.06892632397      
392716.6715929986      -14001.23339636598     46157.81766219775      57741.10017632397      
392988.5656197954      -13528.85937068678     46626.05828853612      57741.13142632397      
393271.6926096044      -13058.87085377372     47085.47026006418      57741.16267632397      
393566.1231040283      -12591.51114016157     47536.10126361805      57741.19392632397      
393871.9232131011      -12127.02120585472     47978.00170518053      57741.22517632397      
394189.1546572109      -11665.63965803647     48411.22453223853      57741.25642632397      
394517.874812753       -11207.60269908853     48835.82506269802      57741.28767632397      
394858.1367615879      -10753.14408905391     49251.86082040548      57741.31892632397      
395209.9893435661      -10302.4951176398      49659.39137728872      57741.35017632397      
395573.4772118797      -9855.884581481041     50058.47820209171      57741.38142632397      
395948.6408909938      -9413.538762388926     50449.184515651        57741.41267632397      
396335.5168365425      -8975.681417774977     50831.57515263049      57741.44392632397      
396734.1374972789      -8542.533767436063     51205.71642961062      57741.47517632397      
397144.5313785024      -8114.314487930198     51571.67601940564      57741.50642632397      
397566.7231068008      -7691.239710356422     51929.52283146633      57741.53767632397      
398000.733495936       -7273.523017350002     52279.3268982108       57741.56892632397      
398446.5796134158      -6861.375450627675     52621.15926711363      57741.60017632397      
398904.2748478494      -6455.005513314958     52955.0918983748       57741.63142632397      
399373.8289766627      -6054.619178426459     53281.19756798154      57741.66267632397      
399855.2482340747      -5660.419899395129     53599.54977597203      57741.69392632397      
400348.5353792298      -5272.608618541926     53910.2226597044       57741.72517632397      
400853.689764163       -4891.383784954895     54213.29091193418      57741.75642632397      
401370.7074016941      -4516.94136603966      54508.82970350174      57741.78767632397      
401899.5810329575      -4149.474864237476     54796.91461043115      57741.81892632397      
402440.300194516       -3789.175334874133     55077.62154524496      57741.85017632397      
402992.851284998       -3436.2314010876       55351.02669230044      57741.88142632397      
403557.2176310503      -3090.829277426172     55617.2064469566       57741.91267632397      
404133.3795526868      -2753.152786377483     55876.23735838618      57741.94392632397      
404721.3144278427      -2423.383379438899     56128.19607584963      57741.97517632397      
405320.9967561157      -2101.700158733824     56373.15929825437      57742.00642632397      
405932.3982216625      -1788.279895157415     56611.20372682769      57742.03767632397      
406555.4877551306      -1483.297054751019     56842.40602073728      57742.06892632397      
407190.2315946828      -1186.92381753707      57066.84275549911      57742.10017632397      
407836.5933460032      -899.3301005242683     57284.59038401892      57742.13142632397      
408494.5340412899      -620.6835809098629     57495.72520011902      57742.16267632397      
409164.0121972084      -351.1497154777826     57700.32330440955      57742.19392632397      
409844.9838717646      -90.89176798630797     57898.46057236786      57742.22517632397      
410537.4027201175      159.9291712731865      58090.2126244976       57742.25642632397      
411241.2200492887      401.1541619484633      58275.65479844419      57742.28767632397      
411956.3848717749      632.6263908915207      58454.86212294959      57742.31892632397      
412682.8439580558      854.1911486603276      58627.90929353572      57742.35017632397      
413420.5418879867      1065.695810048201      58794.87064981094      57742.38142632397      
414169.4211010938      1266.989806743768      58955.82015429994      57742.41267632397      
414929.4219457511      1457.924608026915      59110.83137270382      57742.44392632397      
415700.4827272583      1638.353697602994      59259.9774555003       57742.47517632397      
416482.5397548223      1808.132550554175      59403.33112080162      57742.50642632397      
417275.5273874304      1967.118614422849      59540.96463839068      57742.53767632397      
418079.3780786722      2115.17128244778       59672.94981486198      57742.56892632397      
418894.0224204551      2252.151874946154      59799.35797979748      57742.60017632397      
419719.3891856716      2377.923616864129      59920.2599729131       57742.63142632397      
420555.4053698152      2492.351615492284      60035.72613211411      57742.66267632397      
421401.9962315329      2595.302842381338      60145.82628240329      57742.69392632397      
422259.0853321953      2686.646107397424      60250.62972558817      57742.72517632397      
423126.5945744069      2766.252041008327      60350.20523073829      57742.75642632397      
424004.4442395396      2833.993072744248      60444.62102534585      57742.78767632397      
424892.5530242745      2889.74341066138       60533.94478714711      57742.81892632397      
425790.838076179       2933.379020198165      60618.24363656463      57742.85017632397      
426699.2150283025      2964.777607295939      60697.58412973319      57742.88142632397      
427617.5980328824      2983.818593622629      60772.03225207514      57742.91267632397      
428545.8997940764      2990.383100121326      60841.65341239324      57742.94392632397      
429484.0315998114      2984.353926727825      60906.5124374517       57742.97517632397      
430431.903352741       2965.615532307231      60966.67356701817      57743.00642632397      
431389.4236003027      2934.054018905874      61022.2004493415       57743.03767632397      
432356.4995639693      2889.557108070556      61073.15613704224      57743.06892632397      
433333.0371676052      2832.014125572394      61119.60308339428      57743.10017632397      
434318.9410650281      2761.315982292912      61161.6031389783       57743.13142632397      
435314.1146667549      2677.355156174926      61199.2175486886       57743.16267632397      
436318.4601659661      2580.025673601795      61232.50694907682      57743.19392632397      
437331.8785636734      2469.223095156132      61261.53136601733      57743.22517632397      
438354.2696931795      2344.844493400698      61286.35021267992      57743.25642632397      
439385.5322437558      2206.788439164338      61307.02228779736      57743.28767632397      
440425.5637836234      2054.954983982403      61323.60577421533      57743.31892632397      
441474.2607822297      1889.245643636968      61336.15823771441      57743.35017632397      
442531.5186318434      1709.563381146641      61344.73662609352      57743.38142632397      
443597.2316684715      1515.812594201427      61349.39726850604      57743.41267632397      
444671.2931921581      1307.899094571971      61350.19587503983      57743.44392632397      
445753.5954866239      1085.730096127358      61347.18753653307      57743.47517632397      
446844.0298383106      849.214198996553       61340.42672461929      57743.50642632397      
447942.4865548306      598.2613740248307      61329.96729199388      57743.53767632397      
449048.8549828379      332.7829517301325      61315.8624728967       57743.56892632397      
450163.0235253504      52.69160318792092      61298.1648838042       57743.60017632397      
451284.8796585267      -242.0986703900526     61276.92652432591      57743.63142632397      
452414.3099479247      -551.6725519481115     61252.19877829992      57743.66267632397      
453551.2000642601      -876.1134217206982     61224.03241508246      57743.69392632397      
454695.4347986751      -1215.503370890203     61192.47759102686      57743.72517632397      
455846.8980775558      -1569.923210686444     61157.58385114751      57743.75642632397      
457005.472976875       -1939.452489621207     61119.40013096415      57743.78767632397      
458171.0417361277      -2324.169501933107     61077.9747585228       57743.81892632397      
459343.4857718432      -2724.151299930742     61033.35545658866      57743.85017632397      
460522.6856907011      -3139.473705157928     60985.58934500747      57743.88142632397      
461708.5213022633      -3570.211320081953     60934.72294323106      57743.91267632397      
462900.8716313773      -4016.43753517422      60880.80217300342      57743.94392632397      
464099.6149301676      -4478.224544204335     60823.87236120304      57743.97517632397      
465304.6286897646      -4955.643350658293     60763.97824283825      57744.00642632397      
466515.7896516891      -5448.763778095695     60701.16396419112      57744.03767632397      
467732.9738189452      -5957.654479322165     60635.47308610624      57744.06892632397      
468956.0564668244      -6482.382946097582     60566.94858742056      57744.10017632397      
470184.9121535009      -7023.015514199341     60495.63286853035      57744.13142632397      
471419.4147302615      -7579.617376793274     60421.56775509095      57744.16267632397      
472659.437351616       -8152.252588854043     60344.79450184586      57744.19392632397      
473904.8524851305      -8740.984075579381     60265.35379658066      57744.22517632397      
475155.5319210652      -9345.873639626963     60183.28576419787      57744.25642632397      
476411.3467818015      -9966.981968912394     60098.62997090825      57744.28767632397      
477672.1675311822      -10604.36863973832     60011.42542853497      57744.31892632397      
478937.8639835034      -11258.0921283401      59921.71059892581      57744.35017632397      
480208.3053125329      -11928.20981341684     59829.5233984691       57744.38142632397      
481483.3600602985      -12614.77798272531     59734.90120270973      57744.41267632397      
482762.896145764       -13317.85183851575     59637.88085105982      57744.44392632397      
484046.7808733864      -14037.48550268462     59538.49865160057      57744.47517632397      
485334.8809415406      -14773.73202253372     59436.79038597037      57744.50642632397      
486627.0624509801      -15526.64337183477     59332.79131433467      57744.53767632397      
487923.1909129441      -16296.27046046228     59226.53618043355      57744.56892632397      
489223.1312574515      -17082.66313496022     59118.05921670196      57744.60017632397      
490526.7478413953      -17885.8701832526      59007.39414945835      57744.63142632397      
491833.904456604       -18705.93933822895     58894.57420415734      57744.66267632397      
493144.4643378149      -19542.9172819844      58779.63211070198      57744.69392632397      
494458.2901707806      -20396.84964537229     58662.60010881092      57744.72517632397      
495775.2440999889      -21267.7810162433      58543.5099534355       57744.75642632397      
497095.1877366999      -22155.75493856188     58422.39292022418      57744.78767632397      
498417.9821667876      -23060.81391576434     58299.27981102746      57744.81892632397      
499743.4879585982      -23982.9994130268      58174.20095944085      57744.85017632397      
501071.5651707965      -24922.35185933749     58047.18623638081      57744.88142632397      
502402.0733601602      -25878.91065028514     57918.26505568955      57744.91267632397      
503734.871589601       -26852.71414615801     57787.46637976416      57744.94392632397      
505069.8184357311      -27843.79967888685     57654.81872520683      57744.97517632397      
506406.7719968908      -28852.20354981008     57520.35016849116      57745.00642632397      
507745.5899009608      -29877.96103178663     57384.0883516411       57745.03767632397      
509086.1293132298      -30921.10637025707     57246.06048791861      57745.06892632397      
510428.2469442241      -31981.67278507412     57106.29336751611      57745.10017632397      
511771.7990578366      -33059.69246764212     56964.81336324999      57745.13142632397      
513116.6414789144      -34155.1965870327      56821.64643625202      57745.16267632397      
514462.6296014277      -35268.21528687674     56676.81814165396      57745.19392632397      
515809.6183963848      -36398.77768669019     56530.35363426372      57745.22517632397      
517157.4624198272      -37546.91188218215     56382.277674228        57745.25642632397      
518506.0158208514      -38712.64494545975     56232.61463267959      57745.28767632397      
519855.1323495865      -39896.00292606016     56081.38849736496      57745.31892632397      
521204.665365549       -41097.01084728659     55928.62287825084      57745.35017632397      
522554.4678453297      -42315.69271166896     55774.34101310447      57745.38142632397      
523904.3923909994      -43552.07149714165     55618.5657730477       57745.41267632397      
525254.2912381984      -44806.16915775213     55461.31966807958      57745.44392632397      
526604.0162643206      -46078.00662338113     55302.62485256666      57745.47517632397      
527953.418996725       -47367.60379940287     55142.50313069831      57745.50642632397      
529302.3506208855      -48674.97956722274     54980.97596190321      57745.53767632397      
530650.6619889928      -50000.15178010502     54818.06446622763      57745.56892632397      
531998.2036277317      -51343.13726826706     54653.78942967081      57745.60017632397      
533344.8257469237      -52703.95183462417     54488.17130947679      57745.63142632397      
534690.3782477716      -54082.61025514977     54321.23023938073      57745.66267632397      
536034.710731208       -55479.12627827458     54152.98603480733      57745.69392632397      
537377.6725062599      -56893.51262425516     53983.45819802079      57745.72517632397      
538719.1125983311      -58325.78098546078     53812.66592322379      57745.75642632397      
540058.8797580027      -59775.94202193432     53640.62810160435      57745.78767632397      
541396.8224688432      -61244.00536634409     53467.36332632975      57745.81892632397      
542732.7889562289      -62729.97961951497     53292.8898974855       57745.85017632397      
544066.6271956774      -64233.87235065285     53117.22582695902      57745.88142632397      
545398.1849212882      -65755.69009661939     52940.38884326602      57745.91267632397      
546727.3096341888      -67295.43836120264     52762.39639631991      57745.94392632397      
548053.8486108669      -68853.12161533773     52583.26566214235      57745.97517632397      
549377.6489120959      -70428.74329257196     52403.01354751497      57746.00642632397      
550698.5573906834      -72022.30579403962     52221.65669457032      57746.03767632397      
552016.4207003907      -73633.81048393852     52039.21148532358      57746.06892632397      
553331.0853042658      -75263.25768976318     51855.69404614231      57746.10017632397      
554642.3974830878      -76910.64670159799     51671.1202521557       57746.13142632397      
555950.2033438038      -78575.97577142032     51485.50573160127      57746.16267632397      
557254.3488279573      -80259.24211241567     51298.86587011005      57746.19392632397      
558554.6797199673      -81960.44189926902     51111.21581492973      57746.22517632397      
559851.0416560923      -83679.57026366358     50922.57047908481      57746.25642632397      
561143.28013199        -85416.62129940695     50732.94454547533      57746.28767632397      
562431.240511648       -87171.58805796719     50542.35247091243      57746.31892632397      
563714.7680356071      -88944.46254882836     50350.8084900918       57746.35017632397      
564993.7078293038      -90735.23573890649     50158.32661950473      57746.38142632397      
566267.904911394       -92543.89755198517     49964.92066128778      57746.41267632397      
567537.2042018935      -94370.43686914204     49770.60420700908      57746.44392632397      
568801.4505310982      -96214.84152434528     49575.39064139477      57746.47517632397      
570060.4886468853      -98077.09830977264     49379.29314599281      57746.50642632397      
571314.1632235777      -99957.19297145428     49182.32470277594      57746.53767632397      
572562.3188699937      -101855.1102097859     48984.49809768487      57746.56892632397      
573804.800137624       -103770.833679096      48785.8259241099       57746.60017632397      
575041.4515287838      -105704.3459872356     48586.32058631422      57746.63142632397      
576272.1175047357      -107655.628695191      48385.99430279636      57746.66267632397      
577496.6424935963      -109624.6623177004     48184.8591095954       57746.69392632397      
578714.8708991358      -111611.4263189937     47982.92686353689      57746.72517632397      
579926.6471077106      -113615.8991183525     47780.20924542121      57746.75642632397      
581131.815496991       -115638.0580858997     47576.71776315528      57746.78767632397      
582330.2204437501      -117677.8795433062     47372.46375482784      57746.81892632397      
583521.7063317973      -119735.3387635434     47167.45839172759      57746.85017632397      
584706.1175598801      -121810.4099706571     46961.71268130813      57746.88142632397      
585883.2985495541      -123903.0663395648     46755.23747009641      57746.91267632397      
587053.0937530171      -126013.2799958744     46548.04344654901      57746.94392632397      
588215.3476606959      -128141.0220167155     46340.14114385375      57746.97517632397      
589369.9048098683      -130286.2624266428     46131.54094268003      57747.00642632397      
590516.6097911188      -132448.9702034567     45922.25307387652      57747.03767632397      
591655.3072568843      -134629.1132741521     45712.28762111827      57747.06892632397      
592785.8419289086      -136826.6585158322     45501.65452350338      57747.10017632397      
593908.0586058726      -139041.5717556551     45290.36357810008      57747.13142632397      
595021.8021709895      -141273.8177707983     45078.42444244522      57747.16267632397      
596126.917599568       -143523.3602884458     44865.84663699419      57747.19392632397      
597223.2499662987      -145790.1619867901     44652.63954752363      57747.22517632397      
598310.6444537154      -148074.1844910632     44438.81242748801      57747.25642632397      
599388.9463582138      -150375.3883795664     44224.37440032946      57747.28767632397      
600458.0010984406      -152693.7331797395     44009.33446174403      57747.31892632397      
601517.6542224525      -155029.177369236      43793.70148190137      57747.35017632397      
602567.7514150807      -157381.6783760194     43577.48420762265      57747.38142632397      
603608.1385052672      -159751.1925784746     43360.69126451513      57747.41267632397      
604638.6614733675      -162137.675305539      43143.33115906364      57747.44392632397      
605659.1664584245      -164541.0808368464     42925.41228068274      57747.47517632397      
606669.4997651372      -166961.3624038972     42706.94290372578      57747.50642632397      
607669.5078721733      -169398.4721862116     42487.93118945582      57747.53767632397      
608659.0374377156      -171852.3613175585     42268.3851879767       57747.56892632397      
609637.9353077105      -174322.9798821426     42048.31284012529      57747.60017632397      
610606.0485227298      -176810.2769158342     41827.7219793268       57747.63142632397      
611563.2243250746      -179314.2004064089     41606.62033341214      57747.66267632397      
612509.3101658581      -181834.6972938027     41385.01552639945      57747.69392632397      
613444.1537120605      -184371.7134703805     41162.91508023944      57747.72517632397      
614367.6028535616      -186925.1937812201     40940.32641652657      57747.75642632397      
615279.5057098385      -189495.0820254238     40717.25685817504      57747.78767632397      
616179.7106381905      -192081.3209523803     40493.71363106073      57747.81892632397      
617068.0662388544      -194683.852268166      40269.70386563207      57747.85017632397      
617944.4213631789      -197302.6166318386     40045.23459848625      57747.88142632397      
618808.6251202433      -199937.5536568027     39820.31277391504      57747.91267632397      
619660.5268837631      -202588.6019111817     39594.94524541867      57747.94392632397      
620499.9762989797      -205255.6989182003     39369.13877719024      57747.97517632397      
621326.8232895307      -207938.7811565835     39142.90004556929      57748.00642632397      
622140.9180643053      -210637.7840609699     38916.23564046648      57748.03767632397      
622942.1111242842      -213352.6420223383     38689.15206675962      57748.06892632397      
623730.2532690139      -216083.2883894688     38461.655745661        57748.10017632397      
624505.1956048179      -218829.6554653249     38233.75301605873      57748.13142632397      
625266.789549503       -221591.6745136365     38005.45013582893      57748.16267632397      
626014.8868405381      -224369.2757553133     37776.75328312299      57748.19392632397      
626749.3395414833      -227162.3883699646     37547.66855762905      57748.22517632397      
627470.0000487564      -229970.9404964178     37318.20198180675      57748.25642632397      
628176.7210983898      -232794.8592332525     37088.35950209846      57748.28767632397      
628869.35577278        -235634.0706393498     36858.14699011602      57748.31892632397      
629547.7575074285      -238488.4997344582     36627.5702438032       57748.35017632397      
630211.780097676       -241358.0704997783     36396.63498857466      57748.38142632397      
630861.2777050385      -244242.7058795849     36165.3468784334       57748.41267632397      
631496.1048654998      -247142.3277777536     35933.71149706389      57748.44392632397      
632116.1164938838      -250056.8570645335     35701.73435890547      57748.47517632397      
632721.1678921311      -252986.2135731109     35469.42091020249      57748.50642632397      
633311.1147556208      -255930.3161013112     35236.77653003455      57748.53767632397      
633885.8131798829      -258889.0824122867     35003.80653132618      57748.56892632397      
634445.1196673095      -261862.4292352276     34770.51616183567      57748.60017632397      
634988.8911338644      -264850.2722660959     34536.91060512504      57748.63142632397      
635516.9849157907      -267852.5261683791     34302.99498151065      57748.66267632397      
636029.2587763234      -270869.1045738658     34068.77434899451      57748.69392632397      
636525.5709119621      -273899.9200844666     33834.25370417762      57748.72517632397      
637005.7799609331      -276944.8842689344     33599.43798315444      57748.75642632397      
637469.745007292       -280003.9076698558     33364.33206239191      57748.78767632397      
637917.3255893822      -283076.8998004178     33128.94075958815      57748.81892632397      
638348.3817061253      -286163.7691463234     32893.26883451562      57748.85017632397      
638762.7738237518      -289264.4231667056     32657.32098984934      57748.88142632397      
639160.3628825323      -292378.7682950693     32421.10187197573      57748.91267632397      
639541.0103035189      -295506.7099402577     32184.61607178833      57748.94392632397      
639904.5779952905      -298648.1524874467     31947.86812546634      57748.97517632397      
640250.9283607042      -301802.9992991653     31710.86251523864      57749.00642632397      
640579.9243036548      -304971.152716346      31473.6036701331       57749.03767632397      
640891.4292358403      -308152.514059403      31236.09596671042      57749.06892632397      
641185.3070830443      -311346.9836303646     30998.34372978599      57749.10017632397      
641461.4222938877      -314554.4607099149     30760.3512331337       57749.13142632397      
641719.6398436704      -317774.8435647084     30522.12270018106      57749.16267632397      
641959.8252431325      -321008.0294444759     30283.66230468743      57749.19392632397      
642181.8445447749      -324253.9145842811     30044.97417141017      57749.22517632397      
642385.5643496762      -327512.3942057882     29806.06237675922      57749.25642632397      
642570.8518143222      -330783.3625185646     29566.93094943644      57749.28767632397      
642737.5746574422      -334066.7127214158     29327.58387106634      57749.31892632397      
642885.6011668569      -337362.3370037574     29088.0250768112       57749.35017632397      
643014.8002063379      -340670.1265470238     28848.25845597725      57749.38142632397      
643125.0412224755      -343989.9715261133     28608.28785260813      57749.41267632397      
643216.1942515563      -347321.7611108709     28368.1170660666       57749.44392632397      
643288.1299259022      -350665.3834686313     28127.74985160737      57749.47517632397      
643340.7194829748      -354020.7257616976     27887.18992093566      57749.50642632397      
643373.8347689856      -357387.6741550668     27646.44094275928      57749.53767632397      
643387.3482480138      -360766.1138139902     27405.50654332753      57749.56892632397      
643381.1330083902      -364155.9289066769     27164.39030696198      57749.60017632397      
643355.0627696411      -367557.0026060221     26923.09577657425      57749.63142632397      
643309.0118894411      -370969.217091378      26681.62645417894      57749.66267632397      
643242.8553705779      -374392.4535503665     26439.98580139238      57749.69392632397      
643156.4688679256      -377826.5921807393     26198.17723992522      57749.72517632397      
643049.7286954313      -381271.5121922828     25956.2041520646       57749.75642632397      
642922.511833109       -384727.0918087701     25714.06988114855      57749.78767632397      
642774.6959340436      -388193.2082699582     25471.77773202935      57749.81892632397      
642606.1593314086      -391669.7378336355     25229.33097153189      57749.85017632397      
642416.7810448676      -395156.5557787292     24986.73282890132      57749.88142632397      
642206.4407900791      -398653.5364033997     24743.98649624138      57749.91267632397      
641975.0189820435      -402160.5530333111     24501.09512895023      57749.94392632397      
641722.3967446109      -405677.4780198255     24258.06184614159      57749.97517632397      
641448.4559169275      -409204.1827433135     24014.88973106298      57750.00642632397      
641153.0790605041      -412740.5376155038     23771.5818315045       57750.03767632397      
640836.1494662894      -416286.4120818851     23528.14116020146      57750.06892632397      
640497.5511617523      -419841.6746241631     23284.57069522818      57750.10017632397      
640137.1689179707      -423406.1927627705     23040.87338038773      57750.13142632397      
639754.8882567275      -426979.8330594336     22797.0521255908       57750.16267632397      
639350.5954576096      -430562.4611197925     22553.10980723175      57750.19392632397      
638924.177565116       -434153.9415960803     22309.04926855525      57750.22517632397      
638475.5223957677      -437754.1381898567     22064.87332001899      57750.25642632397      
638004.5185452248      -441362.9136548024     21820.58473964769      57750.28767632397      
637511.0553947121      -444980.129800565      21576.18627338274      57750.31892632397      
636995.023120904       -448605.6474916792     21331.68063542404      57750.35017632397      
636456.3126989158      -452239.3266565249     21087.07050856896      57750.38142632397      
635894.8159121817      -455881.0262863609     20842.35854454292      57750.41267632397      
635310.4253588966      -459530.6044394157     20597.5473643248       57750.44392632397      
634703.0344591447      -463187.9182440373     20352.63955846702      57750.47517632397      
634072.5374620307      -466852.8239019059     20107.63768741116      57750.50642632397      
633418.8294528069      -470525.1766913092     19862.54428179713      57750.53767632397      
632741.8063600019      -474204.83097048       19617.3618427671       57750.56892632397      
632041.3649625456      -477891.6401809972     19372.09284226579      57750.60017632397      
631317.4028968913      -481585.4568512496     19126.73972333415      57750.63142632397      
630569.8186641363      -485286.1325999653     18881.30490039859      57750.66267632397      
629798.5116371362      -488993.5181398049     18635.79075955745      57750.69392632397      
629003.3820676149      -492707.4632810198     18390.1996588594       57750.72517632397      
628184.3310932682      -496427.8169351742     18144.53392857994      57750.75642632397      
627341.2607448627      -500154.4271189367     17898.79587149213      57750.78767632397      
626474.0739533247      -503887.1409579347     17652.9877631347       57750.81892632397      
625582.6745560383      -507625.8046916478     17407.11185207369      57750.85017632397      
624666.9673070462      -511370.2636735074     17161.17036015959      57750.88142632397      
623726.8578794292      -515120.36238079       16915.16548278503      57750.91267632397      
622762.2528754743      -518875.9444148467     16669.09938913269      57750.94392632397      
621773.0598329359      -522636.8525062677     16422.97422242351      57750.97517632397      
620759.1872320648      -526402.9285191414     16176.7921001573       57751.00642632397      
619720.5445026192      -530174.0134553808     15930.55511435401      57751.03767632397      
618657.0420308665      -533949.9474591202     15684.26533178816      57751.06892632397      
617568.591166564       -537730.5698211761     15437.92479422048      57751.10017632397      
616455.1042299289      -541515.7189835832     15191.53551862604      57751.13142632397      
615316.4945185856      -545305.2325441919     14945.09949742071      57751.16267632397      
614152.6763144999      -549098.9472613418     14698.61869868141      57751.19392632397      
612963.5648908891      -552896.6990585991     14452.09506636427      57751.22517632397      
611749.076519115       -556698.3230295649     14205.53052052099      57751.25642632397      
610509.1284755551      -560503.6534427539     13958.92695750995      57751.28767632397      
609243.6390484509      -564312.5237465402     13712.28625020594      57751.31892632397      
607952.5275447336      -568124.7665741737     13465.61024820548      57751.35017632397      
606635.7142968259      -571940.2137488652     13218.90077803051      57751.38142632397      
605293.1206694172      -575758.6962889406     12972.15964332822      57751.41267632397      
603924.6690662149      -579580.0444130648     12725.38862506911      57751.44392632397      
602530.2829357735      -583404.0875464646     12478.58948174183      57751.47517632397      
601109.886781757       -587230.6543225669     12231.76394954324      57751.50642632397      
599663.4061642614      -591059.5725940164     11984.91374257137      57751.53767632397      
598190.7677100063      -594890.6694344493     11738.0405530103       57751.56892632397      
596691.8991180516      -598723.77114499       11491.14605131478      57751.60017632397      
595166.7291663701      -602558.7032598901     11244.23188639263      57751.63142632397      
593615.1877183847      -606395.2905522308     10997.2996857845       57751.66267632397      
592037.2057294741      -610233.3570396946     10750.35105584108      57751.69392632397      
590432.7152534411      -614072.7259904058     10503.38758189825      57751.72517632397      
588801.6494489468      -617913.2199288366     10256.41082845023      57751.75642632397      
587143.9425859044      -621754.6606417808     10009.42233932018      57751.78767632397      
585459.5300518376      -625596.8691843954     9762.423637828673      57751.81892632397      
583748.3483581987      -629439.6658863057     9515.416226960195      57751.85017632397      
582010.3351466454      -633282.8703577794     9268.401589528716      57751.88142632397      
580245.4291952786      -637126.3014959651     9021.381188339088      57751.91267632397      
578453.570424835       -640969.7774911942     8774.35646634869       57751.94392632397      
576634.6999048383      -644813.1158333513     8527.328846825345      57751.97517632397      
574788.7598597065      -648656.1333183045     8280.299733505177      57752.00642632397      
572915.6936748129      -652498.6460544035     8033.270510747388      57752.03767632397      
571015.4459024998      -656340.4694690374     7786.242543687869      57752.06892632397      
569087.9622680488      -660181.4183152575     7539.217178391351      57752.10017632397      
567133.189675599       -664021.3066784615     7292.19574200036       57752.13142632397      
565151.0762140172      -667859.9479831387     7045.17954288522       57752.16267632397      
563141.5711627208      -671697.1549996779     6798.16987078992       57752.19392632397      
561104.6249974456      -675532.7398512333     6551.167996978562      57752.22517632397      
559040.189395965       -679366.5140206509     6304.175174377917      57752.25642632397      
556948.2172427156      -683198.2883583095     6057.192637722008      57752.28767632397      
554828.6626385578      -687027.873085745      5810.221603688435      57752.31892632397      
552681.4809001195      -690855.0778078859     5563.263271044416      57752.35017632397      
550506.6285694332      -694679.7115167852     5316.318820781482      57752.38142632397      
548304.0634183493      -698501.5825996947     5069.38941625203       57752.41267632397      
546073.7444539252      -702320.4988463325     4822.47620330652       57752.44392632397      
543815.6319237539      -706136.2674562092     4575.580310426885      57752.47517632397      
541529.6873212375      -709948.6950460068     4328.702848860703      57752.50642632397      
539215.8733907985      -713757.5876570086     4081.844912751985      57752.53767632397      
536874.1541330297      -717562.7507625838     3835.007579272904      57752.56892632397      
534504.4948097887      -721363.9892757226     3588.191908753535      57752.60017632397      
532106.8619492229      -725161.1075566208     3341.398944810149      57752.63142632397      
529681.2233507378      -728953.9094203146     3094.629714473267      57752.66267632397      
527227.5480898994      -732742.1981443642     2847.885228313215      57752.69392632397      
524745.8065232716      -736525.7764765834     2601.166480567539      57752.72517632397      
522235.9702931923      -740304.4466428189     2354.474449263013      57752.75642632397      
519698.0123324804      -744078.010354771      2107.810096341476      57752.78767632397      
517131.9068690792      -747846.2688178635     1861.17436778167       57752.81892632397      
514537.6294306323      -751609.0227391538     1614.568193720479      57752.85017632397      
511915.1568489914      -755366.0723352875     1367.992488575168      57752.88142632397      
509264.4672646581      -759117.2173404946     1121.448151161778      57752.91267632397      
506585.5401311553      -762862.2570146233     874.9360648161382      57752.94392632397      
503878.3562193316      -766600.9901512195     628.4570975111565      57752.97517632397      
501142.8976215929      -770333.2150856376     382.0121019743965      57753.00642632397      
498379.1477560683      -774058.7297031942     135.6019158058334      57753.03767632397      
495587.0913707019      -777777.3314473541     -110.7726384066627     57753.06892632397      
492766.7145472756      -781488.8173279541     -357.1107529717265     57753.10017632397      
489918.0047053591      -785192.9839294592     -603.4116349787218     57753.13142632397      
487040.9506061887      -788889.6274192524     -849.6745061859256     57753.16267632397      
484135.5423564753      -792578.543555956      -1095.898602904112     57753.19392632397      
481201.7714121357      -796259.527697782      -1342.083175886422     57753.22517632397      
478239.6305819562      -799932.374810914      -1588.227490213758     57753.25642632397      
475249.1140311785      -803596.8794779178     -1834.330825184996     57753.28767632397      
472230.2172850141      -807252.8359061731     -2080.39247420436      57753.31892632397      
469182.9372320848      -810900.0379363397     -2326.411744671757     57753.35017632397      
466107.2721277883      -814538.279050841      -2572.387957873056     57753.38142632397      
463003.2215975898      -818167.3523823736     -2818.320448869374     57753.41267632397      
459870.7866402394      -821787.0507224395     -3064.208566388406     57753.44392632397      
456709.9696309139      -825397.1665298975     -3310.051672716509     57753.47517632397      
453520.7743242852      -828997.4919395359     -3555.849143590196     57753.50642632397      
450303.2058575115      -832587.8187706618     -3801.600368088169     57753.53767632397      
447057.2707531548      -836167.9385357075     -4047.304748524446     57753.56892632397      
443782.976922025       -839737.6424488556     -4292.961700340849     57753.60017632397      
440480.3336659444      -843296.7214346735     -4538.570652001596     57753.63142632397      
437149.3516804407      -846844.9661367665     -4784.131044886191     57753.66267632397      
433790.0430573634      -850382.166926438      -5029.642333184311     57753.69392632397      
430402.4212874249      -853908.1139113653     -5275.103983789915     57753.72517632397      
426986.5012626675      -857422.5969442797     -5520.515476197237     57753.75642632397      
423542.2992788536      -860925.4056316582     -5765.876302394783     57753.78767632397      
420069.8330377832      -864416.3293424224     -6011.185966760793     57753.81892632397      
416569.1216495348      -867895.1572166394     -6256.443985960737     57753.85017632397      
413040.1856346331      -871361.6781742309     -6501.649888842192     57753.88142632397      
409483.0469261413      -874815.6809236824     -6746.803216330823     57753.91267632397      
405897.7288716799      -878256.9539707575     -6991.903521328582     57753.94392632397      
402284.256235372       -881685.2856272075     -7236.950368609105     57753.97517632397      
398642.6551997142      -885100.4640194849     -7481.943334715732     57754.00642632397      
394972.9533673744      -888502.2770974546     -7726.882007857843     57754.03767632397      
391275.179762918       -891890.5126430965     -7971.765987810504     57754.06892632397      
387549.3648344595      -895264.9582792106     -8216.594885808881     57754.10017632397      
383795.5404552437      -898625.401478111      -8461.368324450043     57754.13142632397      
380013.7399251547      -901971.6295703152     -8706.085937588068     57754.16267632397      
376203.9979721536      -905303.4297532253     -8950.747370233003     57754.19392632397      
372366.3507536454      -908620.589099797      -9195.352278450038     57754.22517632397      
368500.8358577764      -911922.8945672008     -9439.900329258118     57754.25642632397      
364607.4923046607      -915210.1330054697     -9684.391200527025     57754.28767632397      
360686.3605475387      -918482.0911661328     -9928.824580878485     57754.31892632397      
356737.4824738678      -921738.5557108365     -10173.20016958303     57754.35017632397      
352760.9014063429      -924979.3132199496     -10417.51767646056     57754.38142632397      
348756.6621038521      -928204.1502011488     -10661.77682177868     57754.41267632397      
344724.8107623649      -931412.8530979897     -10905.9773361517      57754.44392632397      
340665.3950157545      -934605.208298457      -11150.11896044132     57754.47517632397      
336578.4639365554      -937781.0021434939     -11394.20144565392     57754.50642632397      
332464.0680366575      -940940.0209355126     -11638.22455284256     57754.53767632397      
328322.2592679347      -944082.050946878      -11882.18805300421     57754.56892632397      
324153.0910228131      -947206.8784283716     -12126.09172698029     57754.60017632397      
319956.6181347767      -950314.2896176284     -12369.93536535662     57754.63142632397      
315732.8968788112      -953404.0707475494     -12613.71876836306     57754.66267632397      
311481.9849717894      -956476.0080546853     -12857.44174577208     57754.69392632397      
307203.9415727966      -959529.8877875947     -13101.10411680024     57754.72517632397      
302898.8272833978      -962565.4962151699     -13344.70571000624     57754.75642632397      
298566.7041478489      -965582.6196349384     -13588.24636319227     57754.78767632397      
294207.6356532506      -968581.0443813269     -13831.72592330258     57754.81892632397      
289821.6867296475      -971560.5568338975     -14075.14424632402     57754.85017632397      
285408.9237500739      -974520.9434255492     -14318.50119718566     57754.88142632397      
280969.4145305458      -977461.9906506874     -14561.79664965818     57754.91267632397      
276503.2283300015      -980383.4850733574     -14805.03048625391     57754.94392632397      
272010.4358501923      -983285.2133353406     -15048.20259812754     57754.97517632397      
267491.1092355212      -986166.9621642191     -15291.31288497424     57755.00642632397      
262945.3220728366      -989028.5183813984     -15534.36125493067     57755.03767632397      
258373.1493911767      -991869.6689100921     -15777.34762447409     57755.06892632397      
253774.6676614679      -994690.2007832731     -16020.27191832231     57755.10017632397      
249149.9547961797      -997489.901151577      -16263.13406933355     57755.13142632397      
244499.0901489356      -1000268.557291172     -16505.9340184055      57755.16267632397      
239822.1545140819      -1003025.956611583     -16748.6717143752      57755.19392632397      
235119.2301262151      -1005761.886663477     -16991.34711391927     57755.22517632397      
230390.4006596719      -1008476.135146405     -17233.96018145245     57755.25642632397      
225635.7512279777      -1011168.489916501     -17476.51088902738     57755.28767632397      
220855.3683832618      -1013838.738994132     -17718.99921623449     57755.31892632397      
216049.3401156353      -1016486.670571515     -17961.42515010061     57755.35017632397      
211217.755852535       -1019112.073020277     -18203.78868498927     57755.38142632397      
206360.7064580361      -1021714.734898979     -18446.08982249937     57755.41267632397      
201478.2842321324      -1024294.444960588     -18688.32857136388     57755.44392632397      
196570.5829099878      -1026850.992159903     -18930.50494735065     57755.47517632397      
191637.6976611589      -1029384.165660939     -19172.6189731601      57755.50642632397      
186679.7250887925      -1031893.754844259     -19414.67067832471     57755.53767632397      
181696.7632287955      -1034379.549314259     -19656.660099108       57755.56892632397      
176688.9115489837      -1036841.338906407     -19898.58727840427     57755.60017632397      
171656.2709482074      -1039278.913694431     -20140.45226563606     57755.63142632397      
166598.9437554559      -1041692.063997462     -20382.25511665421     57755.66267632397      
161517.0337289445      -1044080.580387126     -20623.99589363631     57755.69392632397      
156410.6460551838      -1046444.253694583     -20865.67466498463     57755.72517632397      
151279.8873496069      -1048782.875017291     -21107.29150522844     57755.75642632397      
146124.8656493112      -1051096.235726893     -21348.8464949138      57755.78767632397      
140945.6904215277      -1053384.127474686     -21590.33972051338     57755.81892632397      
135742.4725563445      -1055646.342199421     -21831.7712743177      57755.85017632397      
130515.3243672857      -1057882.67213386      -22073.14125433622     57755.88142632397      
125264.3595903097      -1060092.909811524     -22314.44976419467     57755.91267632397      
119989.6933828036      -1062276.848073384     -22555.69691303378     57755.94392632397      
114691.44232257        -1064434.280074514     -22796.88281540747     57755.97517632397      
109369.7244068149      -1066564.999290681     -23038.00759118202     57756.00642632397      
104024.6590511321      -1068668.799524901     -23279.07136543287     57756.03767632397      
98656.36708848926      -1070745.474913933     -23520.07426834409     57756.06892632397      
93264.97076821695      -1072794.819934728     -23761.01643510524     57756.10017632397      
87850.59375500135      -1074816.629410833     -24001.89800581062     57756.13142632397      
82413.36112788258      -1076810.698518744     -24242.71912535682     57756.16267632397      
76953.39937926161      -1078776.822794209     -24483.47994334088     57756.19392632397      
71470.83641391539      -1080714.798138484     -24724.18061395787     57756.22517632397      
65965.80154802436      -1082624.420824546     -24964.8212958994      57756.25642632397      
60438.42550821106      -1084505.487503253     -25205.40215225209     57756.28767632397      
54888.84043059516      -1086357.795209461     -25445.92335039366     57756.31892632397      
49317.17985986299      -1088181.141368097     -25686.38506189233     57756.35017632397      
43723.5787483559       -1089975.323800178     -25926.78746240452     57756.38142632397      
38108.17345517895      -1091740.140728798     -26167.13073157286     57756.41267632397      
32471.1017453289       -1093475.390785061     -26407.41505292291     57756.44392632397      
26812.5027888479       -1095180.873013974     -26647.64061376289     57756.47517632397      
21132.51715999995      -1096856.386880297     -26887.80760507978     57756.50642632397      
15431.28683812781      -1098501.732274322     -27127.91622144077     57756.53767632397      
9708.95520027609       -1100116.70951777      -27367.96666088217     57756.56892632397      
3965.667030362434      -1101701.119369307     -27607.95912481972     57756.60017632397      
-1798.431488131871     -1103254.763030383     -27847.8938179377      57756.63142632397      
-7583.192771185131     -1104777.44215084      -28087.77094809012     57756.66267632397      
-13388.46783487248     -1106268.958834519     -28327.59072619869     57756.69392632397      
-19214.10629596779     -1107729.115644843     -28567.35336614971     57756.72517632397      
-25059.95637250614     -1109157.715610348     -28807.05908469309     57756.75642632397      
-30925.86488430673     -1110554.562230195     -29046.70810134022     57756.78767632397      
-36811.67725345382     -1111919.459479634     -29286.30063826218     57756.81892632397      
-42717.23750473473     -1113252.211815452     -29525.8369201881      57756.85017632397      
-48642.38826603228     -1114552.624181372     -29765.31717430305     57756.88142632397      
-54586.97076867127     -1115820.50201344      -30004.74163014779     57756.91267632397      
-60550.82484771614     -1117055.651245372     -30244.11051951436     57756.94392632397      
-66533.78894221957     -1118257.878313876     -30483.42407634878     57756.97517632397      
-71299.91335313709     -1119189.285394275     -30673.48534904822     57757                  
