-77319389.10331869     113679324.8106513      49122783.59322681      57727                  
-77320898.10035212     113678477.8010855      49122420.35031614      57727.00069444445      
-77333308.29826465     113671511.1801942      49119432.92635725      57727.00640573971      
-77352095.00367652     113660962.65636        49114910.30898206      57727.01505186895      
-77353602.50821884     113660116.5257953      49114548.56094594      57727.01574631339      
-77354631.01015687     113659539.7149363      49114303.13311389      57727.01622083383      
-77356135.24183549     113658696.3527027      49113945.01732633      57727.01691527828      
-77368025.02631785     113652029.5803054      49111114.3302069       57727.02240440577      
-77435708.36717938     113614056.6202209      49094998.44605507      57727.05365440577      
-77503381.42652172     113576052.046808       49078881.56061547      57727.08490440577      
-77571044.24748541     113538015.7632391      49062763.64919741      57727.11615440577      
-77638696.87220204     113499947.6708904      49046644.68858469      57727.14740440577      
-77706339.34164447     113461847.6693814      49030524.65711056      57727.17865440577      
-77773971.69565929     113423715.6565059      49014403.53469087      57727.20990440577      
-77841593.97298561     113385551.5281659      48998281.3028641       57727.24115440577      
-77909206.21116261     113347355.1783658      48982157.94486325      57727.27240440577      
-77976808.44655804     113309126.4991321      48966033.44566166      57727.30365440577      
-78044400.71433397     113270865.3804634      48949907.79203881      57727.33490440577      
-78111983.04842325     113232571.7102699      48933780.97264796      57727.36615440577      
-78179555.48149221     113194245.3743145      48917652.97809231      57727.39740440577      
-78247118.04497452     113155886.2561066      48901523.80098822      57727.42865440577      
-78314670.7689084      113117494.236904       48885393.43608364      57727.45990440577      
-78382213.68206412     113079069.1955382      48869261.88030916      57727.49115440577      
-78449746.81183767     113040611.0083687      48853129.13289417      57727.52240440577      
-78517270.1841426      113002119.549231       48836995.19549064      57727.55365440577      
-78584783.82353009     112963594.6892407      48820860.07224582      57727.58490440577      
-78652287.75301467     112925036.2967626      48804723.76995768      57727.61615440577      
-78719781.99409132     112886444.2372556      48788586.29818977      57727.64740440577      
-78787266.56666465     112847818.3731594      48772447.66941774      57727.67865440577      
-78854741.48904707     112809158.5637278      48756307.89916757      57727.70990440577      
-78922206.7778322      112770464.6649226      48740167.00619637      57727.74115440577      
-78989662.44788538     112731736.5292251      48724025.01265451      57727.77240440577      
-79057108.51226933     112692974.005469       48707881.94427675      57727.80365440577      
-79124544.9821645      112654176.9386609      48691737.83058781      57727.83490440577      
-79191971.86685732     112615345.1697409      48675592.70510533      57727.86615440577      
-79259389.17352863     112576478.5354422      48659446.60561004      57727.89740440577      
-79326796.90732628     112537576.8679596      48643299.57435998      57727.92865440577      
-79394195.07120082     112498639.9947339      48627151.65838498      57727.95990440577      
-79461583.6657335      112459667.7382144      48611002.90980364      57727.99115440577      
-79528962.68924747     112420659.915412       48594853.38611524      57728.02240440577      
-79596332.13739252     112381616.3377717      48578703.15056165      57728.05365440577      
-79663692.0031973      112342536.810682       48562552.27251054      57728.08490440577      
-79731042.27691165     112303421.1330868      48546400.82787783      57728.11615440577      
-79798382.94589129     112264269.0970332      48530248.89956135      57728.14740440577      
-79865713.99429773     112225080.4872743      48514096.57796962      57728.17865440577      
-79933035.40307184     112185855.0806523      48497943.96152142      57728.20990440577      
-80000347.1496595      112146592.645566       48481791.15725651      57728.24115440577      
-80067649.20771717     112107292.9413803      48465638.28150412      57728.27240440577      
-80134941.54703499     112067955.7176236      48449485.460553        57728.30365440577      
-80202224.13307223     112028580.7133277      48433332.83148876      57728.33490440577      
-80269496.92682415     111989167.6560659      48417180.54301838      57728.36615440577      
-80336759.88441429     111949716.2610378      48401028.75645046      57728.39740440577      
-80404012.95664752     111910226.2300466      48384877.64678051      57728.42865440577      
-80471256.08874772     111870697.2502095      48368727.40383557      57728.45990440577      
-80538489.2197551      111831128.9926996      48352578.23363096      57728.49115440577      
-80605712.28205687     111791521.1112046      48336430.35983252      57728.52240440577      
-80672925.20076536     111751873.240243       48320284.02542033      57728.55365440577      
-80740127.89310014     111712184.9932056      48304139.49453714      57728.58490440577      
-80807320.26748461     111672455.9602536      48287997.05462734      57728.61615440577      
-80874502.22282107     111632685.7057341      48271857.01877842      57728.64740440577      
-80941673.64740805     111592873.7653753      48255719.72844888      57728.67865440577      
-81008834.41770373     111553019.6430567      48239585.55657859      57728.70990440577      
-81075984.39712194     111513122.8069383      48223454.91109368      57728.74115440577      
-81143123.4343913      111473182.6851186      48207328.23900453      57728.77240440577      
-81210251.36164837     111433198.66056        48191206.03114367      57728.80365440577      
-81277367.99243379     111393170.0649919      48175088.82761135      57728.83490440577      
-81344473.11900385     111353096.1719097      48158977.22422668      57728.86615440577      
-81411566.50934234     111312976.188128       48142871.88005924      57728.89740440577      
-81478647.90348907     111272809.2437307      48126773.52636822      57728.92865440577      
-81545717.00911079     111232594.3799521      48110682.97725687      57728.95990440577      
-81612773.49608305     111192330.5344599      48094601.14247631      57728.99115440577      
-81679816.98985842     111152016.523285       48078529.04292236      57729.02240440577      
-81746847.06312369     111111651.0184958      48062467.82961615      57729.05365440577      
-81813863.22545534     111071232.5201546      48046418.80708566      57729.08490440577      
-81880864.90993358     111030759.3208996      48030383.46262117      57729.11615440577      
-81947851.45587148     110990229.4604282      48014363.50325282      57729.14740440577      
-82014822.086365       110949640.6659893      47998360.90308335      57729.17865440577      
-82081775.87794149     110908990.273641       47982377.96499915      57729.20990440577      
-82148711.71938066     110868275.1215722      47966417.40237924      57729.24115440577      
-82215628.2541886      110827491.4025001      47950482.44957834      57729.27240440577      
-82282523.79795605     110786634.4540842      47934577.01486591      57729.30365440577      
-82349396.21613881     110745698.4518072      47918705.89790703      57729.33490440577      
-82416242.7359713      110704675.9422661      47902875.10927784      57729.36615440577      
-82483059.64356162     110663557.1012717      47887092.35848834      57729.39740440577      
-82549841.76670617     110622328.4869912      47871367.83608557      57729.42865440577      
-82616581.52473003     110580970.7881806      47855715.54487301      57729.45990440577      
-82683266.99975027     110539454.3494835      47840155.75111292      57729.49115440577      
-82749877.43127413     110497728.9873427      47824720.0032351       57729.52240440577      
-82808982.11972512     110460391.6418265      47811148.64415287      57729.55017834913      
-82843027.14529908     110438676.3981056      47803406.23062151      57729.56620799169      
-82869196.71963422     110421818.5873967      47797504.90707988      57729.57855577947      
-82885682.10213533     110411085.5446957      47793814.66086967      57729.58635281778      
-82898803.77169739     110402446.9083581      47790893.82026283      57729.59257515902      
-82909006.78150937     110395642.0809103      47788631.39894217      57729.59742885221      
-82917040.10353176     110390202.4590891      47786851.50854546      57729.60126527575      
-82923512.82917576     110385738.9675072      47785411.06848641      57729.60437163135      
-82928926.69333038     110381918.8566208      47784189.05616564      57729.60698695875      
-82932477.56917581     110379346.6306413      47783364.41446469      57729.60871618224      
-82935345.07402773     110377212.0668861      47782667.07652138      57729.61012535834      
-82937600.24322399     110375485.4743631      47782078.18591927      57729.6112452494       
-82939231.35208738     110374208.2881496      47781612.28546579      57729.61206326286      
-82940890.19105704     110372894.506477       47781085.87242401      57729.6129016115       
-82942389.34733464     110371716.8280662      47780556.23035757      57729.61366127198      
-82943854.87451795     110370600.2809446      47779997.9075322       57729.61440035664      
-82945248.7717437      110369581.4659061      47779447.90183073      57729.61509671286      
-82946970.43151671     110368376.6906278      47778764.52231378      57729.61594723651      
-82948741.99329825     110367184.1126867      47778069.45657627      57729.61681317558      
-82950953.87472974     110365740.9157353      47777219.28863741      57729.61788467803      
-82953815.46781422     110363922.3425245      47776147.83793896      57729.61925998955      
-82957516.73992869     110361619.5008763      47774801.57429686      57729.62102699184      
-82962346.80109838     110358663.0876637      47773095.85958313      57729.62332031055      
-82968839.37507699     110354737.8450862      47770868.78665752      57729.6263893701       
-82977243.35916737     110349702.2343336      47768064.28018712      57729.63034808933      
-82988208.8897642      110343172.2604703      47764496.0247728       57729.63549948609      
-83002618.82084221     110334626.5715165      47759913.72233492      57729.64225480647      
-83021654.88335663     110323366.5560211      47753986.26475783      57729.65116432714      
-83046907.95609087     110308449.8115083      47746272.10150149      57729.66296880446      
-83080535.91514666     110288594.7355037      47736176.85982153      57729.67867312032      
-83125470.32776396     110262054.7892033      47722898.45920503      57729.69964274904      
-83185706.13785703     110226441.0841423      47705349.97725764      57729.72773907735      
-83252723.30941187     110186759.7618816      47686054.49349316      57729.75898907735      
-83319750.17511562     110147009.3107227      47666925.34145285      57729.79023907735      
-83386780.47400217     110107194.2160092      47647920.50256933      57729.82148907735      
-83453810.58788362     110067318.144503       47629012.78998244      57729.85273907735      
-83520838.24213706     110027384.044559       47610183.34798411      57729.88398907735      
-83587861.91682871     109987394.2988092      47591418.42631891      57729.91523907735      
-83654880.54809602     109947350.852726       47572707.60935505      57729.94648907735      
-83721893.36326373     109907255.3127303      47554042.76852949      57729.97773907735      
-83788899.78381732     109867109.0193815      47535417.40574186      57730.00898907735      
-83855899.36551255     109826913.1019424      47516826.22230041      57730.04023907735      
-83922891.75954801     109786668.5196639      47498264.82514206      57730.07148907735      
-83989876.6865882      109746376.0933366      47479729.52018597      57730.10273907735      
-84056853.91908298     109706036.5295761      47461217.16299245      57730.13398907735      
-84123823.26854803     109665650.4400179      47442725.04845088      57730.16523907735      
-84190784.57653904     109625218.3564402      47424250.82756978      57730.19648907735      
-84257737.70794646     109584740.7429388      47405792.4436629       57730.22773907735      
-84324682.54605629     109544218.0057433      47387348.08261654      57730.25898907735      
-84391618.98862509     109503650.501365       47368916.1336645       57730.29023907735      
-84458546.94511236     109463038.5431527      47350495.15795763      57730.32148907735      
-84525466.33433424     109422382.4068768      47332083.8632133       57730.35273907735      
-84592377.08260134     109381682.3354192      47313681.08302246      57730.38398907735      
-84659279.12244618     109340938.542594       47295285.75974181      57730.41523907735      
-84726172.3913499      109300151.2165631      47276896.9303541       57730.44648907735      
-84793056.83087508     109259320.5226458      47258513.71458476      57730.47773907735      
-84859932.38588718     109218446.6057824      47240135.30490512      57730.50898907735      
-84926799.0039811      109177529.5926189      47221760.95803162      57730.54023907735      
-84993656.63489825     109136569.5933899      47203389.98770142      57730.57148907735      
-85060505.23013516     109095566.7034989      47185021.75844415      57730.60273907735      
-85127344.74263377     109054521.0048907      47166655.68020377      57730.63398907735      
-85194175.12635261     109013432.5673712      47148291.20372407      57730.66523907735      
-85260996.33616568     108972301.449598       47129927.81645447      57730.69648907735      
-85327808.32757716     108931127.7000927      47111565.03902727      57730.72773907735      
-85394611.05646792     108889911.3581461      47093202.42216693      57730.75898907735      
-85461404.4790906      108848652.4544847      47074839.54390446      57730.79023907735      
-85528188.55180627     108807351.0120404      47056476.00718926      57730.82148907735      
-85594963.23102657     108766007.0465278      47038111.43771995      57730.85273907735      
-85661728.47308993     108724620.5670125      47019745.4820352       57730.88398907735      
-85728484.23423259     108683191.5763715      47001377.80578604      57730.91523907735      
-85795230.47038418     108641720.0718301      46983008.09224121      57730.94648907735      
-85861967.13725337     108600206.0452695      46964636.04086806      57730.97773907735      
-85928694.19017148     108558649.4836687      46946261.36611254      57731.00898907735      
-85995411.5839922      108517050.3694716      46927883.79630461      57731.04023907735      
-86062119.27329613     108475408.6807117      46909503.07261737      57731.07148907735      
-86128817.21211383     108433724.391479       46891118.94815757      57731.10273907735      
-86195505.35388659     108391997.4721702      46872731.1871608       57731.13398907735      
-86262183.65158683     108350227.8896239      46854339.56419138      57731.16523907735      
-86328852.05755097     108308415.6074315      46835943.86349384      57731.19648907735      
-86395510.5235713      108266560.5860582      46817543.8783298       57731.22773907735      
-86462159.00073472     108224662.7831213      46799139.4104431       57731.25898907735      
-86528797.4395545      108182722.1534577      46780730.26948839      57731.29023907735      
-86595425.7898829      108140738.6493276      46762316.27256784      57731.32148907735      
-86662044.00082624     108098712.2206063      46743897.243807        57731.35273907735      
-86728652.02088171     108056642.8148163      46725473.01390181      57731.38398907735      
-86795249.79779705     108014530.3773379      46707043.41977936      57731.41523907735      
-86861837.27861749     107972374.8514846      46688608.3042336       57731.44648907735      
-86928414.40965204     107930176.1786263      46670167.5156114       57731.47773907735      
-86994981.13652243     107887934.2982488      46651720.90749923      57731.50898907735      
-87061537.40402731     107845649.1481325      46633268.33848649      57731.54023907735      
-87128083.15628508     107803320.6643363      46614809.67186734      57731.57148907735      
-87194618.33665767     107760948.781324       46596344.77542593      57731.60273907735      
-87261142.88767482     107718533.4320866      46577873.5212389       57731.63398907735      
-87327656.75116712     107676074.5481158      46559395.78543202      57731.66523907735      
-87394159.86819138     107633572.0595165      46540911.44801266      57731.69648907735      
-87460652.17895667     107591025.8951137      46522420.39271617      57731.72773907735      
-87527133.62296988     107548435.9824052      46503922.50679894      57731.75898907735      
-87593604.13890475     107505802.2477006      46485417.68092567      57731.79023907735      
-87660063.66465585     107463124.6161302      46466905.80901209      57731.82148907735      
-87726512.13731201     107420403.0117048      46448386.78810176      57731.85273907735      
-87792949.4932107      107377637.357318       46429860.51822788      57731.88398907735      
-87859375.66780834     107334827.5748717      46411326.90233876      57731.91523907735      
-87925790.59582716     107291973.5852085      46392785.84614871      57731.94648907735      
-87992194.21118343     107249075.3081916      46374237.25806186      57731.97773907735      
-88058586.44692779     107206132.6627754      46355681.04909875      57732.00898907735      
-88124967.23538345     107163145.5669352      46337117.13277157      57732.04023907735      
-88191336.50796047     107120113.9378181      46318545.42506441      57732.07148907735      
-88257694.19532739     107077037.6916477      46299965.84430631      57732.10273907735      
-88324040.22730079     107033916.7438188      46281378.31113962      57732.13398907735      
-88390374.532878       106990751.0088918      46262782.74844927      57732.16523907735      
-88456697.04028089     106947540.4005773      46244179.08129352      57732.19648907735      
-88523007.67682773     106904284.8318383      46225567.23689153      57732.22773907735      
-88589306.36908036     106860984.2147988      46206947.1445322       57732.25898907735      
-88655593.0427735      106817638.4608016      46188318.7355533       57732.29023907735      
-88721867.62274408     106774247.4804656      46169681.94332476      57732.32148907735      
-88788130.03307825     106730811.1835876      46151036.70317         57732.35273907735      
-88854380.19698347     106687329.4792353      46132382.95237453      57732.38398907735      
-88920618.03684379     106643802.2757101      46113720.63014274      57732.41523907735      
-88986843.47419496     106600229.4805642      46095049.67758261      57732.44648907735      
-89053056.42977956     106556611.0005587      46076370.0376697       57732.47773907735      
-89119256.82341909     106512946.74175        46057681.65527032      57732.50898907735      
-89136020.25670882     106501881.3688926      46052947.37592693      57732.516903228        
-89137491.16206665     106500910.2730989      46052531.9292853       57732.51759767245      
-89148999.45495385     106493311.5411189      46049281.28347778      57732.52303107444      
-89215181.49810475     106449580.7646795      46030580.13609295      57732.55428107444      
-89281350.77949415     106405803.9759902      46011870.11895765      57732.58553107444      
-89347507.21605958     106361981.0784073      45993151.18329684      57732.61678107444      
-89413650.7239328      106318111.9744563      45974423.28216148      57732.64803107444      
-89479781.21831167     106274196.5659072      45955686.37047043      57732.67928107444      
-89545898.61360565     106230234.7536531      45936940.40497123      57732.71053107444      
-89612002.8233645      106186226.4377401      45918185.344271        57732.74178107444      
-89678093.76020676     106142171.5173957      45899421.14887088      57732.77303107444      
-89744171.33596487     106098069.8908996      45880647.78113692      57732.80428107444      
-89810235.46155617     106053921.4556477      45861865.20535901      57732.83553107444      
-89876286.04702517     106009726.1080908      45843073.38776051      57732.86678107444      
-89942323.00157347     105965483.7436793      45824272.29651515      57732.89803107444      
-90008346.23347652     105921194.2568856      45805461.9018029       57732.92928107444      
-90074355.6501812      105876857.5410938      45786642.17581331      57732.96053107444      
-90140351.15816525     105832473.4886568      45767813.09282699      57732.99178107444      
-90206332.66307983     105788041.9907463      45748974.62921307      57733.02303107444      
-90272300.06967628     105743562.9373538      45730126.76349804      57733.05428107444      
-90338253.28173245     105699036.2172884      45711269.4764393       57733.08553107444      
-90404192.20219447     105654461.7180145      45692402.7510362       57733.11678107444      
-90470116.7330454      105609839.3256813      45673526.57263109      57733.14803107444      
-90536026.7753555      105565168.9250174      45654640.92895901      57733.17928107444      
-90601922.22925225     105520450.3992768      45635745.81022781      57733.21053107444      
-90667802.99396917     105475683.6301228      45616841.20917934      57733.24178107444      
-90733668.96771346     105430868.4976363      45597927.12121377      57733.27303107444      
-90799520.04780389     105386004.8801225      45579003.5444354       57733.30428107444      
-90865356.13058256     105341092.6540731      45560070.47977657      57733.33553107444      
-90931177.11139318     105296131.6940736      45541127.931108        57733.36678107444      
-90996982.88459319     105251121.8726773      45522175.90534658      57733.39803107444      
-91062773.34357575     105206063.0602626      45503214.41256837      57733.42928107444      
-91128548.38068962     105160955.1249551      45484243.46616295      57733.46053107444      
-91194307.88727094     105115797.9324581      45465263.08296251      57733.49178107444      
-91260051.75360626     105070591.3459203      45446273.28340301      57733.52303107444      
-91325779.86897309     105025335.2257357      45427274.09167235      57733.55428107444      
-91391492.12149963     104980029.4294607      45408265.53592835      57733.58553107444      
-91457188.3982929      104934673.8115208      45389247.64844482      57733.61678107444      
-91522868.58534043     104889268.2230658      45370220.46584427      57733.64803107444      
-91588532.56747803     104843812.5117594      45351184.02932547      57733.67928107444      
-91654180.22840081     104798306.5215166      45332138.38489454      57733.71053107444      
-91719811.450616       104752750.0922624      45313083.5836335       57733.74178107444      
-91785426.11547247     104707143.0596103      45294019.68196497      57733.77303107444      
-91851024.10300826     104661485.2546483      45274946.74199777      57733.80428107444      
-91916605.29206501     104615776.5034988      45255864.83181191      57733.83553107444      
-91982169.56018648     104570016.6270054      45236774.02584022      57733.86678107444      
-92047716.78351407     104524205.440387       45217674.40528104      57733.89803107444      
-92113246.83688067     104478342.752704       45198566.05848073      57733.92928107444      
-92178759.59368807     104432428.3664409      45179449.08142247      57733.96053107444      
-92244254.9258472      104386462.0769931      45160323.57823601      57733.99178107444      
-92309732.70377347     104340443.6720451      45141189.66176076      57734.02303107444      
-92375192.79626673     104294372.931014       45122047.45410191      57734.05428107444      
-92440635.07053322     104248249.6242639      45102897.0873197       57734.08553107444      
-92506059.39199199     104202073.5124245      45083738.70419833      57734.11678107444      
-92571465.624338       104155844.3454324      45064572.45899541      57734.14803107444      
-92636853.6293781      104109561.8616364      45045398.51835358      57734.17928107444      
-92702223.26692513     104063225.7867434      45026217.06228424      57734.21053107444      
-92767574.3947264      104016835.8326066      45007028.28524292      57734.24178107444      
-92832906.86832418     103970391.6959136      44987832.39734322      57734.27303107444      
-92898220.54098132     103923893.0566505      44968629.62568285      57734.30428107444      
-92963515.26341292     103877339.5765118      44949420.21588486      57734.33553107444      
-93028790.88376775     103830730.8968897      44930204.43373187      57734.36678107444      
-93094047.24737826     103784066.6367673      44910982.56707708      57734.39803107444      
-93159284.19648668     103737346.3903133      44891754.92799549      57734.42928107444      
-93224501.57014486     103690569.7239762      44872521.85514838      57734.46053107444      
-93289699.20387083     103643736.173324       44853283.7165423       57734.49178107444      
-93354876.92933537     103596845.2393447      44834040.91264717      57734.52303107444      
-93420034.57404964     103549896.3841281      44814793.87994872      57734.55428107444      
-93485171.96094607     103502889.0258901      44795543.09505047      57734.58553107444      
-93550288.90797585     103455822.5330914      44776289.0793824       57734.61678107444      
-93615385.22745648     103408696.2176651      44757032.40472575      57734.64803107444      
-93680460.72559769     103361509.3267835      44737773.69956292      57734.67928107444      
-93745515.20170015     103314261.033243       44718513.65660855      57734.71053107444      
-93810548.4472913      103266950.4238696      44699253.04167339      57734.74178107444      
-93875560.24514724     103219576.4854696      44679992.70418332      57734.77303107444      
-93940550.36806276     103172138.0877528      44660733.58979242      57734.80428107444      
-94005518.57745364     103124633.962264       44641476.75557552      57734.83553107444      
-94070464.62147197     103077062.6763507      44622223.38858253      57734.86678107444      
-94135388.23299219     103029422.6002285      44602974.82853958      57734.89803107444      
-94200289.12686539     102981711.8652911      44583732.59612101      57734.92928107444      
-94265166.99657415     102933928.3102821      44564498.42843273      57734.96053107444      
-94330021.51004703     102886069.4107747      44545274.32414305      57734.99178107444      
-94394852.3042248      102838132.1852606      44526062.60176896      57735.02303107444      
-94459658.97807293     102790113.0674857      44506865.97605866      57735.05428107444      
-94524441.0831918      102742007.7290688      44487687.66015226      57735.08553107444      
-94589198.1112819      102693810.8262599      44468531.5048691       57735.11678107444      
-94653929.47685005     102645515.6271946      44449402.19333787      57735.14803107444      
-94718634.49275883     102597113.4426399      44430305.52063455      57735.17928107444      
-94783312.33472694     102548592.7168162      44411248.80877496      57735.21053107444      
-94847961.98863935     102499937.4920423      44392241.54623202      57735.24178107444      
-94912582.1694521      102451124.6259444      44373296.41793595      57735.27303107444      
-94977171.19552338     102402118.2493234      44354431.04604742      57735.30428107444      
-95041726.80513415     102352857.1772567      44335671.05324269      57735.33553107444      
-95106246.03743541     102303219.9922526      44317055.16224234      57735.36678107444      
-95134883.17562954     102280991.704124       44308848.8065533       57735.38065752242      
-95163153.42101839     102258860.569143       44300786.84255188      57735.39435965641      
-95181700.82661088     102244188.8978759      44295515.13927969      57735.40335060652      
-95197929.6268409      102231197.3138454      44290900.02818196      57735.41121728145      
-95208421.14237297     102222683.7369506      44287896.00076409      57735.41630135085      
-95216828.66899644     102215767.5973124      44285451.10157906      57735.42037296324      
-95223919.26243246     102209851.3845427      44283327.53885226      57735.42380282206      
-95228896.62492469     102205650.3948886      44281770.73822559      57735.42620638333      
-95233493.65151531     102201748.1731099      44280253.60657669      57735.42842157683      
-95238077.04626602     102197868.1202574      44278642.04711554      57735.43062457167      
-95242728.99400376     102193984.5514458      44276906.71434452      57735.43285514078      
-95246928.05082144     102190549.5161144      44275279.51940984      57735.43486554048      
-95252556.89884697     102186047.9769476      44273056.40862732      57735.4375588274       
-95257824.1392276      102181920.1962198      44270966.63236261      57735.44007919675      
-95264187.963953       102177009.3373042      44268451.99580378      57735.4431255012       
-95273114.30822597     102170212.9280394      44264957.79611012      57735.44740120815      
-95285064.62559295     102161215.3130964      44260341.57704481      57735.45313004698      
-95300653.5717749      102149575.7946686      44254408.96121559      57735.46060969901      
-95320676.26393083     102134712.6940888      44246901.72851598      57735.47022490972      
-95346695.04661351     102115473.1829329      44237283.44589353      57735.48272983338      
-95380863.62161103     102090267.4480361      44224817.99719388      57735.49916479755      
-95426086.01387617     102056947.2368703      44208518.78823467      57735.52093390932      
-95486304.2619226      102012585.8439046      44187052.05184222      57735.54994526329      
-95551119.02294129     101964807.9500532      44164152.22087591      57735.58119526329      
-95615889.70975454     101917010.7059286      44141416.4840145       57735.61244526329      
-95680621.19950296     101869180.7651031      44118802.73148967      57735.64369526329      
-95745316.62868579     101821310.779985       44096283.24735034      57735.67494526329      
-95809978.13810886     101773396.3595714      44073838.59314632      57735.70619526329      
-95874607.25058015     101725434.7197359      44051454.48510695      57735.73744526329      
-95939205.08130592     101677424.014465       44029120.04579707      57735.76869526329      
-96003772.4638624      101629362.9760858      44006826.75477409      57735.79994526329      
-96068310.02963808     101581250.709283       43984567.78365872      57735.83119526329      
-96132818.26035513     101533086.5669768      43962337.55587781      57735.86244526329      
-96197297.52410044     101484870.072383       43940131.44445838      57735.89369526329      
-96261748.10074015     101436600.8684326      43917945.55824582      57735.92494526329      
-96326170.20040131     101388278.683932       43895776.58670908      57735.95619526329      
-96390563.97714669     101339903.3104167      43873621.68478056      57735.98744526329      
-96454929.53925163     101291474.5860199      43851478.38575581      57736.01869526329      
-96519266.9573139      101242992.3838292      43829344.53420486      57736.04994526329      
-96583576.27036186     101194456.6036401      43807218.23365132      57736.08119526329      
-96647857.49084292     101145867.1657935      43785097.80510545      57736.11244526329      
-96712110.60855991     101097224.0066495      43762981.75386725      57736.14369526329      
-96776335.59391381     101048527.0751513      43740868.74262568      57736.17494526329      
-96840532.40052351     100999776.3302514      43718757.56947213      57736.20619526329      
-96904700.96732569     100950971.7389992      43696647.14978222      57736.23744526329      
-96968841.22051933     100902113.274919       43674536.50107554      57736.26869526329      
-97032953.07501571     100853200.9168961      43652424.73039008      57736.29994526329      
-97097036.43571961     100804234.6482718      43630311.02360784      57736.33119526329      
-97161091.19866364     100755214.456102       43608194.63637356      57736.36244526329      
-97225117.25193185     100706140.3306149      43586074.88635245      57736.39369526329      
-97289114.47652979     100657012.2647259      43563951.14655288      57736.42494526329      
-97353082.74697402     100607830.2537865      43541822.83961815      57736.45619526329      
-97417021.93205068     100558594.2951963      43519689.43278769      57736.48744526329      
-97480931.89528161     100509304.3882478      43497550.43357464      57736.51869526329      
-97544812.49539137     100459960.5339649      43475405.38596317      57736.54994526329      
-97608663.58676204     100410562.7349419      43453253.86705182      57736.58119526329      
-97672485.01978724     100361110.9952559      43431095.48411071      57736.61244526329      
-97736276.64123946     100311605.3203586      43408929.87195846      57736.64369526329      
-97800038.29455949     100262045.7170206      43386756.6906468       57736.67494526329      
-97863769.82005091     100212432.1933449      43364575.62342122      57736.70619526329      
-97927471.05526333     100162764.7586147      43342386.37482546      57736.73744526329      
-97991141.83508369     100113043.4233719      43320188.66909338      57736.76869526329      
-98054781.99203315     100063268.1993175      43297982.24862883      57736.79994526329      
-98118391.35637411     100013439.0993592      43275766.87269438      57736.83119526329      
-98181969.75630894     99963556.1375757       43253542.31619184      57736.86244526329      
-98245517.01815401     99913619.32919364      43231308.36856173      57736.89369526329      
-98309032.96646905     99863628.6905936       43209064.83279607      57736.92494526329      
-98372517.42411147     99813584.23937181      43186811.52456484      57736.95619526329      
-98435970.21249461     99763485.99422646      43164548.27134652      57736.98744526329      
-98499391.1515525      99713333.97508802      43142274.91171666      57737.01869526329      
-98562780.05996317     99663128.20300566      43119991.29466084      57737.04994526329      
-98626136.75519003     99612868.70020446      43097697.27894948      57737.08119526329      
-98689461.05357777     99562555.49009041      43075392.73254845      57737.11244526329      
-98752752.77044256     99512188.59724452      43053077.53210112      57737.14369526329      
-98816011.72007507     99461768.04748984      43030751.56247224      57737.17494526329      
-98879237.71595182     99411293.86778089      43008414.71625302      57737.20619526329      
-98942430.57067576     99360766.08631483      42986066.89339768      57737.23744526329      
-99005590.09614693     99310184.73244666      42963708.00080688      57737.26869526329      
-99068716.10349567     99259549.83680013      42941337.9520249       57737.29994526329      
-99131808.40327807     99208861.43115568      42918956.66686692      57737.33119526329      
-99194866.80544508     99158119.5485246       42896564.07115126      57737.36244526329      
-99257891.11943647     99107324.22311613      42874160.09640773      57737.39369526329      
-99320881.15414442     99056475.49041097      42851744.67965236      57737.42494526329      
-99383836.71809798     99005573.38704702      42829317.76309987      57737.45619526329      
-99446757.61937968     98954617.95092757      42806879.29398996      57737.48744526329      
-99509643.66577351     98903609.22113259      42784429.22434423      57737.51869526329      
-99572494.66467768     98852547.23802613      42761967.51082324      57737.54994526329      
-99635310.42328079     98801432.04313938      42739494.11450014      57737.58119526329      
-99698090.74852386     98750263.67923258      42717009.00072448      57737.61244526329      
-99760835.4471249      98699042.19030204      42694512.13897461      57737.64369526329      
-99823544.325644       98647767.62155151      42672003.50270548      57737.67494526329      
-99886217.19049454     98596440.01940712      42649483.06922606      57737.70619526329      
-99948853.84800538     98545059.43148755      42626950.81956695      57737.73744526329      
-100011454.10444       98493625.90660891      42604406.7383725       57737.76869526329      
-100074017.7659512     98442139.49484365      42581850.81382485      57737.79994526329      
-100136544.6387454     98390600.24739869      42559283.03749794      57737.83119526329      
-100199034.5289825     98339008.21671799      42536703.40431649      57737.86244526329      
-100261487.2428967     98287363.45639561      42514111.91244038      57737.89369526329      
-100323902.5867461     98235666.02123241      42491508.563218        57737.92494526329      
-100386280.3668692     98183915.96720184      42468893.36110725      57737.95619526329      
-100448620.3897278     98132113.35142449      42446266.31360652      57737.98744526329      
-100510922.4619808     98080258.23209849      42423627.43121976      57738.01869526329      
-100573186.390283      98028350.66872372      42400976.7273946       57738.04994526329      
-100635411.9815142     97976390.7218934       42378314.21844668      57738.08119526329      
-100697599.042728      97924378.4533298       42355639.92358253      57738.11244526329      
-100759747.3812366     97872313.92582908      42332953.86481621      57738.14369526329      
-100821856.8045032     97820197.20335867      42310256.06698789      57738.17494526329      
-100883927.1202969     97768028.35092823      42287546.55768929      57738.20619526329      
-100945958.1366365     97715807.43464074      42264825.36727254      57738.23744526329      
-101007949.6617972     97663534.52168888      42242092.52884015      57738.26869526329      
-101069901.5043586     97611209.68031445      42219348.07822429      57738.29994526329      
-101131813.4731997     97558832.97981237      42196592.05399021      57738.33119526329      
-101193685.3775458     97506404.49048869      42173824.49742498      57738.36244526329      
-101255517.0269733     97453924.2836543       42151045.45254654      57738.39369526329      
-101317308.2313511     97401392.4316722       42128254.96614136      57738.42494526329      
-101379058.80098       97348809.00783159      42105453.08773207      57738.45619526329      
-101440768.546534      97296174.08639361      42082639.86962494      57738.48744526329      
-101502437.2790627     97243487.74258211      42059815.36693871      57738.51869526329      
-101564064.8100359     97190750.05253661      42036979.63762297      57738.54994526329      
-101625650.9513357     97137961.09331028      42014132.74250154      57738.58119526329      
-101687195.5152998     97085120.94282138      41991274.74530161      57738.61244526329      
-101748698.3147234     97032229.67983976      41968405.71270446      57738.64369526329      
-101810159.1627979     96979287.38402762      41945525.71442582      57738.67494526329      
-101871577.8732576     96926294.13579609      41922634.82322342      57738.70619526329      
-101932954.2602662     96873250.01638919      41899733.1150099       57738.73744526329      
-101994288.1385105     96820155.10778373      41876820.66889338      57738.76869526329      
-102055579.3231907     96767009.49267922      41853897.56726496      57738.79994526329      
-102116827.6299575     96713813.2545321       41830963.8959135       57738.83119526329      
-102178032.8750579     96660566.47740544      41808019.7440692       57738.86244526329      
-102239194.87522       96607269.2460459       41785065.2045551       57738.89369526329      
-102300313.4477665     96553921.6457573       41762100.37386011      57738.92494526329      
-102361388.4105002     96500523.76247405      41739125.35230926      57738.95619526329      
-102422419.581848      96447075.68260331      41716140.24414515      57738.98744526329      
-102483406.780787      96393577.49305767      41693145.15770373      57739.01869526329      
-102544349.8268953     96340029.28117494      41670140.20555475      57739.04994526329      
-102605248.5402785     96286431.13474642      41647125.50470249      57739.08119526329      
-102666102.7417126     96232783.14184865      41624101.17671702      57739.11244526329      
-102726912.2525295     96179085.39090256      41601067.34798013      57739.14369526329      
-102787676.894729      96125337.97052681      41578024.14985962      57739.17494526329      
-102848396.490864      96071540.96959035      41554971.71898936      57739.20619526329      
-102909070.8641841     96017694.47703059      41531910.19746859      57739.23744526329      
-102969699.8385722     95963798.5818523       41508839.73316211      57739.26869526329      
-103030283.2385338     95909853.37307532      41485760.48000334      57739.29994526329      
-103090820.8892893     95855858.93958563      41462672.5982825       57739.33119526329      
-103151312.6166605     95801815.37016532      41439576.25504214      57739.36244526329      
-103211758.2472149     95747722.75328612      41416471.62440269      57739.39369526329      
-103272157.6082052     95693581.17708085      41393358.8880013       57739.42494526329      
-103332510.5275707     95639390.72925274      41370238.235443        57739.45619526329      
-103392816.8339813     95585151.49693964      41347109.8647764       57739.48744526329      
-103453076.3568303     95530863.56661618      41323973.98303381      57739.51869526329      
-103513288.9262804     95476527.02393973      41300830.80680106      57739.54994526329      
-103573454.3732697     95422141.95362306      41277680.5628583       57739.58119526329      
-103633572.5294585     95367708.43935095      41254523.48890644      57739.61244526329      
-103693643.2273718     95313226.56350738      41231359.83428566      57739.64369526329      
-103753666.300351      95258696.40706444      41208189.86084742      57739.67494526329      
-103813641.5825582     95204118.04940867      41185013.84389228      57739.70619526329      
-103873568.9090873     95149491.56805618      41161832.0731649       57739.73744526329      
-103933448.1158742     95094817.03853312      41138644.85403922      57739.76869526329      
-103993279.0398677     95040094.53400059      41115452.50872703      57739.79994526329      
-104053061.5190009     94985324.12503946      41092255.37770831      57739.83119526329      
-104112795.3922323     94930505.87934999      41069053.82129819      57739.86244526329      
-104172480.4996343     94875639.86138017      41045848.22138155      57739.89369526329      
-104232116.6824422     94820726.13196276      41022638.9833786       57739.92494526329      
-104291703.7831645     94765764.74786156      40999426.53843332      57739.95619526329      
-104351241.645658      94710755.76131423      40976211.34590258      57739.98744526329      
-104410730.1153068     94655699.21943398      40952993.8961407       57740.01869526329      
-104470169.0389783     94600595.16377828      40929774.71374732      57740.04994526329      
-104529558.2652609     94545443.62959541      40906554.36117288      57740.08119526329      
-104588897.6447646     94490244.644952        40883333.44283442      57740.11244526329      
-104648187.030286      94434998.22991817      40860112.6099138       57740.14369526329      
-104707426.2770177     94379704.39563112      40836892.56589792      57740.17494526329      
-104766615.2430111     94324363.14303139      40813674.07292315      57740.20619526329      
-104825753.7895233     94268974.46160007      40790457.95925845      57740.23744526329      
-104884841.7815129     94213538.32783659      40767245.12805495      57740.26869526329      
-104943879.0883596     94158054.70338622      40744036.56762609      57740.29994526329      
-105002865.5845426     94102523.53304404      40720833.36374273      57740.33119526329      
-105061801.1507777     94046944.74214259      40697636.71422621      57740.36244526329      
-105120685.6752239     93991318.23365685      40674447.94662898      57740.39369526329      
-105179519.0551092     93935643.88466726      40651268.53969373      57740.42494526329      
-105238301.1988782     93879921.54204814      40628100.14966095      57740.45619526329      
-105297032.0289413     93824151.0172675       40604944.6428945       57740.48744526329      
-105355711.4853734     93768332.07993709      40581804.13674857      57740.51869526329      
-105414339.5308175     93712464.44984385      40558681.05145434      57740.54994526329      
-105472916.1571771     93656547.78691494      40535578.1768928       57740.58119526329      
-105531441.3949566     93600581.67836466      40512498.75986882      57740.61244526329      
-105589915.3264094     93544565.62210782      40489446.62029232      57740.64369526329      
-105648338.1046195     93488499.00486557      40466426.3089805       57740.67494526329      
-105706709.9817636     93432381.07284443      40443443.3271801       57740.70619526329      
-105765031.3524656     93376210.89144044      40420504.44044051      57740.73744526329      
-105823302.8225242     93319987.28865251      40397618.142446        57740.76869526329      
-105881525.3232494     93263708.77284549      40374795.36792458      57740.79994526329      
-105939700.3115108     93207373.40970419      40352050.64337079      57740.83119526329      
-105997830.1457531     93150978.62985787      40329404.06201652      57740.86244526329      
-106055918.8589        93094520.91479972      40306884.95807283      57740.89369526329      
-106113973.9603342     93037995.25942768      40284539.54091247      57740.92494526329      
-106172011.4985894     92981394.24439162      40262449.5693772       57740.95619526329      
-106208981.0647697     92945303.52005003      40248587.10050043      57740.97609694462      
-106234891.2491808     92920005.93993194      40239029.00583155      57740.9900344881       
-106253976.0649271     92901384.73924594      40232118.45896097      57741.00028713908      
-106266132.6913376     92889540.17930572      40227803.14332485      57741.00680624291      
-106275792.6108865     92880148.29985012      40224444.70881073      57741.01197494534      
-106283274.9298057     92872896.5205252       40221904.86751705      57741.01596669924      
-106289109.6107128     92867266.5736084       40219977.5675361       57741.01906759169      
-106293684.4090721     92862879.05145381      40218512.82275879      57741.02148694873      
-106297306.8177079     92859433.67501891      40217393.85117014      57741.023390418        
-106300235.840538      92856679.67994455      40216525.99512143      57741.02491655848      
-106302792.4110861     92854316.62397256      40215805.89971992      57741.02623273166      
-106304589.0728168     92852695.46390256      40215327.41517919      57741.02714286641      
-106305957.789317      92851497.27462114      40214980.93782135      57741.02782292692      
-106307204.2156832     92850449.83226244      40214677.49752687      57741.02842709915      
-106308034.0776035     92849784.88586655      40214477.0287919       57741.02881863224      
-106308807.6476252     92849192.98918702      40214283.44606119      57741.02917492243      
-106309593.7569238     92848617.25117993      40214069.1369058       57741.02952976694      
-106310311.4027914     92848105.65641612      40213849.0726752       57741.02985080051      
-106311024.8393214     92847598.93623808      40213604.06219576      57741.03017113708      
-106311853.8305807     92847001.36074263      40213290.11282228      57741.03054823807      
-106312688.6868817     92846384.44106689      40212949.85251499      57741.03093460511      
-106313643.9639587     92845659.14487362      40212540.30216733      57741.03138443291      
-106314844.4887763     92844721.8362474       40212006.17405146      57741.03195952132      
-106316360.459637      92843505.45742485      40211313.51305453      57741.0326976919       
-106318288.2699783     92841919.16218916      40210416.8562667       57741.03365039552      
-106320827.8295982     92839781.48956876      40209222.54611309      57741.03492202045      
-106324105.9907481     92836966.48304762      40207671.83121742      57741.03658229358      
-106328409.1837078     92833207.14036284      40205632.14456597      57741.03878295714      
-106334019.4592568     92828233.05699258      40202974.81353618      57741.04167574682      
-106341386.0132705     92821618.94421494      40199494.63402203      57741.0455005791       
-106351111.5600613     92812791.51044662      40194917.60278025      57741.05058012746      
-106364012.1928432     92800971.55629009      40188874.40975331      57741.05735212235      
-106381198.7968692     92785094.60641173      40180864.43407876      57741.06641346877      
-106404170.2865584     92763718.53363645      40170214.89317996      57741.07857120505      
-106434965.5871645     92734873.79076004      40156013.3448398       57741.09492535231      
-106476382.5389459     92695845.94767673      40137010.07217631      57741.11698879499      
-106532228.702243      92642920.52250886      40111506.12036709      57741.1468264627       
-106590567.9834282     92587356.58113429      40084962.52988119      57741.1780764627       
-106648784.5905825     92531684.74235405      40058542.83190849      57741.2093264627       
-106706896.5533329     92475922.08440402      40032217.37875345      57741.2405764627       
-106764915.2292095     92420079.67631032      40005966.40761663      57741.2718264627       
-106822848.3106011     92364165.21697462      39979775.9124822       57741.3030764627       
-106880701.287311      92308184.34452473      39953635.5147303       57741.3343264627       
-106938478.2356198     92252141.35410896      39927537.2584471       57741.3655764627       
-106996182.2776314     92196039.62203006      39901474.88029312      57741.3968264627       
-107053815.8651279     92139881.87111196      39875443.34250811      57741.4280764627       
-107111380.9635651     92083670.34447913      39849438.52102628      57741.4593264627       
-107168879.175817      92027406.92395625      39823456.98977537      57741.4905764627       
-107226311.8284635     91971093.21299013      39797495.86687045      57741.5218264627       
-107283680.0333087     91914730.59660579      39771552.70228574      57741.5530764627       
-107340984.7324926     91858320.28555216      39745625.39393242      57741.5843264627       
-107398226.7321388     91801863.34957202      39719712.1238176       57741.6155764627       
-107455406.7279928     91745360.74282643      39693811.30863107      57741.6468264627       
-107512525.3251877     91688813.32370526      39667921.56097135      57741.6780764627       
-107569583.053773      91632221.87039901      39642041.65848727      57741.7093264627       
-107626580.3809929     91575587.09336734      39616170.51906413      57741.7405764627       
-107683517.7211335     91518909.64540222      39590307.18064542      57741.7718264627       
-107740395.443551      91462190.12978445      39564450.78464565      57741.8030764627       
-107797213.8791964     91405429.10703397      39538600.56223072      57741.8343264627       
-107853973.3260447     91348627.1004623       39512755.82284398      57741.8655764627       
-107910674.0535661     91291784.60085516      39486915.94457549      57741.8968264627       
-107967316.3064668     91234902.07041559      39461080.36600879      57741.9280764627       
-108023900.3078891     91177979.94605756      39435248.57925475      57741.9593264627       
-108080426.2620804     91121018.64225604      39409420.12400109      57741.9905764627       
-108136894.3567158     91064018.55344255      39383594.58236601      57742.0218264627       
-108193304.7648443     91006980.05611275      39357771.57446138      57742.0530764627       
-108249657.6465632     90949903.51065201      39331950.75453407      57742.0843264627       
-108305953.1505023     90892789.26288624      39306131.80757896      57742.1155764627       
-108362191.4151268     90835637.64542317      39280314.44636208      57742.1468264627       
-108418372.5697796     90778448.97892091      39254498.40883945      57742.1780764627       
-108474496.7357211     90721223.57307608      39228683.45582021      57742.2093264627       
-108530564.0269544     90663961.72758509      39202869.36893269      57742.2405764627       
-108586574.5509577     90606663.73298892      39177055.94881186      57742.2718264627       
-108642528.4093788     90549329.87137718      39151243.01346159      57742.3030764627       
-108698425.6986039     90491960.41706082      39125430.39680842      57742.3343264627       
-108754266.5103109     90434555.63712661      39099617.94738349      57742.3655764627       
-108810050.931915      90377115.79197931      39073805.52715623      57742.3968264627       
-108865779.0469659     90319641.13583104      39047993.01048318      57742.4280764627       
-108921450.9355476     90262131.91709453      39022180.28313739      57742.4593264627       
-108977066.6745932     90204588.37878433      38996367.24144883      57742.4905764627       
-109032626.3382116     90147010.75883269      38970553.79150352      57742.5218264627       
-109088129.9979378     90089399.29042175      38944739.84843481      57742.5530764627       
-109143577.7229543     90031754.20228699      38918925.33577821      57742.5843264627       
-109198969.5803387     89974075.71894668      38893110.18486171      57742.6155764627       
-109254305.6352405     89916364.06095701      38867294.3342682       57742.6468264627       
-109309585.9510876     89858619.44509797      38841477.72932246      57742.6780764627       
-109364810.5897181     89800842.08459976      38815660.32164457      57742.7093264627       
-109419979.6115444     89743032.18930377      38789842.0687196       57742.7405764627       
-109475093.0756557     89685189.96585768      38764022.93352181      57742.7718264627       
-109530151.0399659     89627315.61783865      38738202.88414405      57742.8030764627       
-109585153.5613021     89569409.34591326      38712381.89347598      57742.8343264627       
-109640100.6955314     89511471.34793772      38686559.93888615      57742.8655764627       
-109694992.4976293     89453501.81909721      38660737.0019483       57742.8968264627       
-109749829.021741      89395500.95203613      38634913.06818844      57742.9280764627       
-109804610.3212828     89337468.93693154      38609088.12682999      57742.9593264627       
-109859336.4489881     89279405.96160789      38583262.17057746      57742.9905764627       
-109914007.4571197     89221312.21143156      38557435.19542196      57743.0218264627       
-109968623.3971781     89163187.86984499      38531607.20038456      57743.0530764627       
-110023184.3201485     89105033.11817157      38505778.18739878      57743.0843264627       
-110077690.2766454     89046848.13557538      38479948.16111367      57743.1155764627       
-110132141.3167866     88988633.09931333      38454117.12877752      57743.1468264627       
-110186537.490352      88930388.18466999      38428285.10003649      57743.1780764627       
-110240878.8467479     88872113.56508526      38402452.0868285       57743.2093264627       
-110295165.4350147     88813809.41222931      38376618.10326473      57743.2405764627       
-110349397.3039194     88755475.89598532      38350783.16548135      57743.2718264627       
-110403574.5019091     88697113.18456739      38324947.29155865      57743.3030764627       
-110457697.0771587     88638721.44453706      38299110.50140474      57743.3343264627       
-110511765.0776061     88580300.84082688      38273272.81665044      57743.3655764627       
-110565778.5509469     88521851.53680131      38247434.26056733      57743.3968264627       
-110619737.5446168     88463373.69432519      38221594.85799616      57743.4280764627       
-110673642.1058784     88404867.47372162      38195754.63523345      57743.4593264627       
-110727492.2817131     88346333.03392564      38169913.62000909      57743.4905764627       
-110781288.1189516     88287770.53238904      38144071.8413614       57743.5218264627       
-110835029.6642112     88229180.12518129      38118229.32960249      57743.5530764627       
-110888716.9638789     88170561.96703957      38092386.11626641      57743.5843264627       
-110942350.0641698     88111916.21133856      38066542.23402687      57743.6155764627       
-110995929.0111076     88053243.01013787      38040697.71665297      57743.6468264627       
-111049453.8504561     87994542.51427801      38014852.59898998      57743.6780764627       
-111102924.6278402     87935814.87327713      37989006.91685742      57743.7093264627       
-111156341.3886275     87877060.23547468      37963160.70705761      57743.7405764627       
-111209704.1779989     87818278.74797568      37937314.00730131      57743.7718264627       
-111263013.0409137     87759470.55670351      37911466.85618317      57743.8030764627       
-111316268.0220835     87700635.80644195      37885619.29315575      57743.8343264627       
-111369469.1659825     87641774.64083683      37859771.3584886       57743.8655764627       
-111422616.5168664     87582887.20238714      37833923.09322538      57743.8968264627       
-111475710.1186962     87523973.63253501      37808074.53918634      57743.9280764627       
-111528750.0151929     87465034.07161576      37782225.73891251      57743.9593264627       
-111581736.2497972     87406068.65890738      37756376.73565492      57743.9905764627       
-111634668.865571      87347077.53275438      37730527.57336137      57744.0218264627       
-111687547.905388      87288060.83033228      37704678.296644        57744.0530764627       
-111740373.4117759     87229018.68784347      37678828.95076931      57744.0843264627       
-111793145.4269171     87169951.24052182      37652979.58162854      57744.1155764627       
-111845863.9926409     87110858.62263559      37627130.23573137      57744.1468264627       
-111898529.150378      87051740.96753494      37601280.96020531      57744.1780764627       
-111951140.9412183     86992598.40758957      37575431.80274898      57744.2093264627       
-112003699.4057793     86933431.07432574      37549582.81167327      57744.2405764627       
-112056204.5843094     86874239.09831379      37523734.03583562      57744.2718264627       
-112108656.5166014     86815022.60925509      37497885.52466209      57744.3030764627       
-112161055.2419534     86755781.73601919      37472037.32814912      57744.3343264627       
-112213400.7992029     86696516.60660106      37446189.49683155      57744.3655764627       
-112265693.226686      86637227.34815817      37420342.08178674      57744.3968264627       
-112317932.5621482     86577914.08709782      37394495.13466122      57744.4280764627       
-112370118.8428326     86518576.94897439      37368648.707616        57744.4593264627       
-112422252.1053895     86459216.05857685      37342802.85335543      57744.4905764627       
-112474332.3858318     86399831.53996658      37316957.62513519      57744.5218264627       
-112526359.7195641     86340423.51643503      37291113.0767366       57744.5530764627       
-112578334.1413362     86280992.11054178      37265269.26247648      57744.5843264627       
-112630255.6851495     86221537.44420329      37239426.23723976      57744.6155764627       
-112682124.3843485     86162059.63858099      37213584.05642579      57744.6468264627       
-112733940.2714778     86102558.81422095      37187742.77600444      57744.6780764627       
-112785703.3783256     86043035.09099258      37161902.45248579      57744.7093264627       
-112837413.7358627     85983488.58813886      37136063.14293852      57744.7405764627       
-112889071.3741805     85923919.42432675      37110224.90500925      57744.7718264627       
-112940676.3225305     85864327.7175872       37084387.7968943       57744.8030764627       
-112992228.609177      85804713.58545765      37058551.87739986      57744.8343264627       
-113043728.2614794     85745077.14487258      37032717.20589329      57744.8655764627       
-113095175.3057893     85685418.51225673      37006883.84234273      57744.8968264627       
-113146569.7673913     85625737.8035685       36981051.84733547      57744.9280764627       
-113197911.6705173     85566035.13426311      36955221.28206181      57744.9593264627       
-113249201.0382849     85506310.61933769      36929392.2083348       57744.9905764627       
-113300437.892588      85446564.37342741      36903564.68863226      57745.0218264627       
-113351622.2541618     85386796.51071054      36877738.78605621      57745.0530764627       
-113402754.1424703     85327007.14500673      36851914.56437619      57745.0843264627       
-113453833.5756381     85267196.38982566      36826092.08805107      57745.1155764627       
-113504860.5704548     85207364.3583356       36800271.42221639      57745.1468264627       
-113555835.1422937     85147511.16342464      36774452.63271163      57745.1780764627       
-113606757.3050385     85087636.91775273      36748635.78610349      57745.2093264627       
-113657627.0710536     85027741.73375468      36722820.94968785      57745.2405764627       
-113708444.4511059     84967825.72369488      36697008.19151391      57745.2718264627       
-113759209.4543312     84907888.99967311      36671197.5803868       57745.3030764627       
-113809922.0881514     84847931.67368262      36645389.18589247      57745.3343264627       
-113860582.3581806     84787953.85768007      36619583.07842743      57745.3655764627       
-113911190.2682109     84727955.66356584      36593779.32918903      57745.3968264627       
-113961745.8201224     84667937.20324773      36567978.01020121      57745.4280764627       
-114012249.0137438     84607898.58875728      36542179.19436245      57745.4593264627       
-114062699.8468947     84547839.93216524      36516382.95540584      57745.4905764627       
-114113098.3151942     84487761.3457536       36490589.36796921      57745.5218264627       
-114163444.4120503     84427662.94198641      36464798.5075773       57745.5530764627       
-114213738.1285452     84367544.83359551      36439010.45067219      57745.5843264627       
-114263979.4533164     84307407.13366911      36413225.27464385      57745.6155764627       
-114314168.3725262     84247249.95564124      36387443.05781609      57745.6468264627       
-114364304.8696991     84187073.41342756      36361663.87949418      57745.6780764627       
-114414388.9256461     84126877.62146236      36335887.81996786      57745.7093264627       
-114464420.5183757     84066662.69474953      36310114.96051827      57745.7405764627       
-114514399.6229645     84006428.74895819      36284345.38344179      57745.7718264627       
-114564326.211413      83946175.90053311      36258579.17207781      57745.8030764627       
-114614200.2525792     83885904.26671715      36232816.41079547      57745.8343264627       
-114664021.7120338     83825613.9656605       36207057.18501486      57745.8655764627       
-114713790.5518647     83765305.11658636      36181301.58124919      57745.8968264627       
-114763506.7306574     83704977.83975707      36155549.68705668      57745.9280764627       
-114813170.2032427     83644632.25670223      36129801.59110165      57745.9593264627       
-114862780.9206194     83584268.49024808      36104057.38312507      57745.9905764627       
-114912338.8297107     83523886.66474305      36078317.15397616      57746.0218264627       
-114961843.8733325     83463486.90601261      36052580.9955891       57746.0530764627       
-115011295.9899671     83403069.3415703       36026849.00098059      57746.0843264627       
-115060695.1135556     83342634.10079488      36001121.26425735      57746.1155764627       
-115110041.1732741     83282181.3151204       35975397.88063283      57746.1468264627       
-115159334.0934584     83221711.11806177      35949678.94635686      57746.1780764627       
-115208573.7932937     83161223.64550653      35923964.55875205      57746.2093264627       
-115257760.1866766     83100719.0358122       35898254.81615604      57746.2405764627       
-115306893.1819605     83040197.43003811      35872549.8179114       57746.2718264627       
-115355972.6817446     82979658.97212778      35846849.66432248      57746.3030764627       
-115404998.5826087     82919103.80915566      35821154.45662753      57746.3343264627       
-115453970.7748922     82858532.09152624      35795464.29693598      57746.3655764627       
-115502889.1424172     82797943.97323941      35769779.28817941      57746.3968264627       
-115551753.5622465     82737339.6121202       35744099.53403013      57746.4280764627       
-115600563.9043847     82676719.17011729      35718425.13883151      57746.4593264627       
-115649320.0314604     82616082.81363012      35692756.20752044      57746.4905764627       
-115698021.7984762     82555430.71376255      35667092.84549627      57746.5218264627       
-115746669.0524675     82494763.04669045      35641435.15851498      57746.5530764627       
-115795261.6321574     82434079.99404135      35615783.2525626       57746.5843264627       
-115843799.3676449     82373381.74324648      35590137.23368762      57746.6155764627       
-115892282.0800363     82312668.48796973      35564497.20783582      57746.6468264627       
-115940709.5811087     82251940.42851274      35538863.28064017      57746.6780764627       
-115989081.6729176     82191197.77230059      35513235.55720823      57746.7093264627       
-116037398.1473838     82130440.73440923      35487614.14188678      57746.7405764627       
-116085658.7859495     82069669.53803286      35461999.13795553      57746.7718264627       
-116133863.3591434     82008884.41508016      35436390.64732787      57746.8030764627       
-116182011.6261448     81948085.60679792      35410788.77021001      57746.8343264627       
-116230103.3343757     81887273.36439346      35385193.60470125      57746.8655764627       
-116278138.2190931     81826447.94968925      35359605.24634481      57746.8968264627       
-116326116.002888      81765609.63592689      35334023.78767373      57746.9280764627       
-116374036.3953041     81704758.70847362      35308449.31763908      57746.9593264627       
-116421899.0923679     81643895.46568355      35282881.92102285      57746.9905764627       
-116469703.7761491     81583020.21976432      35257321.67780206      57747.0218264627       
-116517450.1143026     81522133.29778196      35231768.66233534      57747.0530764627       
-116565137.7596783     81461235.0425915       35206222.94258439      57747.0843264627       
-116612766.3498553     81400325.81396161      35180684.57924101      57747.1155764627       
-116660335.506857      81339405.98958436      35155153.62465671      57747.1468264627       
-116707844.8366866     81278475.96639247      35129630.12178709      57747.1780764627       
-116755293.9290765     81217536.16173676      35104114.10293069      57747.2093264627       
-116802682.3571887     81156587.01474826      35078605.58839185      57747.2405764627       
-116850009.6773745     81095628.98777191      35053104.58500701      57747.2718264627       
-116897275.4290859     81034662.56777741      35027611.08448169      57747.3030764627       
-116944479.134796      80973688.26793447      35002125.06160746      57747.3343264627       
-116991620.3000345     80912706.62924667      34976646.472301        57747.3655764627       
-117038698.4135927     80851718.2221977       34951175.25143351      57747.3968264627       
-117085712.947834      80790723.6485101       34925711.3104829       57747.4280764627       
-117132663.3592236     80729723.54290387      34900254.53494993      57747.4593264627       
-117179549.089011      80668718.57495965      34874804.78157532      57747.4905764627       
-117226369.5641931     80607709.45095858      34849361.87529592      57747.5218264627       
-117273124.1987013     80546696.91579637      34823925.60597902      57747.5530764627       
-117319812.3949904     80485681.75478241      34798495.72485356      57747.5843264627       
-117366433.545911      80424664.79549624      34773071.94071835      57747.6155764627       
-117412987.0370001     80363646.90956376      34747653.9158797       57747.6468264627       
-117459472.2492785     80302629.01427211      34722241.26180319      57747.6780764627       
-117505888.5625241     80241612.07408029      34696833.53453374      57747.7093264627       
-117552235.3591679     80180597.10186554      34671430.22985578      57747.7405764627       
-117598512.0287869     80119585.1599452       34646030.77826541      57747.7718264627       
-117644717.9732897     80058577.36075731      34620634.53977499      57747.8030764627       
-117690852.6129431     79997574.86700943      34595240.79855724      57747.8343264627       
-117736915.3931398     79936578.89138846      34569848.75757969      57747.8655764627       
-117782905.7920327     79875590.69563082      34544457.53327638      57747.8968264627       
-117828823.3291723     79814611.58872044      34519066.15031614      57747.9280764627       
-117874667.5748991     79753642.92441659      34493673.53674136      57747.9593264627       
-117920438.1608828     79692686.09750775      34468278.51942973      57747.9905764627       
-117966134.7913926     79631742.53913285      34442879.82026876      57748.0218264627       
-118011757.2554543     79570813.71077764      34417476.05313846      57748.0530764627       
-118057305.4398196     79509901.09679402      34392065.72192311      57748.0843264627       
-118102779.3424394     79449006.19552919      34366647.2198889       57748.1155764627       
-118148179.0863777     79388130.50881903      34341218.83062383      57748.1468264627       
-118193504.9337957     79327275.52993348      34315778.73086995      57748.1780764627       
-118238757.2998177     79266442.72981329      34290324.99544369      57748.2093264627       
-118283936.7657363     79205633.54185867      34264855.60457462      57748.2405764627       
-118329044.0911358     79144849.34537865      34239368.45385829      57748.2718264627       
-118374080.2246582     79084091.44765912      34213861.36685871      57748.3030764627       
-118419046.312501      79023361.06543341      34188332.11063756      57748.3343264627       
-118463943.7045014     78962659.30567604      34162778.4139736       57748.3655764627       
-118508773.95703       78901987.14652729      34137197.98826654      57748.3968264627       
-118553538.832324      78841345.41878317      34111588.55079413      57748.4280764627       
-118598240.2939645     78780734.78845839      34085947.84986372      57748.4593264627       
-118642880.4980889     78720155.74124056      34060273.69138755      57748.4905764627       
-118687461.7803129     78659608.56935975      34034563.96616736      57748.5218264627       
-118731986.6385331     78599093.3613302       34008816.67706844      57748.5530764627       
-118776457.7116075     78538609.99538231      33983029.96539708      57748.5843264627       
-118820877.7547536     78478158.1364764       33957202.13543011      57748.6155764627       
-118865249.6119088     78417737.23759483      33931331.67649268      57748.6468264627       
-118909576.1860429     78357346.54509647      33905417.28174192      57748.6780764627       
-118953860.4083264     78296985.10797286      33879457.863043        57748.7093264627       
-118998105.2069449     78236651.79088657      33853452.56158199      57748.7405764627       
-119042313.4765684     78176345.29044221      33827400.75392898      57748.7718264627       
-119086488.0494318     78116064.15401737      33801302.05346356      57748.8030764627       
-119130631.6686405     78055806.80069275      33775156.30739721      57748.8343264627       
-119174746.9644762     77995571.54340491      33748963.58963968      57748.8655764627       
-119218836.4340801     77935356.61173053      33722724.19002456      57748.8968264627       
-119262902.4249084     77875160.1745134       33696438.60041435      57748.9280764627       
-119306947.1219883     77814980.36184762      33670107.49837157      57748.9593264627       
-119350972.5390285     77754815.28579846      33643731.72901128      57748.9905764627       
-119394980.5131918     77694663.05946516      33617312.28571548      57749.0218264627       
-119438972.7029814     77634521.81448434      33590850.29037119      57749.0530764627       
-119482950.5894937     77574389.71591434      33564346.97350522      57749.0843264627       
-119526915.4800798     77514264.97517756      33537803.65495879      57749.1155764627       
-119570868.5141207     77454145.86086564      33511221.72542353      57749.1468264627       
-119614810.6706299     77394030.70728293      33484602.62907274      57749.1780764627       
-119658742.7770879     77333917.92108175      33457947.84758563      57749.2093264627       
-119702665.5192018     77273805.98605564      33431258.88565441      57749.2405764627       
-119746579.4513416     77213693.46616028      33404537.25798877      57749.2718264627       
-119790485.007094      77153579.00729406      33377784.4779718       57749.3030764627       
-119834382.5100629     77093461.33755918      33351002.04772442      57749.3343264627       
-119878272.1843369     77033339.2666834       33324191.44971989      57749.3655764627       
-119922154.16467       76973211.68452117      33297354.13974051      57749.3968264627       
-119966028.5062829     76913077.55877419      33270491.54105541      57749.4280764627       
-120009895.1940445     76852935.93227939      33243605.03978685      57749.4593264627       
-120053754.1511128     76792785.91982949      33216695.98127135      57749.4905764627       
-120097605.2468999     76732626.70477399      33189765.66735322      57749.5218264627       
-120141448.3044827     76672457.53532931      33162815.35442188      57749.5530764627       
-120185283.1073051     76612277.72088763      33135846.25217405      57749.5843264627       
-120229109.4052595     76552086.6282969       33108859.52295931      57749.6155764627       
-120272926.9202486     76491883.67807187      33081856.28157607      57749.6468264627       
-120316735.3511156     76431668.34076327      33054837.59551555      57749.6780764627       
-120360534.3780027     76371440.1334876       33027804.48556682      57749.7093264627       
-120404323.6663822     76311198.61637366      33000757.92660216      57749.7405764627       
-120448102.870425      76250943.38942865      32973698.84869664      57749.7718264627       
-120491871.6361172     76190674.08935139      32946628.13832344      57749.8030764627       
-120535629.6039055     76130390.38663423      32919546.63972811      57749.8343264627       
-120579376.4109972     76070091.98283762      32892455.15639496      57749.8655764627       
-120623111.6934241     76009778.60794082      32865354.45253381      57749.8968264627       
-120666835.087752      75949450.01796019      32838245.25464611      57749.9280764627       
-120710546.2325407     75889105.99273364      32811128.25310791      57749.9593264627       
-120754244.7696548     75828746.33376844      32784004.10371049      57749.9905764627       
-120797930.3452604     75768370.86241053      32756873.42922132      57750.0218264627       
-120841602.6108006     75707979.41790192      32729736.82094854      57750.0530764627       
-120885261.2237003     75647571.8557979       32702594.84019468      57750.0843264627       
-120928905.8479385     75587148.04648337      32675448.01972054      57750.1155764627       
-120972536.1544873     75526707.87382206      32648296.86519217      57750.1468264627       
-121016151.8217843     75466251.23374398      32621141.85648668      57750.1780764627       
-121059752.5359585     75405778.03314468      32593983.449036        57750.2093264627       
-121103337.9910186     75345288.18882921      32566822.07509458      57750.2405764627       
-121146907.8890386     75284781.62646145      32539658.14491614      57750.2718264627       
-121190461.9402104     75224258.27969547      32512492.04791939      57750.3030764627       
-121233999.862847      75163718.08938555      32485324.15380077      57750.3343264627       
-121277521.3834157     75103161.00277084      32458154.81355295      57750.3655764627       
-121321026.2364613     75042586.97282395      32430984.36047467      57750.3968264627       
-121364514.1644988     74981995.95766135      32403813.11113122      57750.4280764627       
-121407984.9179541     74921387.91991164      32376641.3662248       57750.4593264627       
-121451438.255009      74860762.8262336       32349469.41146094      57750.4905764627       
-121494873.9414301     74800120.64688143      32322297.51837082      57750.5218264627       
-121538291.7504559     74739461.35521556      32295125.94504862      57750.5530764627       
-121581691.4626077     74678784.92733985      32267954.93688596      57750.5843264627       
-121625072.8654523     74618091.34182996      32240784.72729132      57750.6155764627       
-121668435.7535189     74557380.57927671      32213615.53827817      57750.6468264627       
-121711779.9280102     74496652.62213215      32186447.58113606      57750.6780764627       
-121755105.1966716     74435907.45436561      32159281.05697399      57750.7093264627       
-121798411.3735623     74375145.06127526      32132116.15728899      57750.7405764627       
-121841698.2788741     74314365.42925762      32104953.06447632      57750.7718264627       
-121884965.7387029     74253568.54566346      32077791.95233985      57750.8030764627       
-121928213.5849019     74192754.39856359      32050632.98652836      57750.8343264627       
-121971441.6548641     74131922.97663009      32023476.32498914      57750.8655764627       
-122014649.7913089     74071074.26903372      31996322.11839759      57750.8968264627       
-122057837.8421428     74010208.26525708      31969170.51052175      57750.9280764627       
-122101005.6602523     73949324.95501937      31942021.63860816      57750.9593264627       
-122144153.1033004     73888424.32821292      31914875.63374745      57750.9905764627       
-122187280.0335996     73827506.37475201      31887732.62117855      57751.0218264627       
-122230386.3179173     73766571.0845302       31860592.72061746      57751.0530764627       
-122273471.8272848     73705618.44738619      31833456.04656926      57751.0843264627       
-122316536.4368844     73644648.4529793       31806322.70858149      57751.1155764627       
-122359580.0258759     73583661.09075995      31779192.81152045      57751.1468264627       
-122402602.4771877     73522656.35000132      31752066.45585712      57751.1780764627       
-122445603.6774735     73461634.21961787      31724943.73784474      57751.2093264627       
-122488583.5168728     73400594.68826327      31697824.74980259      57751.2405764627       
-122531541.8889357     73339537.74421374      31670709.58029278      57751.2718264627       
-122574478.6904647     73278463.3753767       31643598.31433824      57751.3030764627       
-122617393.8213611     73217371.56930295      31616491.03363002      57751.3343264627       
-122660287.1845464     73156262.31310399      31589387.81668201      57751.3655764627       
-122703158.6858091     73095135.59348209      31562288.73902356      57751.3968264627       
-122746008.2337032     73033991.39669716      31535193.87335488      57751.4280764627       
-122788835.739402      72972829.70860256      31508103.2897226       57751.4593264627       
-122831641.1166365     72911650.51457269      31481017.05563967      57751.4905764627       
-122874424.2815646     72850453.79953212      31453935.2362408       57751.5218264627       
-122917185.1526452     72789239.54798605      31426857.89443072      57751.5530764627       
-122959923.6505857     72728007.74395369      31399785.09098297      57751.5843264627       
-123002639.6982224     72666758.37100187      31372716.8846752       57751.6155764627       
-123045333.2204034     72605491.4122802       31345653.33241859      57751.6468264627       
-123088004.1439466     72544206.85045792      31318594.48933857      57751.6780764627       
-123130652.397528      72482904.66776103      31291540.4088933       57751.7093264627       
-123173277.9115738     72421584.84601024      31264491.14298698      57751.7405764627       
-123215880.6182259     72360247.36656052      31237446.74203541      57751.7718264627       
-123258460.451239      72298892.2103404       31210407.25507001      57751.8030764627       
-123301017.3458871     72237519.35788095      31183372.72983282      57751.8343264627       
-123343551.238913      72176128.78928992      31156343.21284343      57751.8655764627       
-123386062.0684391     72114720.48428172      31129318.74948597      57751.8968264627       
-123428549.7739208     72053294.4221523       31102299.38406852      57751.9280764627       
-123471014.2960614     71991850.58180955      31075285.15990299      57751.9593264627       
-123513455.5767216     71930388.94181533      31048276.11938637      57751.9905764627       
-123555873.5588038     71868909.4804939       31021272.30403838      57752.0218264627       
-123598268.186412      71807412.17554982      30994273.7545744       57752.0530764627       
-123640639.4046269     71745897.0043584       30967280.51095889      57752.0843264627       
-123682987.1593933     71684363.94405295      30940292.61248019      57752.1155764627       
-123725311.3975472     71622812.97140047      30913310.09777314      57752.1468264627       
-123767612.0667335     71561244.06284396      30886333.00488357      57752.1780764627       
-123809889.1153244     71499657.19454573      30859361.37133036      57752.2093264627       
-123852142.4924094     71438052.34233028      30832395.23412196      57752.2405764627       
-123894372.147716      71376429.48172744      30805434.62981403      57752.2718264627       
-123936578.0315312     71314788.58801544      30778479.59456494      57752.3030764627       
-123978760.0946931     71253129.63616441      30751530.16414591      57752.3343264627       
-124020918.2885139     71191452.60087925      30724586.37399255      57752.3655764627       
-124063052.564703      71129757.45664343      30697648.25925452      57752.3968264627       
-124105162.8753601     71068044.17766228      30670715.85479992      57752.4280764627       
-124147249.1728995     71006312.73790655      30643789.19526143      57752.4593264627       
-124189311.4099742     70944563.11115624      30616868.31508055      57752.4905764627       
-124231349.5394696     70882795.27094446      30589953.2485069       57752.5218264627       
-124273363.5144282     70821009.19060124      30563044.02963921      57752.5530764627       
-124315353.2879743     70759204.84329821      30536140.69246474      57752.5843264627       
-124357318.8133074     70697382.20199251      30509243.27085371      57752.6155764627       
-124399260.0436268     70635541.23947181      30482351.79859552      57752.6468264627       
-124441176.9320557     70573681.92839926      30455466.30943357      57752.6780764627       
-124483069.4316341     70511804.24125867      30428586.83705501      57752.7093264627       
-124524937.4952346     70449908.15041119      30401713.41512729      57752.7405764627       
-124566781.075524      70387993.62808591      30374846.07730422      57752.7718264627       
-124608600.1248782     70326060.64643753      30347984.85725956      57752.8030764627       
-124650394.5953729     70264109.17749292      30321129.78867068      57752.8343264627       
-124692164.438705      70202139.19319883      30294280.90524421      57752.8655764627       
-124733909.6061212     70140150.66545884      30267438.24073542      57752.8968264627       
-124775630.0483831     70078143.56611529      30240601.8289417       57752.9280764627       
-124817325.7156946     70016117.86698751      30213771.70371876      57752.9593264627       
-124858996.5576654     69954073.53985518      30186947.89897088      57752.9905764627       
-124900642.523297      69892010.55638888      30160130.44866342      57753.0218264627       
-124942263.5607371     69829928.88849021      30133319.38683983      57753.0530764627       
-124983859.6173774     69767828.50804164      30106514.74759153      57753.0843264627       
-125025430.6397786     69705709.38693923      30079716.56507026      57753.1155764627       
-125066976.5735587     69643571.49719258      30052924.87349881      57753.1468264627       
-125108497.3633721     69581414.81088038      30026139.70713591      57753.1780764627       
-125149992.9528202     69519239.30020782      29999361.10028278      57753.2093264627       
-125191463.2843599     69457044.93756585      29972589.0872876       57753.2405764627       
-125232908.2992793     69394831.69549042      29945823.70250409      57753.2718264627       
-125274327.9376038     69332599.54672463      29919064.98029134      57753.3030764627       
-125315722.1380005     69270348.46428247      29892312.95501143      57753.3343264627       
-125357090.8377492     69208078.42141315      29865567.66098063      57753.3655764627       
-125398433.9726364     69145789.39167979      29838829.13246664      57753.3968264627       
-125439751.476893      69083481.34897259      29812097.40365377      57753.4280764627       
-125481043.2830857     69021154.26759152      29785372.50863447      57753.4593264627       
-125522309.322081      68958808.1222192       29758654.48134906      57753.4905764627       
-125563549.5229412     68896442.8879969       29731943.35556597      57753.5218264627       
-125604763.8128182     68834058.54060327      29705239.16485868      57753.5530764627       
-125645952.1169138     68771655.05623469      29678541.94253511      57753.5843264627       
-125687114.3583705     68709232.41168934      29651851.72160706      57753.6155764627       
-125728250.4581617     68646790.5844547       29625168.53475571      57753.6468264627       
-125769360.3350471     68584329.55269633      29598492.41424903      57753.6780764627       
-125810443.9054606     68521849.29535183      29571823.3918985       57753.7093264627       
-125851501.0833964     68459349.79222788      29545161.49901132      57753.7405764627       
-125892531.7803614     68396831.02399969      29518506.76629368      57753.7718264627       
-125933535.90526       68334292.97231573      29491859.22379274      57753.8030764627       
-125974513.3642782     68271735.61990623      29465218.90083324      57753.8343264627       
-126015464.0608343     68209158.95059451      29438585.82590434      57753.8655764627       
-126056387.8954622     68146562.94941422      29411960.02658444      57753.8968264627       
-126097284.7656951     68083947.60273094      29385341.52945964      57753.9280764627       
-126138154.5660168     68021312.89826684      29358730.35999161      57753.9593264627       
-126178997.1877462     67958658.82523189      29332126.5424224       57753.9905764627       
-126219812.5189235     67895985.37446016      29305530.09967221      57754.0218264627       
-126260600.4442645     67833292.53844941      29278941.05318523      57754.0530764627       
-126301360.8450428     67770580.311519        29252359.42281673      57754.0843264627       
-126342093.5990193     67707848.68990558      29225785.22668238      57754.1155764627       
-126382798.5803296     67645097.67193198      29199218.48102844      57754.1468264627       
-126423475.6594502     67582327.25806879      29172659.20004404      57754.1780764627       
-126464124.7031017     67519537.45110318      29146107.39570823      57754.2093264627       
-126504745.5741576     67456728.25631402      29119563.07762768      57754.2405764627       
-126545338.1316253     67393899.68155038      29093026.25282031      57754.2718264627       
-126585902.2305675     67331051.73741786      29066496.92553296      57754.3030764627       
-126626437.7220315     67268184.43747081      29039975.09704877      57754.3343264627       
-126666944.4530534     67205297.79830801      29013460.7654399       57754.3655764627       
-126707422.2666054     67142391.83977592      28986953.92535356      57754.3968264627       
-126747871.0015554     67079466.58517697      28960454.56778734      57754.4280764627       
-126788290.4927028     67016522.06138117      28933962.67980938      57754.4593264627       
-126828680.570763      66953558.29904405      28907478.24431171      57754.4905764627       
-126869041.0623667     66890575.33282907      28881001.23975288      57754.5218264627       
-126909371.7901396     66827573.2015316       28854531.63984553      57754.5530764627       
-126949672.5727358     66764551.94830813      28828069.4132776       57754.5843264627       
-126989943.2248884     66701511.6209081       28801614.52342358      57754.6155764627       
-127030183.5575473     66638452.27180505      28775166.92800148      57754.6468264627       
-127070393.3779725     66575373.95843077      28748726.57876514      57754.6780764627       
-127110572.4898522     66512276.74340946      28722293.42118787      57754.7093264627       
-127150720.6935096     66449160.69468793      28695867.39409429      57754.7405764627       
-127190837.7860654     66386025.88577705      28669448.42933468      57754.7718264627       
-127230923.5616706     66322872.39592087      28643036.45142438      57754.8030764627       
-127270977.8117263     66259700.31032851      28616631.37720868      57754.8343264627       
-127311000.3252056     66196509.72028497      28590233.11547578      57754.8655764627       
-127350990.8889432     66133300.72335548      28563841.56661336      57754.8968264627       
-127390949.2879582     66070073.42357893      28537456.62226627      57754.9280764627       
-127430875.3058751     66006827.93154592      28511078.16495308      57754.9593264627       
-127470768.725315      65943564.36456411      28484706.06773259      57754.9905764627       
-127510629.3284087     65880282.84663676      28458340.19388335      57755.0218264627       
-127550456.8970957     65816983.50893354      28431980.39653255      57755.0530764627       
-127590251.2137786     65753666.48958777      28405626.51836386      57755.0843264627       
-127630012.0618728     65690331.93374386      28379278.39133494      57755.1155764627       
-127669739.2263927     65626979.99359056      28352935.83637253      57755.1468264627       
-127709432.4945708     65563610.82835285      28326598.66311784      57755.1780764627       
-127749091.6564782     65500224.60429827      28300266.66971866      57755.2093264627       
-127788716.5057018     65436821.49466357      28273939.64263235      57755.2405764627       
-127828306.8400837     65373401.67948833      28247617.35643796      57755.2718264627       
-127867862.4624243     65309965.34550237      28221299.57372575      57755.3030764627       
-127907383.1812054     65246512.68597352      28194986.0450277       57755.3343264627       
-127946868.8113903     65183043.90041169      28168676.50874759      57755.3655764627       
-127986319.1751705     65119559.19433375      28142370.69118316      57755.3968264627       
-128025734.1027153     65056058.778986        28116068.30659855      57755.4280764627       
-128065113.4329855     64992542.87092014      28089769.05730455      57755.4593264627       
-128104457.0144667     64929011.69164126      28063472.63384349      57755.4905764627       
-128143764.7059333     64865465.46714463      28037178.71520063      57755.5218264627       
-128183036.3771477     64801904.42748014      28010886.96910303      57755.5530764627       
-128222271.9096049     64738328.80616258      27984597.05232684      57755.5843264627       
-128261471.1971776     64674738.83964787      27958308.61110747      57755.6155764627       
-128300634.1467223     64611134.76677471      27932021.28160739      57755.6468264627       
-128339760.6787003     64547516.82807155      27905734.69039513      57755.6780764627       
-128378850.7276821     64483885.26513942      27879448.45502346      57755.7093264627       
-128417904.2427916     64420240.32001133      27853162.18465892      57755.7405764627       
-128456921.1881494     64356582.23438954      27826875.48071484      57755.7718264627       
-128495901.5431813     64292911.24897254      27800587.93757327      57755.8030764627       
-128534845.3028534     64229227.60277377      27774299.1433467       57755.8343264627       
-128573752.4778928     64165531.53233368      27748008.68062929      57755.8655764627       
-128612623.0948636     64101823.27103819      27721716.12732211      57755.8968264627       
-128651457.1961621     64038103.04844569      27695421.0574813       57755.9280764627       
-128690254.8399913     63974371.0895243       27669123.04213813      57755.9593264627       
-128729016.1001903     63910627.61401273      27642821.65017424      57755.9905764627       
-128767741.0659483     63846872.83587208      27616516.44920554      57756.0218264627       
-128806429.841625      63783106.9624231       27590207.00640061      57756.0530764627       
-128845082.5462802     63719330.19391924      27563892.88935659      57756.0843264627       
-128883699.3131871     63655542.7230487       27537573.66695154      57756.1155764627       
-128922280.2893603     63591744.73433506      27511248.91012722      57756.1468264627       
-128960825.634932      63527936.4037377       27484918.19270187      57756.1780764627       
-128999335.5225404     63464117.89818496      27458581.09210067      57756.2093264627       
-129037810.1365983     63400289.37527298      27432237.1900993       57756.2405764627       
-129076249.6725537     63336450.98295838      27405886.07350167      57756.2718264627       
-129114654.3361479     63272602.85924529      27379527.33474807      57756.3030764627       
-129153024.3425889     63208745.13201729      27353160.57251627      57756.3343264627       
-129191359.915703      63144877.91892136      27326785.39227309      57756.3655764627       
-129229661.2871329     63081001.32719868      27300401.40672997      57756.3968264627       
-129267928.6954653     63017115.45366914      27274008.23629164      57756.4280764627       
-129306162.3853574     62953220.38476352      27247605.50945253      57756.4593264627       
-129344362.606729      62889316.19649693      27221192.86309593      57756.4905764627       
-129376518.8432893     62835472.66951532      27198933.39839489      57756.516903228        
