388641.8789714168      -0.03822355249576503   -66558.84609606031     57727                  
388641.8782028981      -4.842533047383768     -66558.84345175096     57727.00069444445      
388641.8136027866      -44.34596436020365     -66558.62120354839     57727.00640573971      
388641.518096744       -104.1194472549614     -66557.6044469496      57727.01505186895      
388641.6108709736      -106.6682866852643     -66556.7303817088      57727.01574631339      
388641.8262063544      -105.835036051416      -66555.2207613494      57727.01622083383      
388642.2358987648      -103.0940787606814     -66552.44466482381     57727.01691527828      
388645.4965136024      -81.42481434863294     -66530.31552014165     57727.02240440577      
388664.8136395849      42.05926422167977      -66398.03862077888     57727.05365440577      
388685.4172014521      165.7184725607221      -66255.03736053777     57727.08490440577      
388707.3119105467      289.5139831910565      -66101.28664294374     57727.11615440577      
388730.5025413131      413.4066241278415      -65936.75920925099     57727.14740440577      
388754.9939449333      537.3568630230438      -65761.42558391896     57727.17865440577      
388780.7910639273      661.3247835862858      -65575.25401509502     57727.20990440577      
388807.8989477788      785.2700613889465      -65378.21040985186     57727.24115440577      
388836.3227696408      909.1519425459701      -65170.25826390358     57727.27240440577      
388866.0678442018      1032.929216632605      -64951.35858549511     57727.30365440577      
388897.1396467837      1156.560190462485      -64721.46981313002     57727.33490440577      
388929.5438337544      1280.002659908896      -64480.54772676561     57727.36615440577      
388963.2862643499      1403.213880535281      -64228.54535207005     57727.39740440577      
388998.3730240148      1526.150533744185      -63965.41285729587     57727.42865440577      
389034.8104493397      1648.76869817399       -63691.09744227758     57727.45990440577      
389072.6051547831      1771.023808199563      -63405.54321901497     57727.49115440577      
389111.7640612416      1892.870618669695      -63108.69108324934     57727.52240440577      
389152.2944266454      2014.263167140227      -62800.47857637988     57727.55365440577      
389194.2038787878      2135.154724844047      -62480.8397370037      57727.58490440577      
389237.5004504783      2255.497755468154      -62149.70494128704     57727.61615440577      
389282.1926173064      2375.243863497926      -61807.00073129844     57727.64740440577      
389328.2893381877      2494.34374216351       -61452.64963033989     57727.67865440577      
389375.8000989703      2612.747114816615      -61086.5699442161      57727.70990440577      
389424.7349593337      2730.402676562604      -60708.67554726524     57727.74115440577      
389475.1046033374      2847.258026757321      -60318.87565185156     57727.77240440577      
389526.9203939205      2963.259598659002      -59917.07455987716     57727.80365440577      
389580.1944317412      3078.352583488871      -59503.17139471091     57727.83490440577      
389634.9396188039      3192.480845647413      -59077.05981175425     57727.86615440577      
389691.1697272699      3305.586838346993      -58638.62768565872     57727.89740440577      
389748.899474124       3417.611500993335      -58187.75677198183     57727.92865440577      
389808.1446021472      3528.494156851717      -57724.32234080682     57727.95990440577      
389868.921967927       3638.172401582138      -57248.19277955388     57727.99115440577      
389931.2496377516      3746.581973114044      -56759.22916187422     57728.02240440577      
389995.1469920727      3853.656621061862      -56257.28477912902     57728.05365440577      
390060.6348396769      3959.327956438225      -55742.20463051417     57728.08490440577      
390127.7355425783      4063.525290561091      -55213.82486738016     57728.11615440577      
390196.4731529615      4166.175455221484      -54671.97218671133     57728.14740440577      
390266.8735635105      4267.202612582652      -54116.46316804774     57728.17865440577      
390338.9646729678      4366.528034684161      -53547.10354734847     57728.20990440577      
390412.7765686233      4464.069869427156      -52963.68742037914     57728.24115440577      
390488.3417280107      4559.742881672326      -52365.99636714059     57728.27240440577      
390565.695242449       4653.458157182999      -51753.79848760634     57728.30365440577      
390644.875065111       4745.122788122702      -51126.84733757117     57728.33490440577      
390725.9222873483      4834.639508713641      -50484.88075168385     57728.36615440577      
390808.8814469984      4921.906298415648      -49827.61953869331     57728.39740440577      
390893.8008734587      5006.815937619765      -49154.76603150614     57728.42865440577      
390980.7330751338      5089.25550022762       -48466.00247175762     57728.45990440577      
391069.7351755218      5169.105794129056      -47760.98920512365     57728.49115440577      
391160.8694058728      5246.240721672439      -47039.36265942147     57728.52240440577      
391254.203663487       5320.526558691847      -46300.73307248973     57728.55365440577      
391349.8121467439      5391.821131669727      -45544.68193069061     57728.58490440577      
391447.7760799729      5459.972886420459      -44770.75907135887     57728.61615440577      
391548.184544452       5524.819809723289      -43978.47939328213     57728.64740440577      
391651.1354347878      5586.188198294461      -43167.31910786467     57728.67865440577      
391756.7365646867      5643.891235947747      -42336.71144939435     57728.70990440577      
391865.1069516829      5697.727333133291      -41486.04174499417     57728.74115440577      
391976.3783171289      5747.478198342622      -40614.64172231409     57728.77240440577      
392090.6968472159      5792.906574847671      -39721.7829043575      57728.80365440577      
392208.2252726633      5833.753560603349      -38806.66890406231     57728.83490440577      
392329.1453398357      5869.735437265153      -37868.4263836506      57728.86615440577      
392453.6607671668      5900.539870450615      -36906.09438154452     57728.89740440577      
392582.0008079004      5925.821336088593      -35918.61162749284     57728.92865440577      
392714.4245776445      5945.19556679139       -34904.8013568591      57728.95990440577      
392851.2263563417      5958.232750614785      -33863.35298678902     57728.99115440577      
392992.7421454752      5964.449119134395      -32792.79981400606     57729.02240440577      
393139.3578616112      5963.296445769025      -31691.49161207723     57729.05365440577      
393291.5196920484      5954.148761630968      -30557.56060824462     57729.08490440577      
393449.7473486772      5936.285362093193      -29388.87874895366     57729.11615440577      
393614.6512712552      5908.868743300871      -28183.00332775822     57729.14740440577      
393786.9553115291      5870.915487397957      -26937.10680051149     57729.17865440577      
393967.5271808988      5821.257170508892      -25647.88470107711     57729.20990440577      
394157.4201556764      5758.486760153464      -24311.43256441019     57729.24115440577      
394357.931548655       5680.883374638415      -22923.07788864745     57729.27240440577      
394570.6869377801      5586.303735986516      -21477.14497858128     57729.30365440577      
394797.7654292446      5472.020420064251      -19966.61618183208     57729.33490440577      
395041.8931840087      5334.47135136287       -18382.62671106987     57729.36615440577      
395306.7566175828      5168.853147238984      -16713.67904352615     57729.39740440577      
395597.5394810666      4968.421120934267      -14944.35600180929     57729.42865440577      
395921.9149566504      4723.190006116563      -13053.06789159285     57729.45990440577      
396292.0699687016      4417.266514104638      -11007.74589685874     57729.49115440577      
396729.4619153531      4022.530174057067      -8756.531703239958     57729.52240440577      
397209.5669789343      3550.983930760733      -6507.396691954527     57729.55017834913      
397552.9870970217      3190.762199012477      -5051.387114491066     57729.56620799169      
397874.24252677        2837.311182074985      -3812.606705885748     57729.57855577947      
398118.0954925666      2558.647039041429      -2956.46877494396      57729.58635281778      
398348.8490628416      2286.776297495331      -2216.936087112559     57729.59257515902      
398563.3996813511      2026.820262313883      -1594.20200067392      57729.59742885221      
398766.5677552363      1774.160977573863      -1065.313559763965     57729.60126527575      
398965.5540426463      1520.380455090326      -608.0103475376636     57729.60437163135      
399172.0085596188      1250.146248810167      -201.1756570572161     57729.60698695875      
399340.0314718549      1024.688590483734      75.56830874390107      57729.60871618224      
399505.9052724256      796.8879239704502      297.3941987685339      57729.61012535834      
399664.1482064126      574.322385331101       457.8129985816759      57729.6112452494       
399797.9886251601      381.7114312755566      551.3554114091421      57729.61206326286      
399950.0007211919      157.5823365634951      606.648696098835       57729.6129016115       
400093.0044399631      -59.09495142803917     604.4247219791669      57729.61366127198      
400225.2472210629      -265.1847764574595     550.4365420360864      57729.61440035664      
400335.9289344271      -442.4907090907309     462.5606783417006      57729.61509671286      
400450.3335511358      -631.0574832618868     325.9610363367028      57729.61594723651      
400546.3177813605      -794.0384692986117     171.0904591701783      57729.61681317558      
400643.2410841258      -963.7483682425845     -27.52803308970761     57729.61788467803      
400742.5447384948      -1143.908045777873     -281.4352935497263     57729.61925998955      
400842.4768596739      -1332.92431316358      -597.2902047506523     57729.62102699184      
400942.4730952902      -1531.658249898726     -986.4051285912556     57729.62332031055      
401043.6756170071      -1745.376494818239     -1473.445049737133     57729.6263893701       
401140.5403996283      -1965.972669136563     -2055.204788177512     57729.63034808933      
401232.214229881       -2195.589768404803     -2752.097844904574     57729.63549948609      
401316.8374364892      -2435.885821615588     -3589.506748457343     57729.64225480647      
401391.2342402291      -2687.716499022605     -4597.617428514426     57729.65116432714      
401450.6756319567      -2951.155669645146     -5812.542195348116     57729.66296880446      
401488.4646553491      -3225.396081177885     -7277.836765202559     57729.67867312032      
401495.287221715       -3508.361950514238     -9045.631041020777     57729.69964274904      
401458.3380274437      -3796.151949948304     -11177.93523795276     57729.72773907735      
401379.9520067803      -4038.96737426366      -13323.85470202764     57729.75898907735      
401276.7130937921      -4227.660401792249     -15294.17952825291     57729.79023907735      
401156.6018390668      -4377.666344259892     -17127.91805141723     57729.82148907735      
401024.3381132104      -4498.295247788948     -18850.67779988899     57729.85273907735      
400882.9573947754      -4595.636459076127     -20480.41423849939     57729.88398907735      
400734.5338235361      -4673.912537342558     -22030.33303572971     57729.91523907735      
400580.5514752803      -4736.184327153966     -23510.50492141756     57729.94648907735      
400422.111537944       -4784.749389551778     -24928.83159582696     57729.97773907735      
400260.0555742255      -4821.381796208485     -26291.65679777539     57730.00898907735      
400095.0427012076      -4847.483882949438     -27604.1706166709      57730.04023907735      
399927.5999736037      -4864.186291913233     -28870.68701117281     57730.07148907735      
399758.1564364928      -4872.416215963494     -30094.8402266407      57730.10273907735      
399587.0668270477      -4872.945324379107     -31279.7274722771      57730.13398907735      
399414.6284929287      -4866.424248086671     -32428.01490090941     57730.16523907735      
399241.0937354582      -4853.407945502284     -33542.01787115811     57730.19648907735      
399066.6789889869      -4834.374707707602     -34623.76277477306     57730.22773907735      
398891.5717637172      -4809.740641616934     -35675.03538436761     57730.25898907735      
398715.9359765753      -4779.870862310598     -36697.41916967781     57730.29023907735      
398539.9160996735      -4745.088273000652     -37692.32603011037     57730.32148907735      
398363.6404281572      -4705.680519784773     -38661.02121250443     57730.35273907735      
398187.223682681       -4661.905565980198     -39604.64371316608     57730.38398907735      
398010.7691026445      -4613.996212890377     -40524.22313214879     57730.41523907735      
397834.370145396       -4562.163782467138     -41420.69371065589     57730.44648907735      
397658.1118769417      -4506.601156789024     -42294.90611012301     57730.47773907735      
397482.072118995       -4447.485297543044     -43147.63736460528     57730.50898907735      
397306.3224016898      -4384.979354149253     -43979.59934342426     57730.54023907735      
397130.9287601176      -4319.234432636225     -44791.44598961344     57730.57148907735      
396955.9524042297      -4250.391096218907     -45583.77954525466     57730.60273907735      
396781.4502854201      -4178.580642914792     -46357.15593288122     57730.63398907735      
396607.4755782876      -4103.926191799452     -47112.08942955699     57730.66523907735      
396434.0780920921      -4026.543627161784     -47849.05674472466     57730.69648907735      
396261.3046239172      -3946.542405897353     -48568.500592763       57730.72773907735      
396089.1992629984      -3864.026257394207     -49270.83283515931     57730.75898907735      
395917.8036539146      -3779.093801421706     -49956.43725435426     57730.79023907735      
395747.1572251982      -3691.839077915338     -50625.67201095534     57730.82148907735      
395577.2973884312      -3602.352018508775     -51278.8718276061      57730.85273907735      
395408.2597122683      -3510.718858639352     -51916.34993593427     57730.88398907735      
395240.0780749411      -3417.022504586684     -52538.39981736851     57730.91523907735      
395072.7847983488      -3321.342851443619     -53145.29676396494     57730.94648907735      
394906.4107661218      -3223.757076076236     -53737.29928152981     57730.97773907735      
394740.9855279517      -3124.339889935965     -54314.65035411523     57731.00898907735      
394576.5373919308      -3023.163764514388     -54877.57858627526     57731.04023907735      
394413.0935063716      -2920.299141177835     -55426.2992372137      57731.07148907735      
394250.679932551       -2815.8146116877       -55961.01515904777     57731.10273907735      
394089.321709429       -2709.777080237885     -56481.91764979831     57731.13398907735      
393929.0429112556      -2602.251917957808     -56989.18723034389     57731.16523907735      
393769.8666990316      -2493.303091435402     -57482.99435340565     57731.19648907735      
393611.8153663985      -2382.993288598791     -57963.50005162624     57731.22773907735      
393454.910380706       -2271.384023049622     -58430.85653094493     57731.25898907735      
393299.1724196719      -2158.535739795574     -58885.20771472952     57731.29023907735      
393144.621404223       -2044.507903139824     -59326.68974348206     57731.32148907735      
392991.2765278709      -1929.359076450416     -59755.43143438193     57731.35273907735      
392839.1562829508      -1813.147003426777     -60171.55470444416     57731.38398907735      
392688.2784841293      -1695.928671729385     -60575.17496065071     57731.41523907735      
392538.6602893741      -1577.760378104785     -60966.40146004436     57731.44648907735      
392390.31821868        -1458.697784955666     -61345.33764245153     57731.47773907735      
392243.2681707402      -1338.795975336881     -61712.08143821762     57731.50898907735      
392097.5254377901      -1218.109496198729     -62066.72555308959     57731.54023907735      
391953.1047187349      -1096.692408777762     -62409.35773215911     57731.57148907735      
391810.0201307733      -974.5983266151943     -62740.06100458709     57731.60273907735      
391668.2852196174      -851.8804503096758     -63058.91391065538     57731.63398907735      
391527.9129684175      -728.5916076252515     -63365.99071254172     57731.66523907735      
391388.9158055299      -604.7842825612775     -63661.36159007371     57731.69648907735      
391251.3056111985      -480.5106419436333     -63945.09282260008     57731.72773907735      
391115.0937232329      -355.8225685466723     -64217.24695800539     57731.75898907735      
390980.2909417727      -230.7716810343927     -64477.88296980016     57731.79023907735      
390846.9075331903      -105.4093594076412     -64727.05640312802     57731.82148907735      
390714.9532331959      20.21323452946581      -64964.81951045594     57731.85273907735      
390584.4372492011      146.0451350587546      -65191.22137764034     57731.88398907735      
390455.3682619769      272.0355593215281      -65406.30804100064     57731.91523907735      
390327.754426663       398.1338843161984      -65610.12259597081     57731.94648907735      
390201.6033731505      524.2896339438767      -65802.7052978507      57731.97773907735      
390076.9222058691      650.4524671990612      -65984.09365512773     57732.00898907735      
389953.7175030308      776.5721585944739      -66154.32251579943     57732.04023907735      
389831.9953153143      902.5985911523603      -66313.42414708548     57732.07148907735      
389711.761164053       1028.481740537391      -66461.42830888185     57732.10273907735      
389593.0200389061      1154.171667436196      -66598.36232127815     57732.13398907735      
389475.7763950569      1279.618506043631      -66724.25112642569     57732.16523907735      
389360.0341499438      1404.772452772018      -66839.11734501852     57732.19648907735      
389245.7966794983      1529.583762565746      -66942.98132762087     57732.22773907735      
389133.0668139733      1654.002734636448      -67035.86120105207     57732.25898907735      
389021.8468332824      1777.979707558434      -67117.77291001541     57732.29023907735      
388912.1384618856      1901.465054851464      -67188.73025413774     57732.32148907735      
388803.942863268       2024.409172153157      -67248.74492056514     57732.35273907735      
388697.2606339112      2146.762475958081      -67297.82651224171     57732.38398907735      
388592.0917968416      2268.475395261303      -67335.98257198009     57732.41523907735      
388488.4357946991      2389.498366777032      -67363.21860241532     57732.44648907735      
388386.2914823505      2509.781827170125      -67379.53808191643     57732.47773907735      
388285.6571189681      2629.276212993769      -67384.94247651451     57732.50898907735      
388260.4105378227      2659.407372951197      -67384.57896667838     57732.516903228        
388258.1998346124      2662.048703218827      -67384.51365837765     57732.51759767245      
388240.9287598963      2682.700164059166      -67383.81659285632     57732.52303107444      
388142.4785071556      2800.962912479723      -67373.39978831376     57732.55428107444      
388045.5313695043      2918.315137777789      -67352.06303009644     57732.58553107444      
387950.08348381        3034.707226202927      -67319.80087979158     57732.61678107444      
387856.1303498854      3150.089537688134      -67276.60589220165     57732.64803107444      
387763.6668196016      3264.412406524363      -67222.46860591983     57732.67928107444      
387672.6870854772      3377.626130835524      -67157.3775299305      57732.71053107444      
387583.1846685414      3489.680970931906      -67081.3191261785      57732.74178107444      
387495.1524055058      3600.527147631688      -66994.2777880354      57732.77303107444      
387408.5824352963      3710.114831601924      -66896.23581457445     57732.80428107444      
387323.4661847125      3818.394143836951      -66787.17338054787     57732.83553107444      
387239.794353338       3925.31514896049       -66667.06850194425     57732.86678107444      
387157.5568975861      4030.827848806566      -66535.8969969816      57732.89803107444      
387076.7430137726      4134.882180474971      -66393.63244237573     57732.92928107444      
386997.3411202891      4237.428006602808      -66240.24612469858     57732.96053107444      
386919.3388386159      4338.415115198772      -66075.70698662226     57732.99178107444      
386842.7229733467      4437.793207365787      -65899.98156781729     57733.02303107444      
386767.4794909062      4535.511893551196      -65713.03394024991     57733.05428107444      
386693.5934969744      4631.520689351557      -65514.82563759487     57733.08553107444      
386621.0492126287      4725.769001846154      -65305.3155784485      57733.11678107444      
386549.8299488543      4818.206126668993      -65084.45998299723     57733.14803107444      
386479.9180795338      4908.781236900202      -64852.21228275725     57733.17928107444      
386411.2950126555      4997.44337455049       -64608.5230229658      57733.21053107444      
386343.9411596834      5084.141437952047      -64353.33975715905     57733.24178107444      
386277.8359027887      5168.824175849015      -64086.60693342644     57733.27303107444      
386212.9575600282      5251.440169179277      -63808.26577178042     57733.30428107444      
386149.283347998       5331.937821259606      -63518.25413202162     57733.33553107444      
386086.7893419214      5410.265343974021      -63216.50637142041     57733.36678107444      
386025.4504329237      5486.370741260438      -62902.95319146291     57733.39803107444      
385965.2402822275      5560.201790705247      -62577.52147283666     57733.42928107444      
385906.131271917       5631.706027861772      -62240.13409774167     57733.46053107444      
385848.0944520886      5700.830724109026      -61890.70975852201     57733.49178107444      
385791.099483932       5767.522865477637      -61529.16275150385     57733.52303107444      
385735.1145784458      5831.729126064529      -61155.40275480801     57733.55428107444      
385680.1064301912      5893.395846778403      -60769.33458877496     57733.58553107444      
385626.0401458933      5952.469000120942      -60370.85795748611     57733.61678107444      
385572.8791670311      6008.894161699762      -59959.86716970305     57733.64803107444      
385520.5851860025      6062.616475794544      -59536.25083735349     57733.67928107444      
385469.1180551748      6113.580615586714      -59099.89154948041     57733.71053107444      
385418.4356879903      6161.730741977863      -58650.66551932861     57733.74178107444      
385368.4939513625      6207.010454840762      -58188.44220196964     57733.77303107444      
385319.2465482107      6249.362747242521      -57713.08387955079     57733.80428107444      
385270.6448893532      6288.729942948012      -57224.44521090036     57733.83553107444      
385222.6379531733      6325.053637192796      -56722.37274181296     57733.86678107444      
385175.1721317882      6358.274630954595      -56206.70437187066     57733.89803107444      
385128.1910622595      6388.332849282317      -55677.26877312177     57733.92928107444      
385081.6354406928      6415.167260561284      -55133.88475531872     57733.96053107444      
385035.4428173178      6438.715783698706      -54576.3605717005      57733.99178107444      
384989.5473701018      6458.915183009412      -54004.49315848264     57734.02303107444      
384943.8796540182      6475.700953793694      -53418.06730024719     57734.05428107444      
384898.3663228338      6489.007191268491      -52816.85471230777     57734.08553107444      
384852.9298194595      6498.766452166357      -52200.61302980669     57734.11678107444      
384807.4880308333      6504.909587597249      -51569.08469175889     57734.14803107444      
384761.953901856       6507.365565997061      -50921.99570643969     57734.17928107444      
384716.235002619       6506.061270771315      -50259.05428235458     57734.21053107444      
384670.2330418634      6500.921270256647      -49579.94930647934     57734.24178107444      
384623.8433182876      6491.867560433733      -48884.3486484036      57734.27303107444      
384576.9540999389      6478.819269924163      -48171.89726535822     57734.30428107444      
384529.4459197518      6461.692332923787      -47442.21507870822     57734.33553107444      
384481.1907735115      6440.399104045922      -46694.89458717249     57734.36678107444      
384432.05120297        6414.847928058723      -45929.49817556817     57734.39803107444      
384381.8792438328      6384.942645770898      -45145.55506996904     57734.42928107444      
384330.5152139209      6350.582015721007      -44342.55788046113     57734.46053107444      
384277.7863108083      6311.659055617343      -43519.95866065992     57734.49178107444      
384223.5049817712      6268.060274079162      -42677.16439821312     57734.52303107444      
384167.4670197389      6219.664772319837      -41813.53183178023     57734.55428107444      
384109.4493274549      6166.343193669865      -40928.3614663529      57734.58553107444      
384049.207277425       6107.956481894318      -40020.89062872116     57734.61678107444      
383986.4715756294      6044.354417716997      -39090.28536636275     57734.64803107444      
383920.9445120214      5975.373860684933      -38135.63094318673     57734.67928107444      
383852.2954462365      5900.836649562531      -37155.92062048189     57734.71053107444      
383780.1553318451      5820.547059867102      -36150.04232557435     57734.74178107444      
383704.1100200263      5734.288703369293      -35116.76269620456     57734.77303107444      
383623.6919976047      5641.820720065647      -34054.70783412726     57734.80428107444      
383538.3700943193      5542.873050189424      -32962.33989019642     57734.83553107444      
383447.5365230267      5437.140516679981      -31837.92831033556     57734.86678107444      
383350.4903699443      5324.275310521425      -30679.51415941883     57734.89803107444      
383246.4162875512      5203.877356229681      -29484.8653495514      57734.92928107444      
383134.3565963423      5075.481766373014      -28251.41973753915     57734.96053107444      
383013.1741601819      4938.542250511291      -26976.21177253136     57734.99178107444      
382881.5020725493      4792.408787636796      -25655.77641710392     57735.02303107444      
382737.6740349696      4636.296959021958      -24286.02100041178     57735.05428107444      
382579.6256891238      4469.244849532035      -22862.05071993018     57735.08553107444      
382404.7508531178      4290.050812260415      -21377.9252627887      57735.11678107444      
382209.6851117572      4097.180721698434      -19826.30970893492     57735.14803107444      
381989.9671365482      3888.624442780812      -18197.95687825917     57735.17928107444      
381739.48301889        3661.663292890535      -16480.90838655579     57735.21053107444      
381449.4994968018      3412.471222235115      -14659.19938499978     57735.24178107444      
381106.8508312317      3135.379249523841      -12710.62448423033     57735.27303107444      
380690.1816818892      2821.38124563223       -10602.56164263061     57735.30428107444      
380160.9906735692      2454.658812256996      -8283.269866214716     57735.33553107444      
379437.1709745161      2002.647473237299      -5660.74060821021      57735.36678107444      
379004.8713599772      1756.07698071987       -4355.157323409483     57735.38065752242      
378456.2477443529      1464.881321500947      -2943.3335147404       57735.39435965641      
377985.929188879       1232.469756895414      -1929.616602793889     57735.40335060652      
377448.4151336087      984.2088427444251      -971.4150926614238     57735.41121728145      
376995.1257001202      787.8975517211693      -315.0397232365212     57735.41630135085      
376533.0120928156      599.0273615025144      222.9233929957554      57735.42037296324      
376038.7713384239      408.706298074354       662.7649945132434      57735.42380282206      
375613.9680294707      254.1738718571396      936.8431524844782      57735.42620638333      
375157.6008653678      96.98593201859694      1131.529208265129      57735.42842157683      
374654.6818642418      -66.12113789266732     1234.383380584797      57735.43062457167      
374132.6275629033      -224.6533031375402     1225.870654094586      57735.43285514078      
373685.4709327729      -351.9754821826973     1131.515592190699      57735.43486554048      
373148.5027499147      -494.7853762910563     919.2277300866554      57735.4375588274       
372711.643234164       -602.9743233987319     671.8421065948496      57735.44007919675      
372253.9996443911      -708.6891670912519     345.3226877978013      57735.4431255012       
371708.9102404605      -824.4725715711575     -127.9592705946707     57735.44740120815      
371101.1984262073      -940.5707399147286     -756.3736955977511     57735.45313004698      
370444.8016467483      -1050.5083188463       -1545.447659221623     57735.46060969901      
369744.9402026251      -1149.855840660744     -2502.740462285496     57735.47022490972      
368986.4933566247      -1236.381408255493     -3663.65335780388      57735.48272983338      
368152.9673054329      -1305.614706675493     -5073.962342061568     57735.49916479755      
367227.4462564792      -1350.00802617937      -6788.395451854856     57735.52093390932      
366191.6058123431      -1358.030823696616     -8872.123078303644     57735.54994526329      
365238.3242084996      -1325.389884883665     -10926.18386992137     57735.58119526329      
364399.5610834455      -1264.054975804109     -12829.64900060129     57735.61244526329      
363644.1786527201      -1182.048222971898     -14613.19163885902     57735.64369526329      
362952.9029350964      -1084.297106009588     -16297.6850086661      57735.67494526329      
362312.8722169231      -974.082514538637      -17898.13129555689     57735.70619526329      
361715.0223412191      -853.721276725566      -19425.76477503325     57735.73744526329      
361152.6949398195      -724.9245673994265     -20889.27073242872     57735.76869526329      
360620.8368286914      -589.0018857579707     -22295.53692146073     57735.79994526329      
360115.5108578814      -446.9846099266251     -23650.14021839973     57735.83119526329      
359633.5822820468      -299.7046774219816     -24957.67469584936     57735.86244526329      
359172.5095598147      -147.8467844126935     -26221.98029103756     57735.89369526329      
358730.2001251763      8.015781758276717      -27446.30673702572     57735.92494526329      
358304.9081273666      167.3958175091284      -28633.43394648356     57735.95619526329      
357895.1601602793      329.8738554342926      -29785.76227539129     57735.98744526329      
357499.7001800813      495.0845826087261      -30905.38144434571     57736.01869526329      
357117.4478970604      662.706582976838       -31994.12401341154     57736.04994526329      
356747.4668312317      832.4544758570937      -33053.60746642793     57736.08119526329      
356388.9394299222      1004.072785717302      -34085.26775453067     57736.11244526329      
356041.1474330269      1177.331105457954      -35090.38633933129     57736.14369526329      
355703.4561968165      1352.020229416492      -36070.11222169406     57736.17494526329      
355375.3020446519      1527.949031097061      -37025.48005492921     57736.20619526329      
355056.1819609299      1704.941918628594      -37957.42516631998     57736.23744526329      
354745.6451195861      1882.836731152684      -38866.79611264626     57736.26869526329      
354443.2858636541      2061.48300044473       -39754.36525036105     57736.29994526329      
354148.7378435677      2240.740494202559      -40620.83769363099     57736.33119526329      
353861.6690888801      2420.477986834248      -41466.85895288469     57736.36244526329      
353581.7778379512      2600.572219172882      -42293.02148543615     57736.39369526329      
353308.7889878434      2780.907007654612      -43099.87034296856     57736.42494526329      
353042.4510551349      2961.37248731742       -43887.90806449691     57736.45619526329      
352782.5335605973      3141.864448048256      -44657.59893521589     57736.48744526329      
352528.8247673815      3322.283768064821      -45409.37270945309     57736.51869526329      
352281.1297159512      3502.535918197592      -46143.62787836288     57736.54994526329      
352039.2685093819      3682.53052656542       -46860.73454896081     57736.58119526329      
351803.0748109266      3862.180998652258      -47561.03698981808     57736.61244526329      
351572.3945224876      4041.404180230174      -48244.85588960709     57736.64369526329      
351347.0846178798      4220.120061059046      -48912.49036727088     57736.67494526329      
351127.0121091268      4398.251514976198      -49564.21976650531     57736.70619526329      
350912.0531277237      4575.724059330851      -50200.30526224883     57736.73744526329      
350702.0921052448      4752.465651680503      -50820.99130273658     57736.76869526329      
350497.0210406018      4928.406498333852      -51426.50690724066     57736.79994526329      
350296.7388426922      5103.478889866592      -52017.06683675032     57736.83119526329      
350101.150739207       5277.61704871289       -52592.87265243893     57736.86244526329      
349910.1677434835      5450.756992136161      -53154.11367473999     57736.89369526329      
349723.7061724756      5622.836409819122      -53700.96785414222     57736.92494526329      
349541.6872098539      5793.794556038921      -54233.60256336066     57736.95619526329      
349364.0365092982      5963.572142533594      -54752.17531930222     57736.98744526329      
349190.6838331595      6132.111252244263      -55256.8344421871      57737.01869526329      
349021.5627229264      6299.355253573721      -55747.7196582809      57737.04994526329      
348856.6101979162      6465.248725440934      -56224.96265191062     57737.08119526329      
348695.7664793251      6629.737386555613      -56688.68757176367     57737.11244526329      
348538.9747369547      6792.768032611782      -57139.01149589002     57737.14369526329      
348386.1808562973      6954.288481791447      -57576.04485931568     57737.17494526329      
348237.3332242178      7114.247515410846      -57999.89184774084     57737.20619526329      
348092.3825310081      7272.594835125112      -58410.65076040749     57737.23744526329      
347951.2815876981      7429.281013420314      -58808.4143448878      57737.26869526329      
347813.9851567734      7584.257458437753      -59193.27010624825     57737.29994526329      
347680.4497955402      7737.476369909216      -59565.30059278403     57737.33119526329      
347550.6337105454      7888.890708316584      -59924.58366029273     57737.36244526329      
347424.4966224034      8038.454160928255      -60271.19271665034     57737.39369526329      
347301.9996398819      8186.121116179704      -60605.19694827704     57737.42494526329      
347183.1051428231      8331.846630062693      -60926.66152991868     57737.45619526329      
347067.7766726607      8475.58640679645       -61235.64781903154     57737.48744526329      
346955.9788304319      8617.296770634337      -61532.21353592889     57737.51869526329      
346847.677181186       8756.934650158899      -61816.41293073821     57737.54994526329      
346742.8381648363      8894.457551913172      -62088.29693811529     57737.58119526329      
346641.429012434       9029.823545258878      -62347.91332057188     57737.61244526329      
346543.4176677542      9162.991245611302      -62595.30680119344     57737.64369526329      
346448.7727137864      9293.919796903136      -62830.51918644681     57737.67494526329      
346357.4633036664      9422.568857585498      -63053.58947971574     57737.70619526329      
346269.4590958579      9548.898585156225      -63264.55398614006     57737.73744526329      
346184.7301931803      9672.869623541337      -63463.44640927913     57737.76869526329      
346103.2470853816      9794.443094235809      -63650.29794007304     57737.79994526329      
346024.9805953871      9913.580578317375      -63825.13733852834     57737.83119526329      
345949.9018283728      10030.24411140869      -63987.99100851295     57737.86244526329      
345877.982124111       10144.39616886338      -64138.88306601005     57737.89369526329      
345809.1930118855      10255.99965933504      -64277.83540114108     57737.92494526329      
345743.5061681746      10365.01791384598      -64404.86773424149     57737.95619526329      
345680.893376803       10471.41467570982      -64519.99766623639     57737.98744526329      
345621.3264913862      10575.15409223669      -64623.24072354131     57738.01869526329      
345564.7773998956      10676.20070965531      -64714.61039768293     57738.04994526329      
345511.2179916246      10774.5194583172       -64794.1181798113      57738.08119526329      
345460.6201257644      10870.07565040055      -64861.77359025383     57738.11244526329      
345412.9556022151      10962.83496678544      -64917.58420323409     57738.14369526329      
345368.1961338583      11052.76345484758      -64961.55566686409     57738.17494526329      
345326.3133209521      11139.82751380445      -64993.69171849186     57738.20619526329      
345287.2786268656      11223.99388988062      -65013.99419547057     57738.23744526329      
345251.0633554957      11305.22966834164      -65022.46304139493     57738.26869526329      
345217.6386302786      11383.50226332093      -65019.09630783032     57738.29994526329      
345186.975374598       11458.77940985726      -65003.89015154392     57738.33119526329      
345159.0442937029      11531.02915310616      -64976.83882722526     57738.36244526329      
345133.8158579501      11600.21983914513      -64937.93467566829     57738.39369526329      
345111.2602872911      11666.32010831598      -64887.16810736406     57738.42494526329      
345091.3475374         11729.29887855831      -64824.52758143743     57738.45619526329      
345074.0472867723      11789.1253376257       -64749.99957983725     57738.48744526329      
345059.3289251931      11845.76893164578      -64663.56857667318     57738.51869526329      
345047.1615435259      11899.19935093568      -64565.21700256594     57738.54994526329      
345037.513924656       11949.38651749524      -64454.92520386004     57738.58119526329      
345030.3545357494      11996.30056909159      -64332.67139651839     57738.61244526329      
345025.651521674       12039.91184434896      -64198.43161449932     57738.64369526329      
345023.3726995424      12080.19086976605      -64052.17965238434     57738.67494526329      
345023.485554844       12117.10833550672      -63893.8870019981      57738.70619526329      
345025.9572383875      12150.63508243904      -63723.52278273214     57738.73744526329      
345030.7545648628      12180.74207772298      -63541.05366524744     57738.76869526329      
345037.8440125186      12207.40039388074      -63346.44378819711     57738.79994526329      
345047.1917240717      12230.58118872202      -63139.6546675703      57738.83119526329      
345058.7635093317      12250.25567338571      -62920.64509821394     57738.86244526329      
345072.5248487855      12266.3950910007       -62689.37104704285     57738.89369526329      
345088.4408990295      12278.97068212643      -62445.78553739753     57738.92494526329      
345106.4764993284      12287.9536589675       -62189.83852395006     57738.95619526329      
345126.596180212       12293.31516445365      -61921.47675749616     57738.98744526329      
345148.7641733689      12295.02623917973      -61640.64363890342     57739.01869526329      
345172.9444235231      12293.05777931147      -61347.27906140532     57739.04994526329      
345199.1006019716      12287.3804973262       -61041.31924034753     57739.08119526329      
345227.1961225001      12277.96486860348      -60722.69652939566     57739.11244526329      
345257.1941589893      12264.78108683358      -60391.3392221078      57739.14369526329      
345289.0576657177      12247.79900410314      -60047.17133765439     57739.17494526329      
345322.749399751       12226.98807756743      -59690.11238933598     57739.20619526329      
345358.2319464715      12202.31729845823      -59320.07713439658     57739.23744526329      
345395.4677476693      12173.75512577911      -58936.97530346148     57739.26869526329      
345434.4191329165      12141.26941149636      -58540.71130773886     57739.29994526329      
345475.0483546149      12104.82731409013      -58131.18392190391     57739.33119526329      
345517.3176265238      12064.39521507931      -57708.28594034252     57739.36244526329      
345561.1891669726      12019.93861491013      -57271.90380415018     57739.39369526329      
345606.6252463998      11971.42203029381      -56821.91719596356     57739.42494526329      
345653.5882402002      11918.80887886399      -56358.19859934112     57739.45619526329      
345702.0406874345      11862.06135114693      -55880.61281898781     57739.48744526329      
345751.9453559198      11801.14027327973      -55389.0164576486      57739.51869526329      
345803.2653146553      11736.00495408302      -54883.25734493743     57739.54994526329      
345855.9640143272      11666.61301960489      -54363.17391273902     57739.58119526329      
345910.0053768971      11592.92023449681      -53828.59451108117     57739.61244526329      
345965.3538959106      11514.88029553453      -53279.33665752244     57739.64369526329      
346021.9747482667      11432.44461452751      -52715.2062121036      57739.67494526329      
346079.8339194981      11345.56207586695      -52135.99646874568     57739.70619526329      
346138.8983445424      11254.17876327168      -51541.48715261328     57739.73744526329      
346199.13606574        11158.23766779535      -50931.44331135057     57739.76869526329      
346260.5164114336      11057.67835021902      -50305.61408619683     57739.79994526329      
346323.0101975232      10952.43657644585      -49663.73134673262     57739.83119526329      
346386.5899560844      10842.4439074086       -49005.50817031882     57739.86244526329      
346451.2301953877      10727.62723845778      -48330.63714407312     57739.89369526329      
346516.9076963899      10607.90828574567      -47638.78846336182     57739.92494526329      
346583.601852129       10483.2030060938       -46929.60779611407     57739.95619526329      
346651.29505741        10353.42094555494      -46202.71387659435     57739.98744526329      
346719.9731580136      10218.46450229077      -45457.69578534756     57740.01869526329      
346789.6259706386      10078.22808706026      -44694.10986353905     57740.04994526329      
346860.2478870604      9932.597169470999      -43911.47619942269     57740.08119526329      
346931.8385794496      9781.44718430287       -43109.27461164324     57740.11244526329      
347004.4038275271      9624.642277546172      -42286.94003778097     57740.14369526329      
347077.956493496       9462.033862602966      -41443.85721601978     57740.17494526329      
347152.5176777223      9293.458936064948      -40579.35452176335     57740.20619526329      
347228.1180959168      9118.738125866352      -39692.69678768478     57740.23744526329      
347304.7997308812      8937.673400924436      -38783.07689265894     57740.26869526329      
347382.6178267468      8750.045365861362      -37849.60584896451     57740.29994526329      
347461.6433135375      8555.610062370532      -36891.30104336521     57740.33119526329      
347541.9657785216      8354.095133301063      -35907.07218954025     57740.36244526329      
347623.6971376312      8145.19521599725       -34895.70441725157     57740.39369526329      
347706.9762141063      7928.566345678166      -33855.83774358944     57740.42494526329      
347791.9745060096      7703.819096249885      -32785.94192279052     57740.45619526329      
347878.9035317327      7470.510094361365      -31684.2853219224      57740.48744526329      
347968.0243001453      7228.131396861485      -30548.89597144938     57740.51869526329      
348059.6596863532      6976.09703467225       -29377.51221547343     57740.54994526329      
348154.2108516708      6713.725725210232      -28167.51931201309     57740.58119526329      
348252.1794045262      6440.218311166936      -26915.86670277372     57740.61244526329      
348354.1978945342      6154.627797833986      -25618.95813155899     57740.64369526329      
348461.0727148698      5855.818739507784      -24272.50271620051     57740.67494526329      
348573.8460313829      5542.410892221542      -22871.30832167269     57740.70619526329      
348693.8879043734      5212.698857303989      -21408.98693202586     57740.73744526329      
348823.0383019964      4864.533712997883      -19877.52069917347     57740.76869526329      
348963.8356706403      4495.141661374179      -18266.59731476109     57740.79994526329      
349119.9049127012      4100.832479580989      -16562.54194573802     57740.83119526329      
349296.6618543955      3676.501304074885      -14746.49340093133     57740.86244526329      
349502.7107068655      3214.706612978418      -12791.03255980645     57740.89369526329      
349752.9761731582      2703.766540078977      -10653.23366869794     57740.92494526329      
350077.1226199282      2123.140097760937      -8257.856944648491     57740.95619526329      
350351.9434812951      1698.994295092991      -6532.244368819927     57740.97609694462      
350601.9366741447      1363.261211913647      -5182.04444755023      57740.9900344881       
350838.5970630169      1085.816241456952      -4077.812889671797     57741.00028713908      
351028.0826096176      889.817828550782       -3304.795177655542     57741.00680624291      
351213.4747787702      718.9776534724297      -2636.426279623614     57741.01197494534      
351390.4215669408      574.0184546187811      -2073.891201138933     57741.01596669924      
351560.2739264463      450.5230495003925      -1598.586929899786     57741.01906759169      
351724.261531035       345.0452072520566      -1196.130269186484     57741.02148694873      
351884.4721334179      254.3824047102098      -853.455653017314      57741.023390418        
352045.1961246465      175.1408987679533      -557.1895485597925     57741.02491655848      
352222.4560359492      100.7118021269707      -282.7745584559016     57741.02623273166      
352380.3541199454      45.35520153990365      -82.3147406620119      57741.02714286641      
352529.5007270065      2.143908987287432      70.68034287088085      57741.02782292692      
352696.885795152       -36.25382019923563     202.0574281058507      57741.02842709915      
352829.6404645659      -59.37748604163789     277.042197242059       57741.02881863224      
352969.4497652285      -76.94713953717292     329.0217015825037      57741.02917492243      
353123.0706708879      -88.46904519486998     355.1935599611606      57741.02952976694      
353265.3503256214      -92.08306247800647     351.3892737713322      57741.02985080051      
353400.516411078       -89.40363212559896     323.4815716124867      57741.03017113708      
353543.5855379505      -80.24604689722037     268.8026228171657      57741.03054823807      
353671.0811849663      -66.73793978931644     198.7862448156084      57741.03093460511      
353798.7445419412      -48.27650238678325     108.9968098259706      57741.03138443291      
353937.0667533403      -22.81914404416602     -10.08402801815828     57741.03195952132      
354085.5052131605      10.67216976136842      -162.6013236706785     57741.0326976919       
354244.4508887235      53.45611327580991      -353.7415019520704     57741.03365039552      
354419.3572291462      108.6091687706139      -596.6726455663738     57741.03492202045      
354607.0126941071      176.9474028935438      -894.5258391940442     57741.03658229358      
354811.3345143299      261.8456644035541      -1261.731393418231     57741.03878295714      
355032.0828589944      365.49163977844        -1707.643045009521     57741.04167574682      
355272.3388791778      491.9002689741901      -2249.700939379909     57741.0455005791       
355535.2619680955      645.864691471812       -2908.996628685447     57741.05058012746      
355824.3383444335      833.1457101319174      -3711.337941184393     57741.05735212235      
356143.5637607677      1060.648542077819      -4688.399233420583     57741.06641346877      
356497.3837774316      1336.364834369313      -5878.084181788785     57741.07857120505      
356891.1855236295      1669.562297332308      -7326.282775140309     57741.09492535231      
357331.9712198738      2070.945285904447      -9089.047216635932     57741.11698879499      
357828.8450467414      2552.160547649284      -11232.74381079198     57741.1468264627       
358273.9756366249      3001.577989824786      -13268.67372489        57741.1780764627       
358669.2999702144      3409.029539108495      -15146.17886559849     57741.2093264627       
359030.1697077751      3783.177444360255      -16899.60737740817     57741.2405764627       
359366.0264445957      4129.810805951838      -18551.69904290124     57741.2718264627       
359683.1270536204      4453.045669352057      -20118.49680089607     57741.3030764627       
359985.8474883586      4755.943218217504      -21611.85468855238     57741.3343264627       
360277.3755566063      5040.859323666093      -23040.84543475669     57741.3655764627       
360560.1088117368      5309.656454111071      -24412.60819385834     57741.3968264627       
360835.8972616497      5563.839281283497      -25732.88785811045     57741.4280764627       
361106.1987095539      5804.64530038412       -27006.3935563324      57741.4593264627       
361372.1821638721      6033.107594422338      -28237.04569683466     57741.4905764627       
361634.7989728001      6250.099599483216      -29428.15140648226     57741.5218264627       
361894.833134842       6456.367866601875      -30582.53234273675     57741.5530764627       
362152.9377398778      6652.556553113149      -31702.61987514775     57741.5843264627       
362409.661915808       6839.226086476228      -32790.52733248436     57741.6155764627       
362665.47111894        7016.86761953399       -33848.10576746211     57741.6468264627       
362920.7626587971      7185.914395946576      -34876.98764150655     57741.6780764627       
363175.8777471421      7346.750799314239      -35878.62150086516     57741.7093264627       
363431.1109693942      7499.719647242384      -36854.29982937995     57741.7405764627       
363686.7178159499      7645.128131425728      -37805.18166049894     57741.7718264627       
363942.920733517       7783.252698978342      -38732.31111296587     57741.8030764627       
364199.9140334612      7914.343103350552      -39636.63271937773     57741.8343264627       
364457.8679077372      8038.625788534478      -40519.00420495937     57741.8655764627       
364716.93174074        8156.306741650844      -41380.2072196723      57741.8968264627       
364977.2368605785      8267.573911857069      -42220.95641297815     57741.9280764627       
365238.898840188       8372.599271727873      -43041.9071555756      57741.9593264627       
365502.0194339079      8471.540588821201      -43843.66214821891     57741.9905764627       
365766.6882168669      8564.542951778203      -44626.77710870556     57742.0218264627       
366032.9839802179      8651.740096308338      -45391.76569033735     57742.0530764627       
366300.9759246417      8733.255560748092      -46139.1037557695      57742.0843264627       
366570.7246861857      8809.20369544714       -46869.2331071091      57742.1155764627       
366842.2832218979      8879.6905492682        -47582.5647549004      57742.1468264627       
367115.697577488       8944.814657025407      -48279.48179411939     57742.1780764627       
367391.0075556308      9004.667729811277      -48960.34194365885     57742.2093264627       
367668.2472996852      9059.335273548066      -49625.47979639054     57742.2405764627       
367947.4458054468      9108.897140266474      -50275.20881925846     57742.2718264627       
368228.6273713628      9153.428018745239      -50909.8231366246      57742.3030764627       
368511.8119957643      9192.997877345826      -51529.59912496719     57742.3343264627       
368797.0157285251      9227.672359990775      -52134.7968428048      57742.3655764627       
369084.2509831639      9257.513146088928      -52725.66131621153     57742.3968264627       
369373.5268146587      9282.57827635745       -53302.42369736431     57742.4280764627       
369664.8491674597      9302.922445840932      -53865.30231111564     57742.4593264627       
369958.2210973452      9318.597272972569      -54414.50360252575     57742.4905764627       
370253.6429704802      9329.651542278292      -54950.22299655004     57742.5218264627       
370551.1126423248      9336.131428720764      -55472.64567960527     57742.5530764627       
370850.6256188464      9338.080703258083      -55981.94731148393     57742.5843264627       
371152.1752021732      9335.540918903756      -56478.29467501705     57742.6155764627       
371455.7526223454      9328.551584428169      -56961.84626996939     57742.6468264627       
371761.3471568595      9317.15032183638       -57432.75285686369     57742.6780764627       
372068.9462392136      9301.37301491405       -57891.15795575152     57742.7093264627       
372378.5355577898      9281.253944097291      -58337.19830436271     57742.7405764627       
372690.0991459794      9256.82591412741       -58771.00427955486     57742.7718264627       
373003.6194646099      9228.120369490029      -59192.70028554435     57742.8030764627       
373319.077477332       9195.167504419416      -59602.4051120131      57742.8343264627       
373636.4527198051      9157.996362813294      -60000.2322648489      57742.8655764627       
373955.7233631779      9116.634934131253      -60386.29027198268     57742.8968264627       
374276.8662724835      9071.110243175488      -60760.68296652608     57742.9280764627       
374599.8570605033      9021.448431588502      -61123.50974918484     57742.9593264627       
374924.6701374092      8967.674836958315      -61474.86583172277     57742.9905764627       
375251.2787566987      8909.814064561655      -61814.8424630726      57743.0218264627       
375579.6550576416      8847.890057546567      -62143.52713953276     57743.0530764627       
375909.7701046036      8781.926163750024      -62461.00380034988     57743.0843264627       
376241.593923663       8711.945192981322      -62767.35300986094     57743.1155764627       
376575.0955363925      8637.969481836135      -63062.65212726047     57743.1468264627       
376910.2429915759      8560.020941962419      -63346.97546495705     57743.1780764627       
377247.0033945077      8478.121116369111      -63620.39443639701     57743.2093264627       
377585.3429343643      8392.291230474435      -63882.97769415239     57743.2405764627       
377925.226909845       8302.552235930365      -64134.79125900054     57743.2718264627       
378266.6197529609      8208.9248598587        -64375.89864065812     57743.3030764627       
378609.4850513828      8111.42964667999       -64606.36095077527     57743.3343264627       
378953.7855693314      8010.086998645544      -64826.23700874374     57743.3655764627       
379299.4832670853      7904.917216842972      -65035.58344082639     57743.3968264627       
379646.5393192401      7795.940541184758      -65234.45477307295     57743.4280764627       
379994.9141319256      7683.177183005224      -65422.90351844888     57743.4593264627       
380344.5673587312      7566.647367168636      -65600.98025856981     57743.4905764627       
380695.4579158857      7446.371359423389      -65768.73372040183     57743.5218264627       
381047.5439962777      7322.369503473536      -65926.21084826106     57743.5530764627       
381400.7830826381      7194.662254320603      -66073.45687141732     57743.5843264627       
381755.1319599638      7063.270206334906      -66210.51536758609     57743.6155764627       
382110.5467270619      6928.214124805098      -66337.42832256912     57743.6468264627       
382466.9828072964      6789.514979418156      -66454.23618628566     57743.6780764627       
382824.3949588049      6647.193966193678      -66560.9779254172      57743.7093264627       
383182.737283794       6501.272542323859      -66657.69107287424     57743.7405764627       
383541.9632373644      6351.77244959883       -66744.41177427549     57743.7718264627       
383902.025635604       6198.715743275541      -66821.17483161946     57743.8030764627       
384262.8766630831      6042.124819946242      -66888.01374431289     57743.8343264627       
384624.467879796       5882.022442833557      -66944.96074771116     57743.8655764627       
384986.7502275368      5718.431766192203      -66992.04684931325     57743.8968264627       
385349.6740356398      5551.376364827833      -67029.30186274601     57743.9280764627       
385713.1890262856      5380.880255775199      -67056.75443966147     57743.9593264627       
386077.2443191955      5206.967925189347      -67074.43209966415     57743.9905764627       
386441.7884358108      5029.664354533947      -67082.36125837744     57744.0218264627       
386806.7693029896      4848.995043941686      -67080.56725375023     57744.0530764627       
387172.1342561534      4664.986038211289      -67069.07437069983     57744.0843264627       
387537.8300419569      4477.663950061331      -67047.90586418039     57744.1155764627       
387903.8028204154      4287.055986104657      -67017.08398076044     57744.1468264627       
388269.9981665214      4093.189973414752      -66976.62997878945     57744.1780764627       
388636.3610714124      3896.094380218572      -66926.56414722657     57744.2093264627       
389002.8359429154      3695.798347563272      -66866.90582320272     57744.2405764627       
389369.3666057088      3492.331707599078      -66797.67340838119     57744.2718264627       
389735.8963008544      3285.725012914911      -66718.88438418048     57744.3030764627       
390102.3676848325      3076.009563413885      -66630.55532591735     57744.3343264627       
390468.7228280717      2863.21742914043       -66532.70191592777     57744.3655764627       
390834.9032128962      2647.381477774994      -66425.33895571844     57744.3968264627       
391200.8497309045      2428.535405211333      -66308.48037720013     57744.4280764627       
391566.5026798428      2206.713756243298      -66182.1392530522      57744.4593264627       
391931.8017598309      1981.951956008699      -66046.3278062648      57744.4905764627       
392296.6860690145      1754.286339220933      -65901.0574189036      57744.5218264627       
392661.0940986259      1523.754175611284      -65746.33864014177     57744.5530764627       
393024.9637273917      1290.393700273089      -65582.18119359959     57744.5843264627       
393388.2322152939      1054.24414735732       -65408.59398403444     57744.6155764627       
393750.8361966964      815.3457736059427      -65225.58510342005     57744.6468264627       
394112.7116727464      573.7398961617509      -65033.16183645464     57744.6780764627       
394473.7940030954      329.4689203136732      -64831.33066553703     57744.7093264627       
394834.0178968743      82.57637403158151      -64620.09727524807     57744.7405764627       
395193.3174029188      -166.8930566200142     -64399.46655637617     57744.7718264627       
395551.6258992071      -418.8934970937044     -64169.44260952509     57744.8030764627       
395908.8760814956      -673.3778421410025     -63930.02874834122     57744.8343264627       
396264.9999510981      -930.2977260902262     -63681.22750239994     57744.8655764627       
396619.928801804       -1189.603481174097     -63423.04061979001     57744.8968264627       
396973.5932058969      -1451.244097391798     -63155.46906943514     57744.9280764627       
397325.9229992115      -1715.167185461323     -62878.5130431953      57744.9593264627       
397676.8472652278      -1981.318934125877     -62592.17195778797     57744.9905764627       
398026.2943181677      -2249.644063370237     -62296.44445657457     57745.0218264627       
398374.19168498        -2520.085786465759     -61991.32841125732     57745.0530764627       
398720.4660862749      -2792.58576018949      -61676.82092353275     57745.0843264627       
399065.043416106       -3067.0840361308       -61352.91832675297     57745.1155764627       
399407.8487205233      -3343.519014623766     -61019.61618764672     57745.1468264627       
399748.8061749155      -3621.827392011524     -60676.9093081546      57745.1780764627       
400087.8390600549      -3901.944106562842     -60324.79172743784     57745.2093264627       
400424.8697367644      -4183.802285107631     -59963.25672412237     57745.2405764627       
400759.819619196       -4467.333184875679     -59592.29681884512     57745.2718264627       
401092.6091466062      -4752.466135841685     -59211.90377717144     57745.3030764627       
401423.1577536225      -5039.128478053812     -58822.06861296174     57745.3343264627       
401751.3838389125      -5327.2454959928       -58422.7815922657      57745.3655764627       
402077.2047321122      -5616.740355242371     -58014.03223783374     57745.3968264627       
402400.5366590515      -5907.534032148462     -57595.80933433725     57745.4280764627       
402721.2947051938      -6199.545237956467     -57168.10093439986     57745.4593264627       
403039.3927769961      -6492.690350791141     -56730.89436554772     57745.4905764627       
403354.7435614693      -6786.883331010911     -56284.17623819684     57745.5218264627       
403667.2584834775      -7082.035644095369     -55827.93245480406     57745.5530764627       
403976.8476609371      -7378.056174148835     -55362.14822031937     57745.5843264627       
404283.4198577335      -7674.85113379261      -54886.80805408841     57745.6155764627       
404586.8824341366      -7972.323975658379     -54401.89580336631     57745.6468264627       
404887.1412948515      -8270.375292336023     -53907.39465861744     57745.6780764627       
405184.1008343443      -8568.902717529541     -53403.28717079178     57745.7093264627       
405477.6638794282      -8867.800822272278     -52889.55527078296     57745.7405764627       
405767.7316290229      -9166.961004359982     -52366.18029129264     57745.7718264627       
406054.2035909265      -9466.271372394047     -51833.1429913438      57745.8030764627       
406336.9775153325      -9765.61662957829      -51290.42358370815     57745.8343264627       
406615.9493251551      -10064.87794784839     -50738.00176553517     57745.8655764627       
406891.0130429879      -10363.93283369151     -50175.85675249583     57745.8968264627       
407162.0607141994      -10662.6549988383      -49603.967316782       57745.9280764627       
407428.9823266044      -10960.91421129956     -49022.31182933255     57745.9593264627       
407691.6657259354      -11258.57615067454     -48430.86830669107     57745.9905764627       
407949.9965273604      -11555.5022507201      -47829.61446293454     57746.0218264627       
408203.8580227201      -11851.54953477377     -47218.52776715456     57746.0530764627       
408453.1310831538      -12146.57044851981     -46597.58550701314     57746.0843264627       
408697.6940571736      -12440.41268059349     -45966.76485894459     57746.1155764627       
408937.4226639633      -12732.91897227043     -45326.04296562567     57746.1468264627       
409172.1898812753      -13023.92692927655     -44675.39702139194     57746.1780764627       
409401.8658284594      -13313.26881114275     -44014.80436634331     57746.2093264627       
409626.3176436722      -13600.77132186008     -43344.24258994366     57746.2405764627       
409845.4093555818      -13886.25538421868     -42663.68964499951     57746.2718264627       
410059.001749056       -14169.5359070548      -41973.12397297856     57746.3030764627       
410266.9522248082      -14450.42153905313     -41272.52464171953     57746.3343264627       
410469.1146525936      -14728.71441454045     -40561.87149668        57746.3655764627       
410665.3392179504      -15004.20988490648     -39841.14532697518     57746.3968264627       
410855.4722621025      -15276.69624053847     -39110.32804757364     57746.4280764627       
411039.3561150253      -15545.95441744086     -38369.40289914332     57746.4593264627       
411216.8289214367      -15811.75769021612     -37618.35466717585     57746.4905764627       
411387.7244593531      -16073.8713562885      -36857.16992216874     57746.5218264627       
411551.8719514477      -16332.05240129398     -36085.83728280434     57746.5530764627       
411709.0958689244      -16586.04915056338     -35304.34770424417     57746.5843264627       
411859.2157277629      -16835.60090842586     -34512.69479384809     57746.6155764627       
412002.0458775455      -17080.43757963558     -33710.87515683674     57746.6468264627       
412137.3952827046      -17320.27927794422     -32898.8887746434      57746.6780764627       
412265.0672965413      -17554.83591623989     -32076.73941894618     57746.7093264627       
412384.8594281457      -17783.80678022437     -31244.43510463866     57746.7405764627       
412496.5631023073      -18006.88009087995     -30401.98858528327     57746.7718264627       
412599.9634132674      -18223.73254619776     -29549.41789490242     57746.8030764627       
412694.8388726759      -18434.02884770102     -28686.74694029317     57746.8343264627       
412780.9611524412      -18637.4212137358      -27814.00614840993     57746.8655764627       
412858.0948234979      -18833.54887852624     -26931.23317373844     57746.8968264627       
412925.997091959       -19022.03757201739     -26038.4736709892      57746.9280764627       
412984.4175335465      -19202.49899439606     -25135.78213886614     57746.9593264627       
413033.0978286734      -19374.5302740742      -24223.22284111736     57746.9905764627       
413071.7715001064      -19537.7134163893      -23300.87081154212     57747.0218264627       
413100.1636555843      -19691.61475021559     -22368.81295011635     57747.0530764627       
413117.9907389111      -19835.7843665073      -21427.14921789229     57747.0843264627       
413124.9602931383      -19969.75555408153     -20475.9939388349      57747.1155764627       
413120.7707395366      -20093.04425030835     -19515.47721724818     57747.1468264627       
413105.1111786022      -20205.14848836455     -18545.74647992832     57747.1780764627       
413077.6612179262      -20305.5478712411      -17566.96815262578     57747.2093264627       
413038.090834678       -20393.7030638213      -16579.32948079583     57747.2405764627       
412986.0602805124      -20469.05531788834     -15583.04050493211     57747.2718264627       
412921.2200380252      -20531.02604542238     -14578.33620099031     57747.3030764627       
412843.2108400166      -20579.01644316661     -13565.4787964719      57747.3343264627       
412751.6637637065      -20612.40718821202     -12544.76027260674     57747.3655764627       
412646.2004139853      -20630.55822346587     -11516.50506269422     57747.3968264627       
412526.4332121322      -20632.80864712138     -10481.07295596125     57747.4280764627       
412391.965808093       -20618.47673357764     -9438.862215198955     57747.4593264627       
412242.393637324       -20586.86010543818     -8390.312914838549     57747.4905764627       
412077.304645195       -20537.23609116838     -7335.910503923777     57747.5218264627       
411896.2802052327      -20468.86229525308     -6276.189595490898     57747.5530764627       
411698.8962596308      -20380.9774257621      -5211.737980037695     57747.5843264627       
411484.7247142742      -20272.80241021913     -4143.200855877134     57747.6155764627       
411253.335122681       -20143.54185012246     -3071.285263057332     57747.6468264627       
411004.2966961979      -19992.38586567089     -1996.764699993044     57747.6780764627       
410737.180680674       -19818.51237923091     -920.4838927792443     57747.7093264627       
410451.5631413742      -19621.08990032251     156.6363238227786      57747.7405764627       
410147.0281997521      -19399.28086782462     1233.594067734753      57747.7718264627       
409823.1717656958      -19152.2456146565      2309.301482392853      57747.8030764627       
409479.6058077039      -18879.1470241701      3382.57990758447       57747.8343264627       
409115.9632013006      -18579.15593211161     4452.155254414742      57747.8655764627       
408731.9031902209      -18251.45733845355     5516.653712213621      57747.8968264627       
408327.1174869157      -17895.25748770188     6574.597938641935      57747.9280764627       
407901.3370285023      -17509.79184422381     7624.403908909735      57747.9593264627       
407454.339387153       -17094.3340126818      8664.378625023121      57747.9905764627       
406985.9568160165      -16648.20558686853     9692.718910132506      57748.0218264627       
406496.0848852126      -16170.78691903153     10707.5115347658       57748.0530764627       
405984.6916328075      -15661.52875680548     11706.73493895499      57748.0843264627       
405451.8271207332      -15119.96464369257     12688.2628245778       57748.1155764627       
404897.633244819       -14545.72394907861     13649.86989279545      57748.1468264627       
404322.3536049079      -13938.54532655073     14589.23998923667      57748.1780764627       
403726.3431946415      -13298.29035615532     15503.97689143693      57748.2093264627       
403110.0776256443      -12624.9570500674      16391.61792615702      57748.2405764627       
402474.161558382       -11918.69285437196     17249.65053638496      57748.2718264627       
401819.3359769869      -11179.80673912624     18075.53182797693      57748.3030764627       
401146.483923432       -10408.77989347117     18866.71101456613      57748.3343264627       
400456.634298271       -9606.274563673614     19620.65454915873      57748.3655764627       
399750.9633501429      -8773.140532202702     20334.87358678816      57748.3968264627       
399030.7935134554      -7910.418781983542     21006.95327230147      57748.4280764627       
398297.5893177191      -7019.341944207259     21634.58320076045      57748.4593264627       
397552.9501823309      -6101.331201613077     22215.58826675761      57748.4905764627       
396798.6000238315      -5157.989449385277     22747.95901570661      57748.5218264627       
396036.3737345417      -4191.090658839879     23229.8805467902       57748.5530764627       
395268.2007339337      -3202.565528125659     23659.75900360078      57748.5843264627       
394496.085936192       -2194.483707888983     24036.24473084463      57748.6155764627       
393722.0886100124      -1169.033006979786     24358.25127521771      57748.6468264627       
392948.2997166901      -128.4961605899698     24624.96956164177      57748.6780764627       
392176.818392187       924.7741543676384      24835.87677299805      57748.7093264627       
391409.7282803555      1988.381307182854      24990.73968823213      57748.7405764627       
390649.0744246392      3059.910912803231      25089.61247313384      57748.7718264627       
389896.841385227       4136.956467327525      25132.82915208273      57748.8030764627       
389154.9331718402      5217.143716497538      25120.99120050724      57748.8343264627       
388425.1554768957      6298.153132414182      25054.95087261821      57748.8655764627       
387709.2005690399      7377.740008244749      24935.79100737153      57748.8968264627       
387008.635073716       8453.751807251499      24764.80213281061      57748.9280764627       
386324.8907351783      9524.142554427577      24543.45771512904      57748.9593264627       
385659.2581324202      10586.98418484819      24273.38837849142      57748.9905764627       
385012.8832158652      11640.47489436648      23956.35586255035      57749.0218264627       
384386.7664472525      12682.94463423278      23594.22739630353      57749.0530764627       
383781.7642635558      13712.85796842092      23188.95105970086      57749.0843264627       
383198.5925462418      14728.81458211508      22742.53258800271      57749.1155764627       
382637.8317591399      15729.54775124859      22257.01395682892      57749.1468264627       
382099.9334177159      16713.92109729947      21734.45397490848      57749.1780764627       
381585.2275657843      17680.92396176973      21176.91101161603      57749.2093264627       
381093.9309603897      18629.66570684813      20586.42790045659      57749.2405764627       
380626.1556970501      19559.36922332093      19965.01898915134      57749.2718264627       
380181.9180418497      20469.36391570772      19314.65925192309      57749.3030764627       
379761.1472751014      21359.07836579507      18637.27533911646      57749.3343264627       
379363.6943851964      22228.03288301667      17934.73841186584      57749.3655764627       
378989.3404865558      23075.83208431754      17208.85859329056      57749.3968264627       
378637.8048658672      23902.15762517098      16461.38086062268      57749.4280764627       
378308.7525872554      24706.7611848227       15693.9822028451       57749.4593264627       
378001.8016111531      25489.45776837545      14908.26987400567      57749.4905764627       
377716.5294003501      26250.11937988566      14105.78058182131      57749.5218264627       
377452.4790033716      26988.66908996171      13287.98046316401      57749.5530764627       
377209.1646169131      27705.07552273263      12456.26571145127      57749.5843264627       
376986.0766395997      28399.34776252241      11611.96373499287      57749.6155764627       
376782.6862366321      29071.53067148446      10756.33473936631      57749.6468264627       
376598.4494391576      29721.70061437805      9890.573640415882      57749.6780764627       
376432.8108062127      30349.96157250588      9015.812227207614      57749.7093264627       
376285.2066799032      30956.4416154087       8133.12150602811       57749.7405764627       
376155.0680629007      31541.28972846606      7243.514167180867      57749.7718264627       
376041.8231505172      32104.67295249245      6347.947125879844      57749.8030764627       
375944.8995463065      32646.77382548492      5447.324096984928      57749.8343264627       
375863.72619053        33167.78809778908      4542.498170710052      57749.8655764627       
375797.7350293748      33667.92269350496      3634.274362834927      57749.8968264627       
375746.3624501376      34147.39390408361      2723.41211845036       57749.9280764627       
375709.0505068462      34606.42578900239      1810.627752948058      57749.9593264627       
375685.2479590332      35045.24875970682      896.5968179217598      57749.9905764627       
375674.4111434794      35464.09833653794      -18.04361704079201     57750.0218264627       
375676.0046980483      35863.21405755111      -932.6927729364252     57750.0530764627       
375689.5021550806      36242.83851951689      -1846.784064295061     57750.0843264627       
375714.386419119       36603.21654442457      -2759.78309863701      57750.1155764627       
375750.1501430365      36944.59445706048      -3671.185773087753     57750.1468264627       
375796.2960161735      37267.21945100898      -4580.516467603069     57750.1780764627       
375852.3369741217      37571.33904942598      -5487.326333316014     57750.2093264627       
375917.7963412538      37857.20064009532      -6391.19167379546      57750.2405764627       
375992.2079151372      38125.05107470195      -7291.712416456052     57750.2718264627       
376075.1160000839      38375.13633212187      -8188.510670958349     57750.3030764627       
376166.0753973346      38607.70123465781      -9081.229371160123     57750.3343264627       
376264.6513585839      38822.98920689788      -9969.530996996793     57750.3655764627       
376370.4195076105      39021.24207966344      -10853.09637257023     57750.3968264627       
376482.9657353246      39202.69992999585      -11731.62353668574     57750.4280764627       
376601.8860729853      39367.60094868729      -12604.82668209219     57750.4593264627       
376726.78654657        39516.18133946355      -13472.43515973314     57750.4905764627       
376857.2830160477      39648.67524225552      -14334.19254440005     57750.5218264627       
376993.0010028993      39765.31467339944      -15189.85575828739     57750.5530764627       
377133.5755076589      39866.32948761612      -16039.19424906856     57750.5843264627       
377278.6508198367      39951.94735797035      -16881.98921925217     57750.6155764627       
377427.8803233291      40022.39376043347      -17718.0329037167      57750.6468264627       
377580.9262968977      40077.89198130681      -18547.12789246754     57750.6780764627       
377737.4597132692      40118.66312564153      -19369.08649581441     57750.7093264627       
377897.1600366139      40144.92613951057      -20183.73014930644     57750.7405764627       
378059.7150203155      40156.89783675194      -20990.88885591616     57750.7718264627       
378224.8205053922      40154.79293441099      -21790.40066309951     57750.8030764627       
378392.1802210939      40138.82408869624      -22582.11117250036     57750.8343264627       
378561.5055874501      40109.2019390806       -23365.87308020031     57750.8655764627       
378732.51552074        40066.13515573772      -24141.54574554091     57750.8968264627       
378904.9362427669      40009.83048559955      -24908.99478667008     57750.9280764627       
379078.5010934764      39940.49280451576      -25668.09170107648     57750.9593264627       
379252.9503476474      39858.32517096759      -26418.71350948943     57750.9905764627       
379428.0310363197      39763.52887685096      -27160.74242162451     57751.0218264627       
379603.496772317       39656.30350301859      -27894.06552235232     57751.0530764627       
379779.1075804289      39536.84697521165      -28618.57447696273     57751.0843264627       
379954.6297327763      39405.35561605799      -29334.16525428288     57751.1155764627       
380129.8355886402      39262.02420051822      -30040.73786648974     57751.1468264627       
380304.503438948       39107.04601322637      -30738.1961245329      57751.1780764627       
380478.4173565659      38940.61289633281      -31426.44740815894     57751.2093264627       
380651.3670503421      38762.91530789129      -32105.40244959397     57751.2405764627       
380823.147724927       38574.14237047579      -32774.97513000213     57751.2718264627       
380993.5599449198      38374.481923835        -33435.08228790274     57751.3030764627       
381162.4095037953      38164.1205765675       -34085.64353877667     57751.3343264627       
381329.5072979426      37943.24375270946      -34726.5811051497      57751.3655764627       
381494.6692048984      37712.03574171138      -35357.81965648607     57751.3968264627       
381657.7159664084      37470.67974458497      -35979.28615827087     57751.4280764627       
381818.4730757054      37219.35792157551      -36590.90972970161     57751.4593264627       
381976.7706696105      36958.25143415916      -37192.62150944839     57751.4905764627       
382132.4434245404      36687.54048988415      -37784.3545289801      57751.5218264627       
382285.3304567231      36407.40438601305      -38366.04359298415     57751.5530764627       
382435.2752269066      36118.02154792276      -38937.62516644431     57751.5843264627       
382582.1254486963      35819.56957035745      -39499.03726796582     57751.6155764627       
382725.7330008174      35512.2252575018       -40050.21936896734     57751.6468264627       
382865.953843577       35196.16465784665      -40591.11229838588     57751.6780764627       
383002.6479386791      34871.56310195328      -41121.65815256102     57751.7093264627       
383135.6791726901      34538.59523909346      -41641.80020999133     57751.7405764627       
383264.9152844131      34197.43506874334      -42151.48285067524     57751.7718264627       
383390.2277953633      33848.25597504534      -42650.65147976713     57751.8030764627       
383511.4919436646      33491.23075977087      -43139.25245529985     57751.8343264627       
383628.5866214389      33126.53167201226      -43617.23301973994     57751.8655764627       
383741.3943152145      32754.33043912632      -44084.54123516042     57751.8968264627       
383849.8010496661      32374.7982944643       -44541.12592182831     57751.9280764627       
383953.696334227       31988.10600641074      -44986.93660001912     57751.9593264627       
384052.9731126664      31594.42390696354      -45421.92343488598     57751.9905764627       
384147.527715925       31193.92191538717      -45846.03718421969     57752.0218264627       
384237.2598174441      30786.76956551008      -46259.22914895041     57752.0530764627       
384322.0723915178      30373.13602950251      -46661.45112625248     57752.0843264627       
384401.8716741768      29953.1901435563       -47052.65536512288     57752.1155764627       
384476.5671271168      29527.10042830241      -47432.79452431492     57752.1468264627       
384546.0714039457      29095.03511253538      -47801.82163251808     57752.1780764627       
384610.300319033       28657.16215622304      -48159.69005068274     57752.2093264627       
384669.1728192074      28213.64926878485      -48506.35343639778     57752.2405764627       
384722.6109576547      27764.66393075432      -48841.76571023755     57752.2718264627       
384770.5398702951      27310.37341480275      -49165.88102399997     57752.3030764627       
384812.8877548787      26850.94480210594      -49478.65373076836     57752.3343264627       
384849.5858521932      26386.5450021661       -49780.03835673361     57752.3655764627       
384880.5684296521      25917.34077206326      -50069.98957472057     57752.3968264627       
384905.7727675049      25443.49873111887      -50348.4621793718      57752.4280764627       
384925.1391470938      24965.18537907619      -50615.41106394367     57752.4593264627       
384938.6108414253      24482.5671137723       -50870.79119867971     57752.4905764627       
384946.1341082891      23995.81024428268      -51114.55761073023     57752.5218264627       
384947.6581853877      23505.08100763631      -51346.66536559368     57752.5530764627       
384943.1352877395      23010.54558507565      -51567.06955006112     57752.5843264627       
384932.5206075811      22512.37011384087      -51775.72525664952     57752.6155764627       
384915.7723162687      22010.72070257051      -51972.58756951892     57752.6468264627       
384892.8515684378      21505.76344628884      -52157.61155186842     57752.6780764627       
384863.7225086335      20997.66443696206      -52330.75223481804     57752.7093264627       
384828.3522799334      20486.58977815195      -52491.96460778305     57752.7405764627       
384786.7110349706      19972.70559660255      -52641.20361035861     57752.7718264627       
384738.771949075       19456.17805614739      -52778.42412573301     57752.8030764627       
384684.5112359088      18937.17336677684      -52903.58097565855     57752.8343264627       
384623.9081651661      18415.85779738221      -53016.62891701105     57752.8655764627       
384556.9450825929      17892.39768769958      -53117.5226399778      57752.8968264627       
384483.6074324116      17366.95945766788      -53206.21676791739     57752.9280764627       
384403.8837819562      16839.70961867723      -53282.66585894518     57752.9593264627       
384317.7658487391      16310.81478223423      -53346.8244092984      57752.9905764627       
384225.2485297677      15780.44167051079      -53398.64685854893     57753.0218264627       
384126.3299332191      15248.75712698251      -53438.08759673187     57753.0530764627       
384021.0114126647      14715.92812268481      -53465.10097347014     57753.0843264627       
383909.2976035333      14182.12176611689      -53479.64130918056     57753.1155764627       
383791.1964620135      13647.50531275809      -53481.66290845342     57753.1468264627       
383666.7193065478      13112.24617017114      -53471.12007570858     57753.1780764627       
383535.8808616398      12576.51190670409      -53447.96713323478     57753.2093264627       
383398.6993041555      12040.47025975018      -53412.158441733       57753.2405764627       
383255.1963122539      11504.28913953961      -53363.64842348691     57753.2718264627       
383105.3971166964      10968.13663644955      -53302.39158829856     57753.3030764627       
382949.3305546916      10432.18102778988      -53228.34256233227     57753.3343264627       
382787.0291263891      9896.590780030019      -53141.4561200219      57753.3655764627       
382618.529053784       9361.534554875041      -53041.68721920581     57753.3968264627       
382443.8703422358      8827.181212031996      -52928.99103966322     57753.4280764627       
382263.0968444605      8293.699813944571      -52803.3230252385      57753.4593264627       
382076.2563271511      7761.259625342864      -52664.63892974882     57753.4905764627       
381883.4005400094      7230.030115973197      -52512.89486688089     57753.5218264627       
381684.5852872722      6700.180962443883      -52348.04736429715     57753.5530764627       
381479.8705017586      6171.882045129067      -52170.05342218069     57753.5843264627       
381269.3203212394      5645.303448018778      -51978.8705764593      57753.6155764627       
381053.0031671647      5120.615457433167      -51774.45696696347     57753.6468264627       
380830.991825724       4597.98855552703       -51556.77141078252     57753.6780764627       
380603.3635310335      4077.593416433985      -51325.77348109607     57753.7093264627       
380370.2000504259      3559.600900942431      -51081.42359176911     57753.7405764627       
380131.5877717521      3044.18204561602       -50823.6830880105      57753.7718264627       
379887.6177924669      2531.508054151382      -50552.51434340558     57753.8030764627       
379638.3860103983      2021.750286847826      -50267.88086364414     57753.8343264627       
379383.9932160256      1515.08024406687       -49969.74739727491     57753.8655764627       
379124.5451860018      1011.669551426792      -49658.08005382605     57753.8968264627       
378860.1527777165      511.6899425690499      -49332.84642963961     57753.9280764627       
378590.9320246298      15.31323534599505      -48994.01574177392     57753.9593264627       
378317.0042320424      -477.2886908907458     -48641.55897033346     57753.9905764627       
378038.4960729823      -965.943921100632      -48275.44900958693     57754.0218264627       
377755.5396838116      -1450.480537652118     -47895.66082823752     57754.0530764627       
377468.2727591276      -1930.726652663776     -47502.1716392055      57754.0843264627       
377176.8386454825      -2406.510446885412     -47094.96107927884     57754.1155764627       
376881.3864334124      -2877.660210185204     -46674.0113989799      57754.1468264627       
376582.07104716        -3344.004390954338     -46239.30766298155     57754.1780764627       
376279.0533315036      -3805.371646485401     -45790.8379613936      57754.2093264627       
375972.5001349915      -4261.590898626622     -45328.5936322122      57754.2405764627       
375662.5843887766      -4712.491399011364     -44852.56949520356     57754.2718264627       
375349.4851803076      -5157.902796427748     -44362.76409745456     57754.3030764627       
375033.3878209648      -5597.655210681529     -43859.17997078516     57754.3343264627       
374714.4839066218      -6031.579317289274     -43341.82390116584     57754.3655764627       
374392.9713702071      -6459.506435642426     -42810.7072102298      57754.3968264627       
374069.0545251245      -6881.268625027828     -42265.84604889946     57754.4280764627       
373742.9440982864      -7296.69879287255      -41707.26170307447     57754.4593264627       
373414.8572516366      -7705.630807909671     -41134.98091123898     57754.4905764627       
373085.0175907948      -8107.899622663121     -40549.03619374998     57754.5218264627       
372753.6551593438      -8503.341409625937     -39949.46619345702     57754.5530764627       
372421.0064174581      -8891.793703850177     -39336.31602718357     57754.5843264627       
372087.3142032931      -9273.095556326487     -38709.63764746291     57754.6155764627       
371752.8276754609      -9647.087702485871     -38069.49021377576     57754.6468264627       
371417.8022351569      -10013.61273851885     -37415.9404723732      57754.6780764627       
371082.4994261989      -10372.51530980696     -36749.06314359573     57754.7093264627       
370747.1868111943      -10723.64231569678     -36068.94131541066     57754.7405764627       
370412.137822359       -11066.843122782       -35375.66684169183     57754.7718264627       
370077.6315851287      -11401.96979382497     -34669.34074355263     57754.8030764627       
369743.9527130554      -11728.87732736429     -33950.07361182528     57754.8343264627       
369411.3910721809      -12047.42391495688     -33217.98600854905     57754.8655764627       
369080.2415135992      -12357.47120793183     -32473.20886509468     57754.8968264627       
368750.8035726777      -12658.88459740652     -31715.8838743167      57754.9280764627       
368423.3811335049      -12951.53351116178     -30946.16387388633     57754.9593264627       
368098.2820576849      -13235.29171932196     -30164.21321772371     57754.9905764627       
367775.8177764281      -13510.03765215705     -29370.20813222423     57755.0218264627       
367456.3028450951      -13775.65473312398     -28564.33705376094     57755.0530764627       
367140.0544600323      -14032.03171860833     -27746.80094375176     57755.0843264627       
366827.3919374503      -14279.06304712328     -26917.81357741179     57755.1155764627       
366518.6361544323      -14516.64920006815     -26077.60180217295     57755.1468264627       
366214.1089528798      -14744.69706702995     -25226.40576165151     57755.1780764627       
365914.1325074024      -14963.12031434731     -24364.47908098899     57755.2093264627       
365619.0286584805      -15171.83975838487     -23492.08900938364     57755.2405764627       
365329.1182128076      -15370.78374177291     -22609.51651568011     57755.2718264627       
365044.7202134567      -15559.88850474529     -21717.05633299881     57755.3030764627       
364766.1511826676      -15739.09855238703     -20815.01694856535     57755.3343264627       
364493.7243405295      -15908.36701881104     -19903.72053515307     57755.3655764627       
364227.7488038246      -16067.65601773575     -18983.50282087968     57755.3968264627       
363968.5287693217      -16216.93698018492     -18054.71289450126     57755.4280764627       
363716.3626862675      -16356.19097989598     -17117.7129438271      57755.4593264627       
363471.542423775       -16485.40903517417     -16172.87792543288     57755.4905764627       
363234.3524385627      -16604.5923906209      -15220.59516447232     57755.5218264627       
363005.0689493421      -16713.75277040177     -14261.26388407598     57755.5530764627       
362783.9591238928      -16812.91260653973     -13295.29466456679     57755.5843264627       
362571.2802857074      -16902.10523114388     -12323.10883350944     57755.6155764627       
362367.2791466539      -16981.37503340905     -11345.13778842769     57755.6468264627       
362172.1910720989      -17050.77758242859     -10361.82225486038     57755.6780764627       
361986.2393853436      -17110.37970583542     -9373.611483260858     57755.7093264627       
361809.6347175057      -17160.25952593127     -8380.962389067128     57755.7405764627       
361642.5744086477      -17200.50645532507     -7384.338641054201     57755.7718264627       
361485.241966067       -17231.22114323695     -6384.209703816894     57755.8030764627       
361337.8065846103      -17252.51537537371     -5381.049840896863     57755.8343264627       
361200.4227332607      -17264.51193075515     -4375.337085649662     57755.8655764627       
361073.2298120808      -17267.34438810098     -3367.552187430978     57755.8968264627       
360956.3518822997      -17261.15688617968     -2358.177541052188     57755.9280764627       
360849.8974715118      -17246.10384302535     -1347.696107706848     57755.9593264627       
360753.9594556303      -17222.34962816465     -336.5903356932831     57755.9905764627       
360668.6150178268      -17190.06819374541     674.6589107477557      57756.0218264627       
360593.9256838136      -17149.44267089659     1685.573406298521      57756.0530764627       
360529.9374324819      -17100.66492680656     2695.678595213896      57756.0843264627       
360476.6808795609      -17043.93508962011     3704.504590218552      57756.1155764627       
360434.1715311686      -16979.46104855829     4711.587132608598      57756.1468264627       
360402.4101039838      -16907.45792482606     5716.468507103149      57756.1780764627       
360381.3829073267      -16828.14752613797     6718.698405664793      57756.2093264627       
360371.0622826764      -16741.75778072816     7717.834735245033      57756.2405764627       
360371.4070950171      -16648.52216134156     8713.444365200405      57756.2718264627       
360382.3632703428      -16548.67910344442     9705.103810942335      57756.3030764627       
360403.8643736358      -16442.47141640326     10692.39985121739      57756.3343264627       
360435.8322210719      -16330.14569500001     11674.9300772439       57756.3655764627       
360478.1775201426      -16211.95173889082     12652.30337274175      57756.3968264627       
360530.8005319175      -16088.14197614203     13624.14032466842      57756.4280764627       
360593.5917492844      -15958.97089796187     14590.07356520685      57756.4593264627       
360666.4325852126      -15824.69451146118     15549.74804622515      57756.4905764627       
360735.5041346972      -15707.79925232709     16353.1224162612       57756.516903228        
