-5.468847443708361e-13 9000                   -3.554556822493726e-15 57727                  
-1.478474343489625e-06 9591.514680560294      4.891260643716169e-07  57727.00069444445      
-7.863979691352559e-06 10324.1567802603       2.624347999594752e-06  57727.00158095954      
-2.130646447273972e-05 11113.2804765932       7.128194606384301e-06  57727.00256693504      
-4.4815775564946e-05   11967.92172560097      1.501017893123374e-05  57727.00366934125      
-8.247964642498411e-05 12893.90576557261      2.764075773969738e-05  57727.00490225861      
-0.0001398853671738514 13897.77149687405      4.689212888433808e-05  57727.00628170704      
-0.0002246671777271873 14986.79661157973      7.532081923950938e-05  57727.00782584328      
-0.0003472431389650765 16168.95478301969      0.0001164131473213664  57727.0095550663       
-0.0005218383492606404 17453.0933417353       0.0001749256351805289  57727.01149244919      
-0.000767873062011727  18848.97660320496      0.0002573460613988976  57727.01366400735      
-0.001111553835980155  20366.16468132743      0.0003724200326047351  57727.01609708191      
-0.001587545947703369  22012.56316142738      0.0005317013336712962  57727.01881783475      
-0.002243360071969751  23799.97477837709      0.0007510052403167614  57727.02186037917      
-0.003143404127111968  25741.61060417279      0.00105174016263629    57727.02526327121      
-0.004374979149762656  27852.11804576102      0.001462875798756933   57727.0290698563       
-0.006056457283977022  30147.73663235938      0.002023619287900809   57727.03332885278      
-0.008348323019458008  32646.3990670198       0.002787015010046471   57727.03809486121      
-0.01146843417748991   35368.11563555944      0.003824902362560314   57727.04342944722      
-0.01571264714274129   38335.15468283754      0.005234584990043766   57727.04940190409      
-0.02148268853807366   41572.16680005747      0.007147796118614803   57727.05608992357      
-0.02932516558890873   45106.87644932276      0.009743188063123225   57727.06358148542      
-0.03998339283184211   48970.05635210219      0.01326280348265086    57727.07197534459      
-0.05446888550845126   53196.00884704242      0.01803464835633866    57727.08138259644      
-0.07416113243727956   57823.51175119857      0.024503976394208      57727.09192940063      
-0.1009394418293592    62895.65047108013      0.03327418400790785    57727.10375730064      
-0.1373700391276913    68461.14858091135      0.04516439602848295    57727.1170270089       
-0.1869549489263773    74574.4335715841       0.06128504795426335    57727.13191938639      
-0.2544832996771167    81297.17787852509      0.08314347086022683    57727.14864002142      
-0.34650052696325      88698.49992552046      0.1127825584024629     57727.16742069711      
-0.4719709801372217    96856.93316785083      0.1529739949069273     57727.18852536336      
-0.6431623817210245    105860.7022846746      0.2074706275777967     57727.2122519883       
-0.8769020453526533    115810.4922641624      0.2813590261014213     57727.23894100459      
-1.196261881712937     126820.1965122814      0.3815195095716605     57727.26897870984      
-1.596639989207502     138096.7573566333      0.5060251668805834     57727.30022870984      
-2.071448054003357     149220.4132954243      0.6524001707262327     57727.33147870984      
-2.625459918910428     160213.1875684727      0.8217146284644626     57727.36272870984      
-3.26322399738928      171092.4750502007      1.014936994477896      57727.39397870984      
-3.989081270322953     181872.2841917224      1.232942339649921      57727.42522870984      
-4.807180755319417     192564.0824898537      1.476519567235982      57727.45647870984      
-5.721493008611464     203177.3897560725      1.746377787780109      57727.48772870984      
-6.735822056345431     213720.2052779697      2.043152006544413      57727.51897870984      
-7.85381604469714      224199.3222793323      2.367408237589841      57727.55022870984      
-9.078976825180252     234620.5639271707      2.719648131669579      57727.58147870984      
-10.41466864071394     244988.9634896124      3.10031318606524       57727.61272870984      
-11.86412604168062     255308.9039437817      3.509788590730808      57727.64397870984      
-13.43046113472718     265584.227621525       3.948406754924756      57727.67522870984      
-15.11667024737668     275818.3233668215      4.416450550817842      57727.70647870984      
-16.92564007662058     286014.196574933       4.914156304643039      57727.73772870984      
-18.86015337820333     296174.5260338793      5.441716561316016      57727.76897870984      
-20.92289424436301     306301.7104723267      5.999282644763896      57727.80022870984      
-23.11645301070395     316397.9069935587      6.586967033218769      57727.83147870984      
-25.44333082718911     326465.0630513157      7.204845566292342      57727.86272870984      
-27.90594392361727     336504.9432393052      7.852959498625643      57727.89397870984      
-30.5066275961508      346519.1518812628      8.531317413212735      57727.92522870984      
-33.24763993829623     356509.1521945862      9.239897006062234      57727.95647870984      
-36.13116533713394     366476.2826383759      9.978646752633594      57727.98772870984      
-39.15931792411686     376421.7709324781      10.74748750030575      57728.01897870984      
-42.33414425393719     386346.7461381143      11.54631384356885      57728.05022870984      
-45.65762638516955     396252.249115831       12.37499552645428      57728.08147870984      
-49.13168475221288     406139.2416176988      13.23337875133494      57728.11272870984      
-52.75818062836053     416008.6142241429      14.12128735731105      57728.14397870984      
-56.53891854340695     425861.1932986778      15.03852394584195      57728.17522870984      
-60.47564856365376     435697.7471040541      15.9848709380019       57728.20647870984      
-64.57006844364197     445518.9911992812      16.9600915681995       57728.23772870984      
-68.82382565816761     455325.5932174762      17.96393081880223      57728.26897870984      
-73.23851932244848     465118.1771085461      18.99611629974825      57728.30022870984      
-77.8157020076895      474897.3269176265      20.05635907690337      57728.33147870984      
-82.55688145873363     484663.590159405       21.14435445262659      57728.36272870984      
-87.46352221998033     494417.4808395068      22.25978270174036      57728.39397870984      
-92.53704717529133     504159.4821666731      23.40230976585796      57728.42522870984      
-97.77883900718622     513890.0489932308      24.57158790879902      57728.45647870984      
-103.1902415802482     523609.6100161187      25.76725633562037      57728.48772870984      
-108.7725612533098     533318.5697663289      26.98894177760485      57728.51897870984      
-114.5270681246709     543017.3104108892      28.23625904537949      57728.55022870984      
-120.454997214303      552706.1933883451      29.50881155217914      57728.58147870984      
-126.5575495867306     562385.5608960005      30.80619180912751      57728.61272870984      
-132.8358934180239     572055.7372448676      32.12798189427632      57728.64397870984      
-139.2911650101045     581717.030096303       33.47375389702096      57728.67522870984      
-145.9244697554213     591369.7315925966      34.84307033939931      57728.70647870984      
-152.7368830546461     601014.1193923235      36.23548457567811      57728.73772870984      
-159.7294511902122     610650.4576199871      37.65054117153333      57728.76897870984      
-166.9031921579978     620278.9977383894      39.08777626404552      57728.80022870984      
-174.2590964595113     629899.9793512059      40.54671790364772      57728.83147870984      
-181.7981278567229     639513.6309423996      42.02688637908886      57728.86272870984      
-189.5212240915599     649120.1705583951      43.52779452640529      57728.89397870984      
-197.4292975719616     658719.806438271       45.0489480228282       57728.92522870984      
-205.5232360262718     668312.737596699       46.58984566649489      57728.95647870984      
-213.8039031276386     677899.1543638327      48.14997964277558      57728.98772870984      
-222.2721389138719     687479.2388859381      49.72883583404119      57729.01897870984      
-230.9287607788876     697053.1655901622      51.32589392698442      57729.05022870984      
-239.7745638097376     706621.1016164968      52.94062770888401      57729.08147870984      
-248.8103211584312     716183.2072196961      54.57250533445202      57729.11272870984      
-258.0367846456347     725739.6361436399      56.22098950150528      57729.14397870984      
-267.4546852349928     735290.5359703857      57.88553765138         57729.17522870984      
-277.0647334866819     744836.0484459545      59.56560216038019      57729.20647870984      
-286.8676199912242     754376.3097846988      61.26063052274547      57729.23772870984      
-296.864015784534      763911.4509539244      62.97006552559392      57729.26897870984      
-307.0545727451133     773441.5979402991      64.69334541626944      57729.30022870984      
-317.4399239742614     782966.871999434       66.42990406249613      57729.33147870984      
-328.0206841601163     792487.3898899072      68.17917110572002      57729.36272870984      
-338.7974499263005     802003.2640928826      69.94057210799447      57729.39397870984      
-349.7708001658978     811514.6030183845      71.71352869274646      57729.42522870984      
-360.9412963614558     821021.5111991933      73.49745867973995      57729.45647870984      
-372.3094828916616     830524.0894732485      75.29177621453556      57729.48772870984      
-383.8758873253117     840022.4351553714      77.09589189272805      57729.51897870984      
-395.641020703159      849516.6421990553      78.90921287922703      57729.55022870984      
-407.6053778081894     859006.8013490039      80.73114302283213      57729.58147870984      
-419.7694374248538     868493.0002850563      82.56108296633873      57729.61272870984      
-432.1336625877506     877975.3237580718      84.39843025239833      57729.64397870984      
-444.6985008202143     887453.8537183165      86.2425794253444       57729.67522870984      
-457.4643843633502     896928.6694368413      88.09292212918318      57729.70647870984      
-470.4317303957048     906399.847620309       89.94884720193939      57729.73772870984      
-483.6009412442837     915867.4625196964      91.80974076653355      57729.76897870984      
-496.9724045870658     925331.5860332538      93.67498631836146      57729.80022870984      
-510.54649364747       934792.2878040927      95.54396480973492      57729.83147870984      
-524.3235673810998     944249.6353127293      97.41605473133579      57729.86272870984      
-538.3039706550948     953703.6939648996      99.29063219082663      57729.89397870984      
-552.4880344203975     963154.5271749328      101.167070988754       57729.92522870984      
-566.876075877232      972602.1964449517      103.0447426918733      57729.95647870984      
-581.4683986340742     982046.7614401503      104.9230167040184      57729.98772870984      
-596.2652928603798     991488.2800603783      106.8012603346304      57730.01897870984      
-611.2670354333248     1000926.808508253      108.6788388650582      57730.05022870984      
-626.4738900788013     1010362.401353995      110.5551156127333      57730.08147870984      
-641.8861075068927     1019795.111597181      112.4294519933197      57730.11272870984      
-657.5039255420572     1029224.990725587      114.3012075809332      57730.14397870984      
-673.3275692482192     1038652.08877128       116.1697401665194      57730.17522870984      
-689.3572510489731     1048076.454364122      118.034405814477       57730.20647870984      
-705.5931708430843     1057498.134782827      119.8945589176065      57730.23772870984      
-722.0355161154744     1066917.176003693      121.7495522504633      57730.26897870984      
-738.6844620438562     1076333.622747152      123.5987370211871      57730.30022870984      
-755.5401716011886     1085747.518522244      125.4414629218802      57730.33147870984      
-772.6027956541039     1095158.905669132      127.2770781775991      57730.36272870984      
-789.8724730574604     1104567.825399754      129.1049295940256      57730.39397870984      
-807.3493307451615     1113974.317836717      130.9243626038776      57730.42522870984      
-825.0334838173789     1123378.422050523      132.7347213121165      57730.45647870984      
-842.9250356243101     1132780.176095202      134.5353485400091      57730.48772870984      
-861.024077846595      1142179.617042451      136.325585868095       57730.51897870984      
-879.3306905725108     1151576.781014342      138.1047736781117      57730.55022870984      
-897.844942372058      1160971.703214671      139.8722511939241      57730.58147870984      
-916.5668903680501     1170364.417959021      141.6273565215074      57730.61272870984      
-935.4965803043071     1179754.958703599      143.369426688025       57730.64397870984      
-954.6340466110562     1189143.358072905      145.0977976800459      57730.67522870984      
-973.9793124676322     1198529.647886297      146.8118044809408      57730.70647870984      
-993.5323898625714     1207913.859183494      148.5107811074974      57730.73772870984      
-1013.293279651188     1217296.022249076      150.1940606457905      57730.76897870984      
-1033.26197161071      1226676.166636025      151.8609752863448      57730.80022870984      
-1053.43844449307      1236054.321188352      153.5108563586228      57730.83147870984      
-1073.822666075407     1245430.514062857      155.1430343648721      57730.86272870984      
-1094.414593208374     1254804.772750051      156.756839013363       57730.89397870984      
-1115.214171862311     1264177.124094291      158.351599251048       57730.92522870984      
-1136.22133717135      1273547.594313159      159.9266432956714      57730.95647870984      
-1157.436013475531     1282916.209016109      161.4812986673572      57730.98772870984      
-1178.858113724851     1292282.993222437      163.0148920698057      57731.01897870984      
-1200.487541043718     1301647.97137858       164.5267497825448      57731.05022870984      
-1222.324188020486     1311011.16737479       166.016197511527       57731.08147870984      
-1244.367936210509     1320372.604561204      167.4825602946669      57731.11272870984      
-1266.618656557518     1329732.305763334      168.9251626232184      57731.14397870984      
-1289.076209425078     1339090.29329701       170.3433284707586      57731.17522870984      
-1311.7404446262       1348446.588982792      171.7363813218231      57731.20647870984      
-1334.611201451514     1357801.21415987       173.1036442002113      57731.23772870984      
-1357.688308695911     1367154.189699494      174.4444396969826      57731.26897870984      
-1380.971584683727     1376505.536017921      175.7580899981636      57731.30022870984      
-1404.460837292494     1385855.273088933      177.0439169121853      57731.33147870984      
-1428.155863975326     1395203.420455916      178.3012418970687      57731.36272870984      
-1452.056451781957     1404549.997243539      179.5293860873756      57731.39397870984      
-1476.162377378484     1413895.022169034      180.7276703209447      57731.42522870984      
-1500.473407065847     1423238.5135531        181.8954151654257      57731.45647870984      
-1524.989296797086     1432580.489330452      183.0319409446319      57731.48772870984      
-1549.709792193403     1441920.96706001       184.1365677647236      57731.51897870984      
-1574.634628559077     1451259.96393477       185.2086155402403      57731.55022870984      
-1599.763530895271     1460597.496791337      186.2474040199941      57731.58147870984      
-1625.09621391263      1469933.58211917       187.2522528128418      57731.61272870984      
-1650.63238204307      1479268.236069513      188.2224814133457      57731.64397870984      
-1676.371729450286     1488601.474464052      189.1574092273416      57731.67522870984      
-1702.313940039381     1497933.312803297      190.0563555974228      57731.70647870984      
-1728.458687465504     1507263.766274695      190.9186398283566      57731.73772870984      
-1754.805635141545     1516592.849760502      191.7435812124434      57731.76897870984      
-1781.354436244904     1525920.577845394      192.5304990548321      57731.80022870984      
-1808.104733723383     1535246.96482386       193.2787126988041      57731.83147870984      
-1835.056160300226     1544572.024707362      193.9875415510355      57731.86272870984      
-1862.208338478192     1553895.771231272      194.6563051068528      57731.89397870984      
-1889.56088054308      1563218.217861611      195.2843229754882      57731.92522870984      
-1917.11338856619      1572539.377801576      195.8709149053498      57731.95647870984      
-1944.865454406148     1581859.263997881      196.4154008093159      57731.98772870984      
-1972.81666008249      1591177.889146901      196.9171006352821      57732.01897870984      
-2000.966576874801     1600495.265700645      197.3753347659704      57732.05022870984      
-2029.314765773161     1609811.405872543      197.7894238570543      57732.08147870984      
-2057.860777784331     1619126.321643082      198.1586887349482      57732.11272870984      
-2086.604153700961     1628440.024765257      198.482450517623       57732.14397870984      
-2115.544424099141     1637752.526769888      198.7600306402458      57732.17522870984      
-2144.681109335477     1647063.838970767      198.9907508809114      57732.20647870984      
-2174.013719543534     1656373.972469675      199.1739333864766      57732.23772870984      
-2203.541754629691     1665682.938161243      199.3089006985049      57732.26897870984      
-2233.264704268478     1674990.746737692      199.3949757793322      57732.30022870984      
-2263.182047897191     1684297.408693426      199.4314820382613      57732.33147870984      
-2293.293254710313     1693602.934329513      199.4177433578905      57732.36272870984      
-2323.597783653091     1702907.33375803       199.3530841205909      57732.39397870984      
-2354.095083414806     1712210.6169063        199.2368292351344      57732.42522870984      
-2384.784592421512     1721512.793521009      199.0683041634839      57732.45647870984      
-2415.665738828371     1730813.873172208      198.8468349477516      57732.48772870984      
-2446.737940511387     1740113.865257221      198.5717482373352      57732.51897870984      
-2478.000605059028     1749412.779004434      198.2423713162356      57732.55022870984      
-2509.453129763141     1758710.623476992      197.8580321305689      57732.58147870984      
-2541.094901609633     1768007.407576399      197.418059316275       57732.61272870984      
-2572.925297268755     1777303.140046024      196.921782227033       57732.64397870984      
-2604.94368308506      1786597.829474509      196.3685309623886      57732.67522870984      
-2637.149415066877     1795891.484299097      195.7576363961026      57732.70647870984      
-2669.541838875771     1805184.112808877      195.088430204724       57732.73772870984      
-2702.120289815401     1814475.723147934      194.3602448963971      57732.76897870984      
-2734.884092820239     1823766.323318432      193.5724138399085      57732.80022870984      
-2767.832562444024     1833055.921183611      192.7242712939797      57732.83147870984      
-2800.965002847811     1842344.524470716      191.8151524368124      57732.86272870984      
-2834.280707788099     1851632.140773845      190.8443933958915      57732.89397870984      
-2867.778960604418     1860918.777556738      189.8113312780537      57732.92522870984      
-2901.459034206887     1870204.442155479      188.7153041998264      57732.95647870984      
-2935.32019106354      1879489.141781157      187.5556513180428      57732.98772870984      
-2969.361683187532     1888772.883522441      186.3317128607394      57733.01897870984      
-3003.582752124012     1898055.674348104      185.0428301583426      57733.05022870984      
-3037.982628937208     1907337.521109483      183.688345675146       57733.08147870984      
-3072.560534197051     1916618.430542881      182.2676030410896      57733.11272870984      
-3107.315677965873     1925898.409271913      180.7799470838417      57733.14397870984      
-3142.247259785015     1935177.463809799      179.2247238611905      57733.17522870984      
-3177.354468661195     1944455.600561593      177.6012806937514      57733.20647870984      
-3212.636483053183     1953732.825826378      175.9089661979919      57733.23772870984      
-3248.092470858079     1963009.145799392      174.1471303195836      57733.26897870984      
-3283.721589397766     1972284.56657412       172.3151243670818      57733.30022870984      
-3319.522985405322     1981559.094144327      170.4123010459407      57733.33147870984      
-3355.495795011483     1990832.734406055      168.4380144928658      57733.36272870984      
-3391.639143730974     2000105.493159566      166.391620310512       57733.39397870984      
-3427.952146449241     2009377.376111249      164.2724756025264      57733.42522870984      
-3464.43390740891      2018648.388875479      162.0799390089459      57733.45647870984      
-3501.083520196502     2027918.536976439      159.813370741949       57733.48772870984      
-3537.900067729234     2037187.825849902      157.4721326219692      57733.51897870984      
-3574.882622241972     2046456.260844969      155.0555881141716      57733.55022870984      
-3612.030245274145     2055723.847225779      152.563102365299       57733.58147870984      
-3649.341987657209     2064990.590173169      149.9940422408878      57733.61272870984      
-3686.816889501894     2074256.494786315      147.3477763628605      57733.64397870984      
-3724.453980185861     2083521.566084323      144.6236751474973      57733.67522870984      
-3762.252278341535     2092785.809007795      141.8211108437895      57733.70647870984      
-3800.210791844167     2102049.228420361      138.9394575721788      57733.73772870984      
-3838.328517800209     2111311.829110178      135.978091363684       57733.76897870984      
-3876.604442535756     2120573.615791399      132.9363901994225      57733.80022870984      
-3915.037541585689     2129834.59310561       129.8137340505218      57733.83147870984      
-3953.62677968273      2139094.765623239      126.6095049184324      57733.86272870984      
-3992.371110747044     2148354.137844941      123.3230868756386      57733.89397870984      
-4031.269477876147     2157612.714202947      119.9538661067721      57733.92522870984      
-4070.320813335191     2166870.49906239       116.5012309501304      57733.95647870984      
-4109.524038547658     2176127.496722607      112.9645719396023      57733.98772870984      
-4148.878064382975     2185383.711418412      109.3432821233446      57734.01897870984      
-4188.381790438633     2194639.147321347      105.6367564313682      57734.05022870984      
-4228.034105376945     2203893.808540906      101.8443920650832      57734.08147870984      
-4267.833887166249     2213147.69912574       97.96558876524283      57734.11272870984      
-4307.780002893356     2222400.823064831      93.99974868428724      57734.14397870984      
-4347.871308757081     2231653.18428865       89.94627643076163      57734.17522870984      
-4388.106650062318     2240904.786670295      85.8045791141498       57734.20647870984      
-4428.484861214694     2250155.634026601      81.5740663901253       57734.23772870984      
-4469.004765715787     2259405.730119238      77.25415050622018      57734.26897870984      
-4509.665176158981     2268655.078655776      72.84424634791321      57734.30022870984      
-4550.464894225934     2277903.683290748      68.34377148513681      57734.33147870984      
-4591.402710683753     2287151.547626677      63.75214621920389      57734.36272870984      
-4632.477405382631     2296398.675215092      59.06879363015602      57734.39397870984      
-4673.687747254608     2305645.069557534      54.29313962452922      57734.42522870984      
-4715.032494312627     2314890.734106525      49.42461298354237      57734.45647870984      
-4756.510393650554     2324135.672266539      44.46264541170421      57734.48772870984      
-4798.120181443926     2333379.887394945      39.40667158584019      57734.51897870984      
-4839.860582951481     2342623.382802934      34.25612920453814      57734.55022870984      
-4881.730312517508     2351866.161756438      29.01045903801206      57734.58147870984      
-4923.728073575042     2361108.227477026      23.66910497838317      57734.61272870984      
-4965.852558649914     2370349.583142786      18.231514090377        57734.64397870984      
-5008.102449365691     2379590.231889195      12.69713666243521      57734.67522870984      
-5050.476416449523     2388830.176809973      7.065426258240638      57734.70647870984      
-5092.973119738931     2398069.42095792       1.335839768653855      57734.73772870984      
-5135.591208189547     2407307.967345749      -4.492162535940698     57734.76897870984      
-5178.329319883839     2416545.818946887      -10.41911695288099     57734.80022870984      
-5221.186082040852     2425782.978696289      -16.4455562940686      57734.83147870984      
-5264.160111027009     2435019.449491213      -22.57200983240752     57734.86272870984      
-5307.250012367766     2444255.234192001      -28.79900324784172     57734.89397870984      
-5350.454380760763     2453490.335622839      -35.12705857299849     57734.92522870984      
-5393.771800089688     2462724.756572507      -41.55669413843537     57734.95647870984      
-5437.200843439436     2471958.499795123      -48.08842451749814     57734.98772870984      
-5480.740073203984     2481191.568010862      -54.72276053762977     57735.01897870984      
-5524.38804088186      2490423.96390668       -61.46020906239384     57735.05022870984      
-5568.143287206545     2499655.690137017      -68.3012730167501      57735.08147870984      
-5612.004342241661     2508886.749324492      -75.24645138532131     57735.11272870984      
-5655.969725345662     2518117.144060588      -82.29623911413546     57735.14397870984      
-5700.037945194304     2527346.876906325      -89.45112705323012     57735.17522870984      
-5744.207499804412     2536575.950392928      -96.71160189889638     57735.20647870984      
-5788.476876558977     2545804.367022485      -104.078146135568      57735.23772870984      
-5832.844552233629     2555032.129268586      -111.5512379773613     57735.26897870984      
-5877.308993024456     2564259.239576965      -119.1313513092716     57735.30022870984      
-5921.86865457727      2573485.700366125      -126.818955628032      57735.33147870984      
-5966.521982018285     2582711.51402796       -134.6145159826422     57735.36272870984      
-6011.267409986253     2591936.682928362      -142.5184929145715     57735.39397870984      
-6056.103362666097     2601161.209407826      -150.5313423976459     57735.42522870984      
-6101.028253824041     2610385.095782044      -158.6535157776237     57735.45647870984      
-6146.040486844267     2619608.344342485      -166.8854597114697     57735.48772870984      
-6191.138454767164     2628830.957356982      -175.2276161063333     57735.51897870984      
-6236.320540329114     2638052.937070296      -183.6804220582405     57735.55022870984      
-6281.585116003975     2647274.285704679      -192.2443097905071     57735.58147870984      
-6326.930544045927     2656495.005460432      -200.9197065918808     57735.61272870984      
-6372.355176534483     2665715.09851645       -209.7070347544252     57735.64397870984      
-6417.857355420678     2674934.567030763      -218.6067115111484     57735.67522870984      
-6463.435412575214     2684153.413141071      -227.6191489733924     57735.70647870984      
-6509.087669838294     2693371.638965271      -236.7447540679872     57735.73772870984      
-6554.812439071203     2702589.246601978      -245.9839284741853     57735.76897870984      
-6600.608022209656     2711806.238131033      -255.3370685603818     57735.80022870984      
-6646.47271131898      2721022.615614019      -264.8045653206346     57735.83147870984      
-6692.404788651083     2730238.381094756      -274.3868043109938     57735.86272870984      
-6738.40252670329      2739453.536599795      -284.084165585653      57735.89397870984      
-6784.464188279051     2748668.08413891       -293.8970236329318     57735.92522870984      
-6830.588026550538     2757882.025705577      -303.8257473111043     57735.95647870984      
-6876.77228512315      2767095.363277455      -313.8706997840841     57735.98772870984      
-6923.015198102014     2776308.098816851      -324.0322384569787     57736.01897870984      
-6969.314990160192     2785520.23427119       -334.310714911526      57736.05022870984      
-7015.669876609362     2794731.771573469      -344.7064748414273     57736.08147870984      
-7062.078063472016     2803942.712642719      -355.219857987589      57736.11272870984      
-7108.537747555895     2813153.059384444      -365.851198073286      57736.14397870984      
-7155.04711653046      2822362.813691071      -376.6008227392642     57736.17522870984      
-7201.604349005382     2831571.977442385      -387.4690534787931     57736.20647870984      
-7248.207614611128     2840780.55250596       -398.4562055726851     57736.23772870984      
-7294.855074081663     2849988.54073759       -409.5625880242965     57736.26897870984      
-7341.544879339237     2859195.943981708      -420.7885034945244     57736.30022870984      
-7388.275173581372     2868402.764071805      -432.1342482368166     57736.33147870984      
-7435.044091369754     2877609.002830844      -443.6001120322098     57736.36272870984      
-7481.849758721782     2886814.662071664      -455.1863781244132     57736.39397870984      
-7528.690293203817     2896019.743597387      -466.8933231549524     57736.42522870984      
-7575.563804026868     2905224.24920181       -478.7212170983918     57736.45647870984      
-7622.468392144444     2914428.180669804      -490.6703231976535     57736.48772870984      
-7669.402150352642     2923631.5397777        -502.740897899448      57736.51897870984      
-7716.363163392483     2932834.328293676      -514.9331907898364     57736.55022870984      
-7763.349508054537     2942036.54797813       -527.2474445299417     57736.58147870984      
-7810.359253285578     2951238.200584064      -539.6838947918258     57736.61272870984      
-7857.390460298035     2960439.287857445      -552.2427701945559     57736.64397870984      
-7904.441182681203     2969639.811537581      -564.9242922404723     57736.67522870984      
-7951.50946651504      2978839.773357474      -577.7286752516831     57736.70647870984      
-7998.593350486201     2988039.175044183      -590.6561263068002     57736.73772870984      
-8045.690866006407     2997238.018319176      -603.7068451779412     57736.76897870984      
-8092.800037333151     3006436.304898676      -616.8810242680131     57736.80022870984      
-8139.918881692768     3015634.036494014      -630.1788485483008     57736.83147870984      
-8187.045409405608     3024831.214811957      -643.6004954963787     57736.86272870984      
-8234.177624014088     3034027.841555054      -657.1461350343703     57736.89397870984      
-8281.313522412558     3043223.918421965      -670.8159294675701     57736.92522870984      
-8328.451094979795     3052419.447107789      -684.610033423456      57736.95647870984      
-8375.588325713792     3061614.429304387      -698.5285937911095     57736.98772870984      
-8422.723191212623     3070808.866700707      -712.5717492093728     57737.01897870984      
-8469.85366361378      3080002.760983089      -726.7396310793979     57737.05022870984      
-8516.977709331915     3089196.113835584      -741.0323629955716     57737.08147870984      
-8564.093288250964     3098388.926940262      -755.4500603030707     57737.11272870984      
-8611.198354582788     3107581.201977512      -769.992830312782      57737.14397870984      
-8658.290857016138     3116772.940626347      -784.6607722435917     57737.17522870984      
-8705.368738867957     3125964.144564694      -799.4539771652384     57737.20647870984      
-8752.429938237017     3135154.815469689      -814.3725279417525     57737.23772870984      
-8799.472388159977     3144344.95501796       -829.41649917551       57737.26897870984      
-8846.494016769504     3153534.564885918      -844.5859571519142     57737.30022870984      
-8893.492747455304     3162723.646750027      -859.8809597847409     57737.33147870984      
-8940.466499026921     3171912.202287091      -875.3015565621633     57737.36272870984      
-8987.41318587911      3181100.233174513      -890.847788493483      57737.39397870984      
-9034.330718159534     3190287.741090574      -906.5196880565894     57737.42522870984      
-9081.217001938676     3199474.727714689      -922.3172791461756     57737.45647870984      
-9128.069939382087     3208661.194727668      -938.2405770227303     57737.48772870984      
-9174.887428924974     3217847.143811977      -954.2895882623349     57737.51897870984      
-9221.667365448713     3227032.576651983      -970.4643107072839     57737.55022870984      
-9268.407640460211     3236217.494934203      -986.7647334175598     57737.58147870984      
-9315.106142272898     3245401.900347553      -1003.190836623184     57737.61272870984      
-9361.760756190219     3254585.79458358       -1019.742591677463     57737.64397870984      
-9408.369364691251     3263769.179336704      -1036.419961011168     57737.67522870984      
-9454.929847618459     3272952.056304448      -1053.222898087654     57737.70647870984      
-9501.440082367635     3282134.427187663      -1070.151347358959     57737.73772870984      
-9547.897944079916     3291316.293690757      -1087.205244222902     57737.76897870984      
-9594.301305835887     3300497.657521909      -1104.384514981192     57737.80022870984      
-9640.648038851781     3309678.52039329       -1121.689076798603     57737.83147870984      
-9686.93601267769      3318858.88402127       -1139.118837663201     57737.86272870984      
-9733.163095397778     3328038.750126628      -1156.673696347673     57737.89397870984      
-9779.32715383249      3337218.120434756      -1174.353542371781     57737.92522870984      
-9825.4260537427       3346396.996675859      -1192.158255965943     57737.95647870984      
-9871.457660035821     3355575.38058515       -1210.087708036        57737.98772870984      
-9917.419838959213     3364753.27390303       -1228.141759170062     57738.01897870984      
-9963.310453490683     3373930.678375299      -1246.320261933544     57738.05022870984      
-10009.12736598194     3383107.595753326      -1264.623059662865     57738.08147870984      
-10054.8684400012      3392284.027794223      -1283.049985648195     57738.11272870984      
-10100.53153932243     3401459.976261027      -1301.600863696483     57738.14397870984      
-10146.11452814223     3410635.442922868      -1320.275508103648     57738.17522870984      
-10191.61527129835     3419810.429555134      -1339.073723628094     57738.20647870984      
-10237.03163448977     3428984.937939642      -1357.995305465587     57738.23772870984      
-10282.3614844986      3438158.969864781      -1377.040039225502     57738.26897870984      
-10327.60268941294     3447332.527125683      -1396.207700908463     57738.30022870984      
-10372.7531188517      3456505.611524363      -1415.498056885412     57738.33147870984      
-10417.81064419071     3465678.224869861      -1434.910863878098     57738.36272870984      
-10462.77313879005     3474850.368978397      -1454.445868941042     57738.39397870984      
-10507.63847822284     3484022.045673499      -1474.10280944497      57738.42522870984      
-10552.40454050527     3493193.25678613       -1493.88141306174      57738.45647870984      
-10597.06920632783     3502364.004154832      -1513.781397750796     57738.48772870984      
-10641.63035928767     3511534.28962584       -1533.802471747145     57738.51897870984      
-10686.08588612215     3520704.115053202      -1553.944333550895     57738.55022870984      
-10730.4336769434      3529873.482298904      -1574.206671918359     57738.58147870984      
-10774.67162547384     3539042.393232967      -1594.589165854748     57738.61272870984      
-10818.79762928268     3548210.849733569      -1615.091484608462     57738.64397870984      
-10862.80959002352     3557378.853687137      -1635.713287667012     57738.67522870984      
-10906.7054136722      3566546.406988456      -1656.454224754564     57738.70647870984      
-10950.48301076607     3575713.511540753      -1677.313935831142     57738.73772870984      
-10994.1402966436      3584880.169255793      -1698.292051093494     57738.76897870984      
-11037.67519168472     3594046.382053967      -1719.388190977631     57738.80022870984      
-11081.08562155167     3603212.151864367      -1740.601966163063     57738.83147870984      
-11124.36951743078     3612377.480624868      -1761.932977578737     57738.86272870984      
-11167.52481627391     3621542.3702822        -1783.380816410687     57738.89397870984      
-11210.54946104107     3630706.822792014      -1804.945064111417     57738.92522870984      
-11253.44140094296     3639870.84011895       -1826.625292411016     57738.95647870984      
-11296.19859168384     3649034.424236696      -1848.421063330025     57738.98772870984      
-11338.81899570486     3658197.57712804       -1870.331929194057     57739.01897870984      
-11381.30058242692     3667360.300784925      -1892.357432650183     57739.05022870984      
-11423.64132849423     3676522.597208499      -1914.497106685092     57739.08147870984      
-11465.83921801753     3685684.468409149      -1936.750474645033     57739.11272870984      
-11507.89224281724     3694845.916406543      -1959.117050257538     57739.14397870984      
-11549.79840266683     3704006.943229669      -1981.596337654946     57739.17522870984      
-11591.55570553527     3713167.550916858      -2004.187831399714     57739.20647870984      
-11633.16216782988     3722327.741515814      -2026.891016511538     57739.23772870984      
-11674.61581463848     3731487.517083634      -2049.705368496275     57739.26897870984      
-11715.91467997142     3740646.879686818      -2072.630353376678     57739.30022870984      
-11757.05680700257     3749805.831401297      -2095.66542772493      57739.33147870984      
-11798.04024831022     3758964.374312429      -2118.810038696999     57739.36272870984      
-11838.86306611746     3768122.510515005      -2142.063624068799     57739.39397870984      
-11879.5233325312      3777280.242113253      -2165.425612274165     57739.42522870984      
-11920.01912978109     3786437.571220829      -2188.895422444636     57739.45647870984      
-11960.34855045717     3795594.499960817      -2212.472464451043     57739.48772870984      
-12000.50969774703     3804751.030465705      -2236.156138946905     57739.51897870984      
-12040.50068567133     3813907.16487738       -2259.945837413627     57739.55022870984      
-12080.3196393188      3823062.905347095      -2283.840942207489     57739.58147870984      
-12119.96469508012     3832218.254035456      -2307.840826608433     57739.61272870984      
-12159.43400088008     3841373.213112387      -2331.944854870629     57739.64397870984      
-12198.72571640899     3850527.784757097      -2356.152382274826     57739.67522870984      
-12237.83801335243     3859681.971158048      -2380.462755182469     57739.70647870984      
-12276.76907562        3868835.774512905      -2404.875311091577     57739.73772870984      
-12315.51709957183     3877989.197028501      -2429.389378694378     57739.76897870984      
-12354.08029424423     3887142.240920783      -2454.004277936686     57739.80022870984      
-12392.45688157362     3896294.908414762      -2478.719320079008     57739.83147870984      
-12430.6450966182      3905447.201744452      -2503.533807759367     57739.86272870984      
-12468.64318777851     3914599.123152817      -2528.447035057846     57739.89397870984      
-12506.44941701608     3923750.6748917        -2553.458287562807     57739.92522870984      
-12544.06206006954     3932901.859221759      -2578.566842438806     57739.95647870984      
-12581.4794066696      3942052.678412393      -2603.771968496167     57739.98772870984      
-12618.69976447108     3951203.13474166       -2629.072927640813     57740.01897870984      
-12655.72145030849     3960353.230496222      -2654.46897161621      57740.05022870984      
-12692.54279482806     3969502.967971251      -2679.959343738993     57740.08147870984      
-12729.16214578586     3978652.349470329      -2705.543280114419     57740.11272870984      
-12765.57786597272     3987801.377305376      -2731.220008866542     57740.14397870984      
-12801.78833341554     3996950.053796543      -2756.9887502175       57740.17522870984      
-12837.79194157675     4006098.381272129      -2782.848716568349     57740.20647870984      
-12873.58709955129     4015246.362068471      -2808.799112581409     57740.23772870984      
-12909.17223226038     4024393.998529851      -2834.839135264087     57740.26897870984      
-12944.54578064345     4033541.293008382      -2860.967974054183     57740.30022870984      
-12979.70620184689     4042688.247863898      -2887.184810906636     57740.33147870984      
-13014.6519694106      4051834.865463851      -2913.488820381685     57740.36272870984      
-13049.38157345094     4060981.148183186      -2939.879169734434     57740.39397870984      
-13083.89352084164     4070127.098404224      -2966.355019005789     57740.42522870984      
-13118.18633539131     4079272.718516549      -2992.915521114734     57740.45647870984      
-13152.25855801854     4088418.010916868      -3019.559821951934     57740.48772870984      
-13186.10874692318     4097562.978008898      -3046.287060474622     57740.51897870984      
-13219.73547775535     4106707.622203228      -3073.09636880276      57740.55022870984      
-13253.13734378088     4115851.945917187      -3099.986872316428     57740.58147870984      
-13286.31295604414     4124995.951574711      -3126.957689754432     57740.61272870984      
-13319.26094352682     4134139.641606202      -3154.007933314082     57740.64397870984      
-13351.97995330425     4143283.018448385      -3181.136708752123     57740.67522870984      
-13384.46865069811     4152426.084544173      -3208.34311548679      57740.70647870984      
-13416.72571942609     4161568.842342511      -3235.626246700941     57740.73772870984      
-13448.74986174756     4170711.294298234      -3262.985189446264     57740.76897870984      
-13480.53979860658     4179853.442871917      -3290.419024748502     57740.80022870984      
-13512.09426977106     4188995.290529715      -3317.926827713672     57740.83147870984      
-13543.41203396848     4198136.839743214      -3345.507667635256     57740.86272870984      
-13574.49186901845     4207278.092989277      -3373.160608102307     57740.89397870984      
-13605.33257196103     4216419.052749875      -3400.884707108477     57740.92522870984      
-13635.93295918218     4225559.721511933      -3428.679017161887     57740.95647870984      
-13666.29186653527     4234700.101767164      -3456.542585395844     57740.98772870984      
-13696.40814994764     4243840.196011902      -3484.474454530924     57741.01897870984      
-13726.28068434825     4252980.006746942      -3512.473660921507     57741.05022870984      
-13755.90836437798     4262119.536477371      -3540.53923571285      57741.08147870984      
-13785.29010489737     4271258.787712386      -3568.670205651952     57741.11272870984      
-13814.42484078749     4280397.762965132      -3596.865592676502     57741.14397870984      
-13843.31152704979     4289536.464752531      -3625.124414029915     57741.17522870984      
-13871.94913890175     4298674.895595097      -3653.445682376944     57741.20647870984      
-13900.33667186879     4307813.058016769      -3681.828405919847     57741.23772870984      
-13928.47314187254     4316950.95454473       -3710.27158851508      57741.26897870984      
-13956.35758531508     4326088.58770923       -3738.774229790451     57741.30022870984      
-13983.98905915961     4335225.960043399      -3767.335325262746     57741.33147870984      
-14011.36664100712     4344363.074083075      -3795.953866455739     57741.36272870984      
-14038.48942916922     4353499.932366621      -3824.628841018602     57741.39397870984      
-14065.35654273757     4362636.537434733      -3853.359232844639     57741.42522870984      
-14091.96712164859     4371772.891830266      -3882.144022190336     57741.45647870984      
-14118.32032674519     4380908.998098047      -3910.982185794666     57741.48772870984      
-14144.41533983424     4390044.858784682      -3939.872696998656     57741.51897870984      
-14170.25136374029     4399180.476438384      -3968.814525865122     57741.55022870984      
-14195.82762235543     4408315.853608769      -3997.806639298601     57741.58147870984      
-14221.14336068533     4417450.992846683      -4026.848001165385     57741.61272870984      
-14246.19784489147     4426585.896704007      -4055.93757241367      57741.64397870984      
-14270.9903623295      4435720.567733469      -4085.074311193771     57741.67522870984      
-14295.52022158387     4444855.00848846       -4114.257172978344     57741.70647870984      
-14319.78675249855     4453989.221522837      -4143.485110682625     57741.73772870984      
-14343.78930620407     4463123.209390738      -4172.757074784609     57741.76897870984      
-14367.52725514076     4472256.974646397      -4202.072013445182     57741.80022870984      
-14390.99999307813     4481390.519843946      -4231.428872628119     57741.83147870984      
-14414.20693513067     4490523.847537232      -4260.826596219963     57741.86272870984      
-14437.14751776983     4499656.960279625      -4290.264126149725     57741.89397870984      
-14459.8211988323      4508789.86062383       -4319.740402508384     57741.92522870984      
-14482.2274575246      4517922.551121693      -4349.254363668156     57741.95647870984      
-14504.36579442418     4527055.034324019      -4378.804946401474     57741.98772870984      
-14526.23573147636     4536187.312780379      -4408.39108599971      57742.01897870984      
-14547.83681198854     4545319.389038921      -4438.011716391533     57742.05022870984      
-14569.16860062        4554451.265646189      -4467.665770260927     57742.08147870984      
-14590.23068336855     4563582.945146926      -4497.352179164818     57742.11272870984      
-14611.02266755358     4572714.430083887      -4527.069873650277     57742.14397870984      
-14631.54418179561     4581845.722997665      -4556.817783371284     57742.17522870984      
-14651.79487599236     4590976.826426491      -4586.594837205018     57742.20647870984      
-14671.77442129142     4600107.742906062      -4616.399963367631     57742.23772870984      
-14691.48251005949     4609238.474969337      -4646.23208952951      57742.26897870984      
-14710.9188558483      4618369.025146377      -4676.090142929968     57742.30022870984      
-14730.08319335718     4627499.395964146      -4705.973050491349     57742.33147870984      
-14748.97527839229     4636629.589946333      -4735.879738932533     57742.36272870984      
-14767.59488782284     4645759.609613176      -4765.809134881807     57742.39397870984      
-14785.94181953347     4654889.457481276      -4795.760164989055     57742.42522870984      
-14804.01589237449     4664019.136063422      -4825.731756037282     57742.45647870984      
-14821.81694610804     4673148.647868409      -4855.722835053429     57742.48772870984      
-14839.3448413516      4682277.995400866      -4885.73232941844      57742.51897870984      
-14856.5994595184      4691407.181161078      -4915.759166976582     57742.55022870984      
-14873.58070275482     4700536.207644815      -4945.802276144004     57742.58147870984      
-14890.28849387483     4709665.077343149      -4975.860586016463     57742.61272870984      
-14906.72277629153     4718793.792742297      -5005.933026476259     57742.64397870984      
-14922.88351394588     4727922.356323442      -5036.01852829832      57742.67522870984      
-14938.77069123221     4737050.770562563      -5066.116023255413     57742.70647870984      
-14954.38431292186     4746179.03793027       -5096.224444222498     57742.73772870984      
-14969.72440408312     4755307.160891637      -5126.34272528018      57742.76897870984      
-14984.79100999909     4764435.141906042      -5156.469801817215     57742.80022870984      
-14999.58419608263     4773562.983427         -5186.604610632127     57742.83147870984      
-15014.10404778896     4782690.687901993      -5216.746090033837     57742.86272870984      
-15028.35067052554     4791818.257772332      -5246.893179941347     57742.89397870984      
-15042.32418955964     4800945.695472973      -5277.044821982432     57742.92522870984      
-15056.02474992312     4810073.003432384      -5307.199959591338     57742.95647870984      
-15069.45251631556     4819200.184072374      -5337.357538105452     57742.98772870984      
-15082.60767916982     4828327.239807928      -5367.516504433667     57743.01897870984      
-15095.49043965838     4837454.173047097      -5397.675808210905     57743.05022870984      
-15108.10101700959     4846580.986190831      -5427.83440132724      57743.08147870984      
-15120.43965349964     4855707.681632811      -5457.991237682274     57743.11272870984      
-15132.50661055513     4864834.261759318      -5488.145273545799     57743.14397870984      
-15144.30216864299     4873960.728949087      -5518.295467648135     57743.17522870984      
-15155.82662715848     4883087.08557316       -5548.440781269386     57743.20647870984      
-15167.08030431078     4892213.33399476       -5578.580178327592     57743.23772870984      
-15178.06353700746     4901339.476569133      -5608.712625465762     57743.26897870984      
-15188.77668073625     4910465.515643432      -5638.837092137811     57743.30022870984      
-15199.2201094454      4919591.453556563      -5668.952550693339     57743.33147870984      
-15209.39421542221     4928717.292639067      -5699.057976461303     57743.36272870984      
-15219.29940916979     4937843.035212981      -5729.152347832534     57743.39397870984      
-15228.93611928218     4946968.683591711      -5759.234646341104     57743.42522870984      
-15238.30479231793     4956094.24007991       -5789.303856744546     57743.45647870984      
-15247.4058926717      4965219.706973344      -5819.358967102912     57743.48772870984      
-15256.23990244515     4974345.086558779      -5849.398968856659     57743.51897870984      
-15264.80732131557     4983470.381113857      -5879.422856903383     57743.55022870984      
-15273.10866640351     4992595.592906977      -5909.429629673364     57743.58147870984      
-15281.14447213891     5001720.724197169      -5939.418289203931     57743.61272870984      
-15288.91529012597     5010845.777234         -5969.387841212678     57743.64397870984      
-15296.4216890068      5019970.754257444      -5999.337295169456     57743.67522870984      
-15303.66425432371     5029095.657497781      -6029.265664367216     57743.70647870984      
-15310.64358838063     5038220.489175484      -6059.171965991645     57743.73772870984      
-15317.3603101028      5047345.25150111       -6089.055221189629     57743.76897870984      
-15323.81505489637     5056469.946675208      -6118.914455136526     57743.80022870984      
-15330.00847450612     5065594.576888205      -6148.748697102249     57743.83147870984      
-15335.94123687256     5074719.144320305      -6178.556980516158     57743.86272870984      
-15341.61402598817     5083843.651141406      -6208.338343030789     57743.89397870984      
-15347.02754175266     5092968.099510984      -6238.091826584366     57743.92522870984      
-15352.18249982742     5102092.491578016      -6267.816477462159     57743.95647870984      
-15357.07963148927     5111216.829480879      -6297.511346356649     57743.98772870984      
-15361.71968022449     5120341.115347272      -6327.175488863327     57744.01897870984      
-15366.10340949881     5129465.351294107      -6356.807964477227     57744.05022870984      
-15370.23159860354     5138589.53942743       -6386.40783718651      57744.08147870984      
-15374.10503983687     5147713.681842354      -6415.974175885737     57744.11272870984      
-15377.72454036833     5156837.78062296       -6445.506054160242     57744.14397870984      
-15381.09092208871     5165961.837842233      -6475.002550339304     57744.17522870984      
-15384.20502145945     5175085.855561967      -6504.462747548166     57744.20647870984      
-15387.06768936169     5184209.835832702      -6533.885733758883     57744.23772870984      
-15389.67979094496     5193333.780693647      -6563.270601840044     57744.26897870984      
-15392.04220547556     5202457.692172607      -6592.616449605342     57744.30022870984      
-15394.15582618463     5211581.572285915      -6621.922379861002     57744.33147870984      
-15396.02156011617     5220705.423038365      -6651.187500452089     57744.36272870984      
-15397.64032797431     5229829.24642314       -6680.410924307694     57744.39397870984      
-15399.01306397142     5238953.044421764      -6709.591769484998     57744.42522870984      
-15400.1407156752      5248076.819004026      -6738.729159212236     57744.45647870984      
-15401.02424385607     5257200.57212792       -6767.822221930549     57744.48772870984      
-15401.6646223345      5266324.305739596      -6796.870091334747     57744.51897870984      
-15402.06283782837     5275448.021773304      -6825.871906412995     57744.55022870984      
-15402.21988980027     5284571.722151328      -6854.826811485411     57744.58147870984      
-15402.13679030495     5293695.408783944      -6883.733956241599     57744.61272870984      
-15401.81456383684     5302819.083569371      -6912.592495777129     57744.64397870984      
-15401.25424717771     5311942.748393711      -6941.401590628951     57744.67522870984      
-15400.45688924464     5321066.405130916      -6970.160406809782     57744.70647870984      
-15399.42355093761     5330190.055642739      -6998.868115841454     57744.73772870984      
-15398.15530498842     5339313.701778683      -7027.523894787234     57744.76897870984      
-15396.65323580882     5348437.345375965      -7056.126926283145     57744.80022870984      
-15394.91843933942     5357560.988259478      -7084.676398568275     57744.83147870984      
-15392.9520228989      5366684.632241752      -7113.17150551408      57744.86272870984      
-15390.75510503346     5375808.279122921      -7141.611446652739     57744.89397870984      
-15388.32881536679     5384931.930690677      -7169.995427204488     57744.92522870984      
-15385.6742944503      5394055.588720249      -7198.322658104043     57744.95647870984      
-15382.79269361391     5403179.25497437       -7226.592356026026     57744.98772870984      
-15379.6851748172      5412302.931203238      -7254.803743409487     57745.01897870984      
-15376.35291050123     5421426.619144497      -7282.956048481458     57745.05022870984      
-15372.79708344029     5430550.320523216      -7311.048505279636     57745.08147870984      
-15369.01888659526     5439674.037051843      -7339.080353674108     57745.11272870984      
-15365.01952296644     5448797.770430206      -7367.050839388214     57745.14397870984      
-15360.80020544753     5457921.52234547       -7394.95921401851      57745.17522870984      
-15356.36215668006     5467045.294472137      -7422.804735053859     57745.20647870984      
-15351.70660890845     5476169.088472011      -7450.586665893657     57745.23772870984      
-15346.83480383576     5485292.905994183      -7478.304275865216     57745.26897870984      
-15341.74799247998     5494416.748675026      -7505.956840240294     57745.30022870984      
-15336.44743503112     5503540.618138166      -7533.543640250802     57745.33147870984      
-15330.93440070893     5512664.515994477      -7561.063963103707     57745.36272870984      
-15325.21016762142     5521788.44384207       -7588.517101995105     57745.39397870984      
-15319.27602262367     5530912.403266277      -7615.902356123525     57745.42522870984      
-15313.13326117828     5540036.395839648      -7643.219030702426     57745.45647870984      
-15306.78318721571     5549160.423121938      -7670.46643697195      57745.48772870984      
-15300.22711299581     5558284.486660101      -7697.643892209905     57745.51897870984      
-15293.46635897        5567408.587988289      -7724.750719741986     57745.55022870984      
-15286.50225364437     5576532.728627844      -7751.786248951288     57745.58147870984      
-15279.33613344352     5585656.910087294      -7778.749815287084     57745.61272870984      
-15271.96934257517     5594781.133862355      -7805.640760272884     57745.64397870984      
-15264.40323289577     5603905.40143593       -7832.458431513802     57745.67522870984      
-15256.63916377688     5613029.714278109      -7859.202182703236     57745.70647870984      
-15248.67850197202     5622154.073846167      -7885.87137362887      57745.73772870984      
-15240.52262148538     5631278.481584573      -7912.465370178007     57745.76897870984      
-15232.17290344035     5640402.938924991      -7938.983544342257     57745.80022870984      
-15223.63073594951     5649527.447286287      -7965.425274221568     57745.83147870984      
-15214.89751398533     5658652.008074529      -7991.789944027653     57745.86272870984      
-15205.97463925188     5667776.622682998      -8018.076944086768     57745.89397870984      
-15196.86352005736     5676901.292492207      -8044.285670841901     57745.92522870984      
-15187.5655711876      5686026.018869889      -8070.415526854365     57745.95647870984      
-15178.08221378043     5695150.803171023      -8096.465920804799     57745.98772870984      
-15168.4148716149      5704275.646737847      -8122.436266659761     57746.01897870984      
-15158.56497963424     5713400.550899854      -8148.325985669532     57746.05022870984      
-15148.53397953441     5722525.516973803      -8174.134505392888     57746.08147870984      
-15138.32331666826     5731650.546263754      -8199.861258997575     57746.11272870984      
-15127.93444212506     5740775.640061076      -8225.505685767159     57746.14397870984      
-15117.36881261029     5749900.799644452      -8251.067231098683     57746.17522870984      
-15106.62789032643     5759026.026279902      -8276.545346499812     57746.20647870984      
-15095.7131428547      5768151.321220804      -8301.939489585513     57746.23772870984      
-15084.62604303774     5777276.685707909      -8327.249124074202     57746.26897870984      
-15073.36806886329     5786402.12096935       -8352.473719783462     57746.30022870984      
-15061.94070334898     5795527.628220675      -8377.61275262528      57746.33147870984      
-15050.3454344275      5804653.208664859      -8402.665704600835     57746.36272870984      
-15038.58375483386     5813778.863492327      -8427.632063794828     57746.39397870984      
-15026.65716199257     5822904.59388098       -8452.51132436941      57746.42522870984      
-15014.56715790628     5832030.400996209      -8477.302986557681     57746.45647870984      
-15002.31524904537     5841156.285990923      -8502.006556656748     57746.48772870984      
-14989.90294623847     5850282.250005567      -8526.621547020444     57746.51897870984      
-14977.33176456393     5859408.294168154      -8551.147476051607     57746.55022870984      
-14964.60322324236     5868534.419594286      -8575.583868193986     57746.58147870984      
-14951.71884553005     5877660.627387173      -8599.930253923805     57746.61272870984      
-14938.68015861354     5886786.918637671      -8624.186169740949     57746.64397870984      
-14925.4886935046      5895913.294424298      -8648.351158159785     57746.67522870984      
-14912.14598493726     5905039.755813268      -8672.424767699675     57746.70647870984      
-14898.6535712647      5914166.303858509      -8696.40655287514      57746.73772870984      
-14885.01299435773     5923292.939601704      -8720.296074185693     57746.76897870984      
-14871.22579950402     5932419.664072304      -8744.092898105397     57746.80022870984      
-14857.29353530835     5941546.47828757       -8767.796597072065     57746.83147870984      
-14843.21775359381     5950673.383252596      -8791.406749476218     57746.86272870984      
-14829.00000930394     5959800.37996034       -8814.922939649727     57746.89397870984      
-14814.64186040582     5968927.469391653      -8838.344757854187     57746.92522870984      
-14800.14486779421     5978054.652515313      -8861.671800269034     57746.95647870984      
-14785.51059519609     5987181.930288048      -8884.90366897937      57746.98772870984      
-14770.74061101445     5996309.303654573      -8908.039971191954     57747.01897870984      
-14755.83648352669     6005436.773547622      -8931.080321097827     57747.05022870984      
-14740.79978317616     6014564.340887988      -8954.02433890994      57747.08147870984      
-14725.63208406686     6023692.006584535      -8976.871650218351     57747.11272870984      
-14710.33496267562     6032819.771534248      -8999.621886453811     57747.14397870984      
-14694.90999776268     6041947.636622257      -9022.274684874217     57747.17522870984      
-14679.35877028312     6051075.602721873      -9044.829688550846     57747.20647870984      
-14663.68286329922     6060203.670694624      -9067.286546354384     57747.23772870984      
-14647.88386189369     6069331.841390286      -9089.644912940803     57747.26897870984      
-14631.9633530837      6078460.115646916      -9111.904448737032     57747.30022870984      
-14615.92292573599     6087588.494290888      -9134.064819926465     57747.33147870984      
-14599.76417048218     6096716.978136931      -9156.125698434344     57747.36272870984      
-14583.4886796361      6105845.567988154      -9178.08676191292      57747.39397870984      
-14567.09804711081     6114974.264636094      -9199.947693726537     57747.42522870984      
-14550.59386833703     6124103.068860739      -9221.708182936523     57747.45647870984      
-14533.97774018229     6133231.981430572      -9243.367924285969     57747.48772870984      
-14517.25126087086     6142361.003102602      -9264.926618184381     57747.51897870984      
-14500.41602990449     6151490.134622401      -9286.383970692199     57747.55022870984      
-14483.47364798406     6160619.376724138      -9307.739693505209     57747.58147870984      
-14466.42571693183     6169748.730130623      -9328.993503938833     57747.61272870984      
-14449.27383961467     6178878.195553331      -9350.145124912333     57747.64397870984      
-14432.01961986795     6188007.773692448      -9371.194284932893     57747.67522870984      
-14414.66466242022     6197137.465236902      -9392.140718079645     57747.70647870984      
-14397.2105728187      6206267.270864405      -9412.984163987549     57747.73772870984      
-14379.65895735548     6215397.191241479      -9433.724367831242     57747.76897870984      
-14362.0114229945      6224527.227023507      -9454.3610803088       57747.80022870984      
-14344.2695772993      6233657.378854759      -9474.894057625388     57747.83147870984      
-14326.4350283611      6242787.647368437      -9495.323061476902     57747.86272870984      
-14308.50938472856     6251918.033186701      -9515.647859033505     57747.89397870984      
-14290.49425533722     6261048.536920721      -9535.868222923118     57747.92522870984      
-14272.3912494402      6270179.159170699      -9555.98393121486      57747.95647870984      
-14254.2019765395      6279309.900525915      -9575.994767402435     57747.98772870984      
-14235.92804631793     6288440.761564765      -9595.900520387475     57748.01897870984      
-14217.57106857177     6297571.742854794      -9615.700984462834     57748.05022870984      
-14199.13265314414     6306702.844952731      -9635.395959295856     57748.08147870984      
-14180.61440985895     6315834.068404538      -9654.985249911604     57748.11272870984      
-14162.0179484556      6324965.413745433      -9674.468666676072     57748.14397870984      
-14143.34487852425     6334096.881499937      -9693.846025279328     57748.17522870984      
-14124.59680944181     6343228.472181907      -9713.117146718703     57748.20647870984      
-14105.77535030847     6352360.186294576      -9732.281857281896     57748.23772870984      
-14086.88210988498     6361492.024330587      -9751.339988530102     57748.26897870984      
-14067.91869653046     6370623.986772036      -9770.291377281115     57748.30022870984      
-14048.88671814081     6379756.074090501      -9789.135865592418     57748.33147870984      
-14029.78778208782     6388888.286747086      -9807.873300744282     57748.36272870984      
-14010.62349515875     6398020.625192458      -9826.503535222831     57748.39397870984      
-13991.39546349663     6407153.089866879      -9845.02642670314      57748.42522870984      
-13972.10529254099     6416285.68120025       -9863.441838032317     57748.45647870984      
-13952.75458696933     6425418.399612144      -9881.749637212575     57748.48772870984      
-13933.34495063902     6434551.24551184       -9899.949697384352     57748.51897870984      
-13913.87798652978     6443684.219298371      -9918.041896809391     57748.55022870984      
-13894.35529668682     6452817.321360551      -9936.026118853872     57748.58147870984      
-13874.77848216433     6461950.552077015      -9953.902251971525     57748.61272870984      
-13855.14914296967     6471083.911816251      -9971.670189686789     57748.64397870984      
-13835.46887800805     6480217.400936653      -9989.329830577946     57748.67522870984      
-13815.73928502762     6489351.019786537      -10006.88107826033     57748.70647870984      
-13795.96196056522     6498484.768704195      -10024.32384136949     57748.73772870984      
-13776.13849989256     6507618.648017915      -10041.65803354447     57748.76897870984      
-13756.27049696287     6516752.658046036      -10058.88357341097     57748.80022870984      
-13736.35954435811     6525886.79909697       -10076.00038456471     57748.83147870984      
-13716.40723323662     6535021.071469245      -10093.00839555464     57748.86272870984      
-13696.41515328123     6544155.475451543      -10109.90753986633     57748.89397870984      
-13676.38489264788     6553290.011322726      -10126.6977559053      57748.92522870984      
-13656.31803791465     6562424.679351885      -10143.37898698039     57748.95647870984      
-13636.21617403132     6571559.479798375      -10159.95118128721     57748.98772870984      
-13616.08088899921     6580694.412911826      -10176.41429253529     57749.01897870984      
-13595.91376239663     6589829.478932222      -10192.76827837366     57749.05022870984      
-13575.71637102337     6598964.678089912      -10209.01310115468     57749.08147870984      
-13555.49029276273     6608100.010605645      -10225.14872844821     57749.11272870984      
-13535.23710362637     6617235.476690613      -10241.17513262886     57749.14397870984      
-13514.95837770662     6626371.076546473      -10257.0922908596      57749.17522870984      
-13494.65568712932     6635506.810365399      -10272.90018507554     57749.20647870984      
-13474.33060200694     6644642.678330108      -10288.59880196757     57749.23772870984      
-13453.98469039214     6653778.680613899      -10304.18813296618     57749.26897870984      
-13433.61951823164     6662914.817380684      -10319.66817422526     57749.30022870984      
-13413.23664932048     6672051.088785031      -10335.03892660587     57749.33147870984      
-13392.83764525664     6681187.494972187      -10350.30039566018     57749.36272870984      
-13372.42406539599     6690324.036078125      -10365.45259161536     57749.39397870984      
-13351.99746680758     6699460.712229576      -10380.49552935747     57749.42522870984      
-13331.55940422927     6708597.523544054      -10395.42922841549     57749.45647870984      
-13311.11143002365     6717734.470129902      -10410.2537129453      57749.48772870984      
-13290.65509413422     6726871.552086323      -10424.96901171372     57749.51897870984      
-13270.19194404246     6736008.769503415      -10439.57515808261     57749.55022870984      
-13249.72352472396     6745146.122462198      -10454.07218999298     57749.58147870984      
-13229.2513786061      6754283.611034663      -10468.46014994911     57749.61272870984      
-13208.77704552545     6763421.235283792      -10482.73908500277     57749.64397870984      
-13188.30206268546     6772558.995263599      -10496.90904673741     57749.67522870984      
-13167.82796461463     6781696.891019161      -10510.97009125242     57749.70647870984      
-13147.35628312473     6790834.922586653      -10524.92227914742     57749.73772870984      
-13126.88854726947     6799973.089993387      -10538.76567550655     57749.76897870984      
-13106.42628330336     6809111.393257832      -10552.50034988284     57749.80022870984      
-13085.97101464085     6818249.832389665      -10566.12637628258     57749.83147870984      
-13065.52426181571     6827388.407389789      -10579.64383314976     57749.86272870984      
-13045.08754244065     6836527.118250376      -10593.05280335045     57749.89397870984      
-13024.66237116729     6845665.964954892      -10606.35337415733     57749.92522870984      
-13004.25025964619     6854804.947478142      -10619.54563723415     57749.95647870984      
-12983.85271648729     6863944.065786292      -10632.62968862028     57749.98772870984      
-12963.47124383702     6873083.319836912      -10645.60562926382     57750.01897870984      
-12943.10734556369     6882222.709578999      -10658.47356367278     57750.05022870984      
-12922.76252305176     6891362.234953007      -10671.23360057517     57750.08147870984      
-12902.4382723945      6900501.895890892      -10683.88585335256     57750.11272870984      
-12882.13608644709     6909641.692316142      -10696.43043968565     57750.14397870984      
-12861.85745478812     6918781.624143803      -10708.86748153894     57750.17522870984      
-12841.60386368144     6927921.691280517      -10721.19710514549     57750.20647870984      
-12821.37679603807     6937061.89362455       -10733.41944099168     57750.23772870984      
-12801.17773137852     6946202.231065829      -10745.53462380194     57750.26897870984      
-12781.00814579518     6955342.703485973      -10757.54279252357     57750.30022870984      
-12760.86951191497     6964483.310758322      -10769.44409031153     57750.33147870984      
-12740.76329886227     6973624.052747971      -10781.23866451324     57750.36272870984      
-12720.69097222178     6982764.929311805      -10792.92666665348     57750.39397870984      
-12700.65399400241     6991905.940298525      -10804.50825241915     57750.42522870984      
-12680.65382259992     7001047.085548681      -10815.98358164419     57750.45647870984      
-12660.69191276117     7010188.364894711      -10827.35281829443     57750.48772870984      
-12640.76971554783     7019329.778160966      -10838.61613045248     57750.51897870984      
-12620.88867830044     7028471.325163739      -10849.77369030264     57750.55022870984      
-12601.0502446027      7037613.005711306      -10860.82567411575     57750.58147870984      
-12581.25585424591     7046754.819603945      -10871.77226223418     57750.61272870984      
-12561.50694319353     7055896.766633984      -10882.61363905669     57750.64397870984      
-12541.80494354607     7065038.846585813      -10893.34999302338     57750.67522870984      
-12522.15128350599     7074181.059235936      -10903.98151660064     57750.70647870984      
-12502.54738734277     7083323.404352982      -10914.50840626603     57750.73772870984      
-12482.99467535871     7092465.88169775       -10924.93086249331     57750.76897870984      
-12463.49456385368     7101608.491023234      -10935.24908973729     57750.80022870984      
-12444.04846509124     7110751.23207466       -10945.46329641885     57750.83147870984      
-12424.65778726437     7119894.104589512      -10955.57369490989     57750.86272870984      
-12405.3239344614      7129037.10829756       -10965.58050151821     57750.89397870984      
-12386.04830663215     7138180.242920903      -10975.48393647253     57750.92522870984      
-12366.83229955423     7147323.508173983      -10985.28422390743     57750.95647870984      
-12347.67730479944     7156466.903763632      -10994.98159184826     57750.98772870984      
-12328.58470970037     7165610.429389094      -11004.57627219613     57751.01897870984      
-12309.5558973171      7174754.084742058      -11014.06850071281     57751.05022870984      
-12290.59224640394     7183897.86950669       -11023.45851700573     57751.08147870984      
-12271.69513137702     7193041.783359658      -11032.74656451283     57751.11272870984      
-12252.86592228054     7202185.825970176      -11041.93289048757     57751.14397870984      
-12234.10598475468     7211329.997000016      -11051.01774598379     57751.17522870984      
-12215.41668000281     7220474.296103556      -11060.00138584065     57751.20647870984      
-12196.79936475908     7229618.722927801      -11068.88406866755     57751.23772870984      
-12178.25539125608     7238763.277112415      -11077.66605682898     57751.26897870984      
-12159.78610719266     7247907.958289755      -11086.34761642948     57751.30022870984      
-12141.39285570182     7257052.766084898      -11094.92901729843     57751.33147870984      
-12123.07697531879     7266197.700115677      -11103.410532975       57751.36272870984      
-12104.83979994909     7275342.7599927        -11111.79244069297     57751.39397870984      
-12086.68265883731     7284487.945319395      -11120.07502136555     57751.42522870984      
-12068.60687653472     7293633.25569203       -11128.25855957025     57751.45647870984      
-12050.6137728684      7302778.690699751      -11136.34334353369     57751.48772870984      
-12032.70466290964     7311924.249924606      -11144.32966511638     57751.51897870984      
-12014.88085694278     7321069.932941581      -11152.21781979752     57751.55022870984      
-11997.143660434       7330215.739318626      -11160.00810665983     57751.58147870984      
-11979.49437400035     7339361.66861669       -11167.70082837419     57751.61272870984      
-11961.93429337879     7348507.720389747      -11175.29629118449     57751.64397870984      
-11944.4647093954      7357653.894184833      -11182.79480489232     57751.67522870984      
-11927.08690793462     7366800.189542066      -11190.19668284165     57751.70647870984      
-11909.80216990855     7375946.605994689      -11197.50224190356     57751.73772870984      
-11892.61177122698     7385093.143069094      -11204.71180246088     57751.76897870984      
-11875.51698276617     7394239.800284852      -11211.82568839287     57751.80022870984      
-11858.51907033905     7403386.577154745      -11218.84422705984     57751.83147870984      
-11841.6192946649      7412533.473184797      -11225.76774928775     57751.86272870984      
-11824.81891133926     7421680.487874305      -11232.59658935283     57751.89397870984      
-11808.11917080387     7430827.620715868      -11239.33108496614     57751.92522870984      
-11791.52131831679     7439974.871195416      -11245.97157725813     57751.95647870984      
-11775.02659392253     7449122.238792253      -11252.51841076312     57751.98772870984      
-11758.63622355647     7458269.722979084      -11258.97193292373     57752.01897870984      
-11742.3514404375      7467417.323222022      -11265.332495248       57752.05022870984      
-11726.17347435333     7476565.038980634      -11271.60045269262     57752.08147870984      
-11710.10354430434     7485712.869707982      -11277.77616325743     57752.11272870984      
-11694.14286392514     7494860.814850652      -11283.85998826803     57752.14397870984      
-11678.29264145399     7504008.873848769      -11289.85229236009     57752.17522870984      
-11662.55407970357     7513157.04613605       -11295.7534434638      57752.20647870984      
-11646.9283760313      7522305.331139814      -11301.56381278814     57752.23772870984      
-11631.4167223099      7531453.72828103       -11307.28377480522     57752.26897870984      
-11616.02030489801     7540602.236974335      -11312.91370723459     57752.30022870984      
-11600.74030461104     7549750.856628071      -11318.45399102749     57752.33147870984      
-11585.57789669207     7558899.586644318      -11323.90501035111     57752.36272870984      
-11570.53425078295     7568048.42641892       -11329.26715257282     57752.39397870984      
-11555.61053089545     7577197.37534152       -11334.5408082444      57752.42522870984      
-11540.80789538262     7586346.432795591      -11339.72637108619     57752.45647870984      
-11526.12749691009     7595495.598158463      -11344.82423797128     57752.48772870984      
-11511.57048242823     7604644.87080136       -11349.83480890963     57752.51897870984      
-11497.13799314308     7613794.250089433      -11354.7584870322      57752.55022870984      
-11482.83116448869     7622943.73538178       -11359.59567857505     57752.58147870984      
-11468.65112609908     7632093.326031487      -11364.34679286337     57752.61272870984      
-11454.59900178032     7641243.021385655      -11369.01224229558     57752.64397870984      
-11440.67590948284     7650392.820785442      -11373.5924423273      57752.67522870984      
-11426.88296127382     7659542.72356608       -11378.08781145536     57752.70647870984      
-11413.2212633098      7668692.729056914      -11382.49877120181     57752.73772870984      
-11399.6919158093      7677842.836581434      -11386.82574609778     57752.76897870984      
-11386.29601302575     7686993.045457306      -11391.06916366749     57752.80022870984      
-11373.03464322039     7696143.354996404      -11395.22945441208     57752.83147870984      
-11359.9088886353      7705293.764504834      -11399.30705179348     57752.86272870984      
-11346.91982546723     7714444.273282982      -11403.3023922183      57752.89397870984      
-11334.06852384011     7723594.880625533      -11407.21591502159     57752.92522870984      
-11321.35604777921     7732745.585821508      -11411.04806245066     57752.95647870984      
-11308.78345518468     7741896.388154299      -11414.79927964881     57752.98772870984      
-11296.35180364584     7751047.286901679      -11418.47001431198     57753.01897870984      
-11284.06213621621     7760198.281335877      -11422.0607174677      57753.05022870984      
-11271.91548858342     7769349.370723576      -11425.57184305573     57753.08147870984      
-11259.91289382217     7778500.554325956      -11429.0038476441      57753.11272870984      
-11248.05537875742     7787651.831398725      -11432.35719061495     57753.14397870984      
-11236.34396393917     7796803.201192152      -11435.63233414815     57753.17522870984      
-11224.77966361743     7805954.662951101      -11438.82974320481     57753.20647870984      
-11213.36348571721     7815106.21591506       -11441.94988551084     57753.23772870984      
-11202.09643181356     7824257.859318172      -11444.99323154042     57753.26897870984      
-11190.9794971074      7833409.592389276      -11447.96025449952     57753.30022870984      
-11180.01367039997     7842561.41435194       -11450.85143030929     57753.33147870984      
-11169.19993406893     7851713.324424476      -11453.66723758952     57753.36272870984      
-11158.53926404379     7860865.321819994      -11456.40815764201     57753.39397870984      
-11148.03262978159     7870017.405746426      -11459.07467443394     57753.42522870984      
-11137.6809942427      7879169.57540656       -11461.6672745812      57753.45647870984      
-11127.48531386675     7888321.829998068      -11464.18644733173     57753.48772870984      
-11117.44653854866     7897474.16871355       -11466.63268454875     57753.51897870984      
-11107.56561161475     7906626.590740553      -11469.00648069406     57753.55022870984      
-11097.84346979903     7915779.095261622      -11471.30833281122     57753.58147870984      
-11088.28104321953     7924931.68145432       -11473.53874050881     57753.61272870984      
-11078.87925535468     7934084.348491255      -11475.69820594352     57753.64397870984      
-11069.63902302046     7943237.09554014       -11477.78723380337     57753.67522870984      
-11060.56125634625     7952389.921763794      -11479.80633129075     57753.70647870984      
-11051.64685875222     7961542.826320201      -11481.75600810553     57753.73772870984      
-11042.89672692622     7970695.808362531      -11483.63677642816     57753.76897870984      
-11034.31175080075     7979848.867039173      -11485.4491509026      57753.80022870984      
-11025.89281353022     7989002.001493776      -11487.1936486194      57753.83147870984      
-11017.64079146828     7998155.21086528       -11488.87078909862     57753.86272870984      
-11009.55655414522     8007308.494287942      -11490.4810942728      57753.89397870984      
-11001.64096424557     8016461.850891382      -11492.02508846982     57753.92522870984      
-10993.89487758579     8025615.279800612      -11493.50329839582     57753.95647870984      
-10986.31914309209     8034768.780136069      -11494.91625311805     57753.98772870984      
-10978.91460277828     8043922.351013643      -11496.26448404764     57754.01897870984      
-10971.68209172439     8053075.991544724      -11497.54852492244     57754.05022870984      
-10964.62243805407     8062229.700836232      -11498.76891178977     57754.08147870984      
-10957.73646291347     8071383.47799064       -11499.92618298912     57754.11272870984      
-10951.02498044968     8080537.322106026      -11501.02087913489     57754.14397870984      
-10944.48879778929     8089691.232276092      -11502.05354309901     57754.17522870984      
-10938.12871501718     8098845.207590209      -11503.02471999364     57754.20647870984      
-10931.94552515548     8107999.247133446      -11503.93495715372     57754.23772870984      
-10925.94001414258     8117153.349986603      -11504.78480411959     57754.26897870984      
-10920.11296081238     8126307.515226253      -11505.57481261951     57754.30022870984      
-10914.4651368736      8135461.74192477       -11506.3055365522      57754.33147870984      
-10908.99730688918     8144616.029150365      -11506.97753196929     57754.36272870984      
-10903.71022825651     8153770.375967119      -11507.59135705786     57754.39397870984      
-10898.60465118633     8162924.781435023      -11508.14757212275     57754.42522870984      
-10893.68131868331     8172079.244610009      -11508.64673956906     57754.45647870984      
-10888.94096652602     8181233.764543983      -11509.08942388446     57754.48772870984      
-10884.38432324717     8190388.340284869      -11509.47619162153     57754.51897870984      
-10880.0121101141      8199542.970876629      -11509.8076113801      57754.55022870984      
-10875.82504110933     8208697.655359308      -11510.08425378947     57754.58147870984      
-10871.82382291134     8217852.39276907       -11510.30669149071     57754.61272870984      
-10868.00915487548     8227007.182138228      -11510.47549911884     57754.64397870984      
-10864.38172901508     8236162.022495281      -11510.59125328503     57754.67522870984      
-10860.9422299827      8245316.91286495       -11510.65453255874     57754.70647870984      
-10857.69133505139     8254471.852268213      -11510.66591744986     57754.73772870984      
-10854.62971409692     8263626.839722338      -11510.62599039079     57754.76897870984      
-10851.75802957863     8272781.874240921      -11510.53533571851     57754.80022870984      
-10849.07693652197     8281936.954833915      -11510.39453965664     57754.83147870984      
-10846.58708250048     8291092.080507679      -11510.20419029738     57754.86272870984      
-10844.28910761812     8300247.250264999      -11509.96487758355     57754.89397870984      
-10842.18364449167     8309402.463105129      -11509.67719329052     57754.92522870984      
-10840.27131823347     8318557.718023826      -11509.34173100808     57754.95647870984      
-10838.5527464342      8327713.01401339       -11508.9590861224      57754.98772870984      
-10837.02854884105     8336868.350062674      -11508.52985581872     57755.01897870984      
-10835.69932394109     8346023.725157166      -11508.05463899197     57755.05022870984      
-10834.56566058203     8355179.138278998      -11507.53403629125     57755.08147870984      
-10833.62814598182     8364334.588406978      -11506.96865010742     57755.11272870984      
-10832.88735975901     8373490.074516624      -11506.35908453707     57755.14397870984      
-10832.34387391649     8382645.595580212      -11505.7059453642      57755.17522870984      
-10831.99825282679     8391801.150566798      -11505.00984004191     57755.20647870984      
-10831.85105321683     8400956.738442266      -11504.27137767397     57755.23772870984      
-10831.90282415299     8410112.35816936       -11503.49116899648     57755.26897870984      
-10832.1541070263      8419268.008707713      -11502.66982635941     57755.30022870984      
-10832.60543553776     8428423.689013885      -11501.80796370813     57755.33147870984      
-10833.2573356839      8437579.398041416      -11500.90619656495     57755.36272870984      
-10834.11032574238     8446735.134740829      -11499.96514201061     57755.39397870984      
-10835.1649162578      8455890.898059692      -11498.98541866566     57755.42522870984      
-10836.42161002763     8465046.686942643      -11497.96764667199     57755.45647870984      
-10837.88090208835     8474202.500331426      -11496.91244767418     57755.48772870984      
-10839.5432797016      8483358.337164938      -11495.82044480088     57755.51897870984      
-10841.40922234063     8492514.196379246      -11494.69226264615     57755.55022870984      
-10843.47920167662     8501670.076907635      -11493.5285272508      57755.58147870984      
-10845.75368156596     8510825.977680638      -11492.32986608372     57755.61272870984      
-10848.23311803614     8519981.897626085      -11491.09690802308     57755.64397870984      
-10850.91795927332     8529137.835669119      -11489.83028333769     57755.67522870984      
-10853.80864560921     8538293.790732233      -11488.53062366814     57755.70647870984      
-10856.90560950833     8547449.761735329      -11487.19856200806     57755.73772870984      
-10860.20927555536     8556605.747595737      -11485.83473268532     57755.76897870984      
-10863.72006044262     8565761.747228248      -11484.43977134316     57755.80022870984      
-10867.4383729577      8574917.759545157      -11483.01431492137     57755.83147870984      
-10871.36461397124     8584073.783456286      -11481.55900163746     57755.86272870984      
-10875.49917642482     8593229.817869043      -11480.07447096768     57755.89397870984      
-10879.84244531898     8602385.861688433      -11478.56136362822     57755.92522870984      
-10884.39479770141     8611541.913817117      -11477.02032155625     57755.95647870984      
-10889.15660265524     8620697.973155426      -11475.45198789096     57755.98772870984      
-10894.12821735656     8629854.038601415      -11473.8570067177      57756.01897870984      
-10899.30999662072     8639010.109050887      -11472.23602362516     57756.05022870984      
-10904.70228804578     8648166.18339742       -11470.58968539431     57756.08147870984      
-10910.30542878566     8657322.260532431      -11468.91863978556     57756.11272870984      
-10916.11974796996     8666478.339345183      -11467.22353566633     57756.14397870984      
-10922.14556669284     8675634.418722851      -11465.50502299198     57756.17522870984      
-10928.38319800192     8684790.497550515      -11463.76375278685     57756.20647870984      
-10934.83294688814     8693946.574711248      -11462.00037712514     57756.23772870984      
-10941.49511027411     8703102.649086101      -11460.21554911197     57756.26897870984      
-10948.3699770043      8712258.719554175      -11458.40992286421     57756.30022870984      
-10955.4578278345      8721414.784992635      -11456.58415349154     57756.33147870984      
-10962.75893542161     8730570.844276769      -11454.7388970773      57756.36272870984      
-10970.27356431361     8739726.896279987      -11452.8748106595      57756.39397870984      
-10978.00197093963     8748882.939873897      -11450.9925522117      57756.42522870984      
-10985.9444036002      8758038.973928312      -11449.09278062396     57756.45647870984      
-10994.10110245757     8767194.997311296      -11447.17615568378     57756.48772870984      
-11002.4722995263      8776351.008889202      -11445.24333805699     57756.51897870984      
-11011.05821866386     8785507.007526709      -11443.29498926873     57756.55022870984      
-11019.85907556147     8794662.992086839      -11441.33177168432     57756.58147870984      
-11028.87507773497     8803818.961431017      -11439.35434849025     57756.61272870984      
-11038.10642451595     8812974.914419098      -11437.36338367505     57756.64397870984      
-11047.5533070429      8822130.849909397      -11435.35954201025     57756.67522870984      
-11057.21590825256     8831286.766758716      -11433.34348903131     57756.70647870984      
-11067.0944028714      8840442.663822411      -11431.31589101856     57756.73772870984      
-11077.18895740718     8849598.539954394      -11429.27741497815     57756.76897870984      
-11087.49973014069     8858754.394007187      -11427.22872862295     57756.80022870984      
-11098.02687111755     8867910.224831956      -11425.17050035357     57756.83147870984      
-11108.77052214023     8877066.031278539      -11423.10339923925     57756.86272870984      
-11119.7308167601      8886221.812195485      -11421.02809499886     57756.89397870984      
-11130.90788026963     8895377.566430084      -11418.94525798187     57756.92522870984      
-11142.30182969471     8904533.29282842       -11416.85555914929     57756.95647870984      
-11153.9127737871      8913688.990235377      -11414.75967005468     57756.98772870984      
-11158.53153142939     8917284.253080389      -11413.93510752873     57757                  
