-9382.424768208826     6540.4870693098        -4288.240082650374     57727                  
-9674.125887025159     6971.034397739669      -4570.081331696416     57727.00069444445      
-10035.21069375603     7504.448640524403      -4919.166433825503     57727.00158095954      
-10423.86200269028     8079.169031109711      -5295.163989772474     57727.00256693504      
-10844.45496418016     8701.827290340269      -5702.37952302636      57727.00366934125      
-11299.76286326195     9376.730605324283      -6143.588763157386     57727.00490225861      
-11792.88725482056     10108.7215190158       -6621.907518004658     57727.00628170704      
-12327.26469815777     10903.19998996736      -7140.80365606118      57727.00782584328      
-12906.63899766344     11766.09664327172      -7704.076718689815     57727.0095550663       
-13535.14011235647     12704.0078660189       -8315.942591504781     57727.01149244919      
-14217.29510280115     13724.23421810084      -8981.054164921707     57727.01366400735      
-14957.46922875773     14833.96816891941      -9703.96712709291      57727.01609708191      
-15759.15112016743     16039.23788509782      -10488.44891987394     57727.01881783475      
-16627.64495884008     17348.97850775802      -11340.12403873485     57727.02186037917      
-17568.8313284553      18773.22796384497      -12265.28819612126     57727.02526327121      
-18589.15443890541     20323.16443595312      -13270.92170170265     57727.0290698563       
-19695.66546953244     22011.24116429574      -14364.76374113548     57727.03332885278      
-20896.03203606903     23851.28558704493      -15555.36058457634     57727.03809486121      
-22198.67439108507     25858.81283472912      -16852.24882668544     57727.04342944722      
-23612.7907770999      28051.19681142127      -18266.04147247412     57727.04940190409      
-25148.34176298966     30447.80799779423      -19808.48722140759     57727.05608992357      
-26816.2851091425      33070.58218502958      -21492.8001630349      57727.06358148542      
-28628.44556407777     35944.07243438886      -23333.64774195531     57727.07197534459      
-30597.59671481187     39095.89214445176      -25347.38033369338     57727.08138259644      
-32737.7183896154      42557.5272089999       -27552.48221924424     57727.09192940063      
-35063.68677115558     46364.34328538446      -29969.49190430198     57727.10375730064      
-37591.59795529277     50556.74464467879      -32621.63656687706     57727.1170270089       
-40338.42968335791     55180.42528487796      -35534.86388584346     57727.13191938639      
-43322.27402975466     60287.77919070319      -38738.57701386535     57727.14864002142      
-46561.83597897497     65938.35909029558      -42265.73115847637     57727.16742069711      
-50076.55214945017     72200.75122419687      -46153.77290053129     57727.18852536336      
-53885.7511439705      79153.24995084967      -50444.77303288988     57727.2122519883       
-58008.61024656138     86886.55577235522      -55186.74775478416     57727.23894100459      
-62462.87800630501     95505.05656028714      -60434.01715206377     57727.26897870984      
-66905.75171160996     104398.9509510436      -65808.63514753498     57727.30022870984      
-71168.18867337055     113237.6494891544      -71110.53855617918     57727.33147870984      
-75261.53706756735     122035.5243637924      -76350.2184583654      57727.36272870984      
-79194.72692376205     130803.6826731082      -81535.96092718822     57727.39397870984      
-82974.91336830943     139550.8480903709      -86674.43872504348     57727.42522870984      
-86607.91601208602     148283.9599134835      -91771.11410538704     57727.45647870984      
-90098.52829845538     157008.5926180239      -96830.52145755723     57727.48772870984      
-93450.74096374906     165729.2573708617      -101856.4708126652     57727.51897870984      
-96667.90707121517     174449.6235756534      -106852.1976552876     57727.55022870984      
-99752.86625898661     183172.6848393405      -111820.4753581118     57727.58147870984      
-102708.0398818606     191900.8854305005      -116763.7010088004     57727.61272870984      
-105535.504963954      200636.2180965032      -121683.9619180644     57727.64397870984      
-108237.052452104      209380.3007511646      -126583.0878533129     57727.67522870984      
-110814.23366083       218134.4373250886      -131462.6925586123     57727.70647870984      
-113268.3977046307     226899.6665795298      -136324.2071193798     57727.73772870984      
-115600.7219615969     235676.8016558779      -141168.9070396698     57727.76897870984      
-117812.2370937195     244466.4624076367      -145997.934415607      57727.80022870984      
-119903.8477642315     253269.102052734       -150812.3162433992     57727.83147870984      
-121876.3499184725     262085.0293135007      -155612.9796507736     57727.86272870984      
-123730.4453043996     270914.4269356102      -160400.7646577288     57727.89397870984      
-125466.7537504683     279757.3672805058      -165176.4349367597     57727.92522870984      
-127085.8236052188     288613.8255353881      -169940.6869408358     57727.95647870984      
-128588.1406723603     297483.690964231       -174694.1576901181     57727.98772870984      
-129974.1358872231     306366.7765456787      -179437.4314492448     57728.01897870984      
-131244.1919527159     315262.8272662752      -184171.0454812437     57728.05022870984      
-132398.6490990887     324171.5272911689      -188895.4950284864     57728.08147870984      
-133437.810100168      333092.5061931401      -193611.2376430929     57728.11272870984      
-134361.9446669839     342025.3443830434      -198318.6969669901     57728.14397870984      
-135171.2933077505     350969.5778638144      -203018.2660441785     57728.17522870984      
-135866.0707263874     359924.7024094845      -207710.3102335736     57728.20647870984      
-136446.4688329594     368890.1772485984      -212395.1697793198     57728.23772870984      
-136912.6594156405     377865.4283229908      -217073.1620861934     57728.26897870984      
-137264.7965143393     386849.8511818489      -221744.5837401213     57728.30022870984      
-137503.0185441816     395842.8135565332      -226409.7123075841     57728.33147870984      
-137627.4501968205     404843.65765942        -231068.807942554      57728.36272870984      
-137638.2041417699     413851.7022438396      -235722.1148253505     57728.39397870984      
-137535.3825621084     422866.2444516567      -240369.8624542322     57728.42522870984      
-137319.0785400072     431886.5614760551      -245012.266807592      57728.45647870984      
-136989.3773030806     440911.9120636807      -249649.5313921318     57728.48772870984      
-136546.3573627143     449941.5378702945      -254281.8481902686     57728.51897870984      
-135990.0915383602     458974.6646924063      -258909.3985182838     57728.55022870984      
-135320.6478954221     468010.5035842853      -263532.3538051823     57728.58147870984      
-134538.090600567      477048.2518748168      -268150.8763009618     57728.61272870984      
-133642.4806966835     486087.0940968438      -272765.1197219008     57728.64397870984      
-132633.8768177125     495126.2028349938      -277375.2298395037     57728.67522870984      
-131512.335844179      504164.7395021422      -281981.3450189563     57728.70647870984      
-130277.9134984822     513201.8550535523      -286583.596712244      57728.73772870984      
-128930.664898477      522236.6906417246      -291182.1099104586     57728.76897870984      
-127470.6450677152     531268.3782194306      -295777.0035593161     57728.80022870984      
-125897.9093992167     540296.0410976547      -300368.3909414583     57728.83147870984      
-124212.5140904497     549318.7944595627      -304956.3800286765     57728.86272870984      
-122414.5165461423     558335.7458362398      -309541.0738068891     57728.89397870984      
-120503.9757442137     567345.9955493148      -314122.5705763848     57728.92522870984      
-118480.9525821814     576348.6371204227      -318700.9642295652     57728.95647870984      
-116345.5101993626     585342.7576520214      -323276.3445081956     57728.98772870984      
-114097.7142689728     594327.4381835919      -327848.7972419827     57729.01897870984      
-111737.6332774855     603301.7540224292      -332418.4045700743     57729.05022870984      
-109265.3387855595     612264.7750526831      -336985.2451469469     57729.08147870984      
-106680.9056637092     621215.5660258905      -341549.3943340061     57729.11272870984      
-103984.4123203007     630153.1868317578      -346110.9243780635     57729.14397870984      
-101175.9409153733     639076.6927522371      -350669.9045777724     57729.17522870984      
-98255.57755268904     647985.1347015321      -355226.4014390013     57729.20647870984      
-95223.41246797232     656877.5594505654      -359780.4788200075     57729.23772870984      
-92079.54020614958     665753.0098384758      -364332.1980672174     57729.26897870984      
-88824.05977833254     674610.5249734323      -368881.6181423529     57729.30022870984      
-85457.07482406705     683449.1404203448      -373428.7957415365     57729.33147870984      
-81978.69374978899     692267.888380288       -377973.7854070129     57729.36272870984      
-78389.0298690787      701065.7978591373      -382516.6396320068     57729.39397870984      
-74688.20153559776     709841.8948275266      -387057.4089592366     57729.42522870984      
-70876.33225954742     718595.202373667       -391596.1420735484     57729.45647870984      
-66953.55082700301     727324.7408475963      -396132.8858890754     57729.48772870984      
-62919.99141347794     736029.5279985396      -400667.6856313193     57729.51897870984      
-58775.79368207518     744708.5791066114      -405200.5849145182     57729.55022870984      
-54521.10288618475     753360.9071075956      -409731.6258146059     57729.58147870984      
-50156.06996761724     761985.5227122258      -414260.8489380757     57729.61272870984      
-45680.85164008128     770581.4345209085      -418788.2934870333     57729.64397870984      
-41095.61047859316     779147.6491328607      -423313.9973206732     57729.67522870984      
-36400.51500527097     787683.171250832       -427837.9970134255     57729.70647870984      
-31595.7397609975      796187.0037820896      -432360.3279099989     57729.73772870984      
-26681.46538418457     804658.1479349147      -436881.0241775016     57729.76897870984      
-21657.87868667454     813095.6033115508      -441400.1188548347     57729.80022870984      
-16525.17271585895     821498.3679980085      -445917.6438995412     57729.83147870984      
-11283.54682490132     829865.4386503099      -450433.63023225       57729.86272870984      
-5933.206740698941     838195.8105778763      -454948.1077788721     57729.89397870984      
-474.3646182755547     846488.4778242029      -459461.1055106969     57729.92522870984      
5092.760895849542      854742.4332447634      -463972.6514824964     57729.95647870984      
10767.94460206809      862956.6685826264      -468482.772868765      57729.98772870984      
16550.95469954933      871130.1745416456      -472991.495998216      57730.01897870984      
22441.55272835977      879261.9408575869      -477498.8463866188     57730.05022870984      
28439.49351296549      887350.9563674204      -482004.8487680788     57730.08147870984      
34544.52511916543      895396.2090763779      -486509.5271248652     57730.11272870984      
40756.38880058982      903396.6862235725      -491012.904715844      57730.14397870984      
47074.81894626009      911351.3743461648      -495515.0041036077     57730.17522870984      
53499.5430416143       919259.2593413962      -500015.847180386      57730.20647870984      
60030.2816184753       927119.3265277598      -504515.4551927794     57730.23772870984      
66666.74820581774      934930.5607050339      -509013.8487653966     57730.26897870984      
73408.64929408346      942691.9462122167      -513511.0479234601     57730.30022870984      
80255.6842878719       950402.4669851292      -518007.0721144191     57730.33147870984      
87207.54545921355      958061.106613158       -522501.94022863       57730.36272870984      
94263.9179145128       965666.848393866       -526995.6706191645     57730.39397870984      
101424.4795493438      973218.6753877832      -531488.2811207728     57730.42522870984      
108688.9010036499      980715.5704725615      -535979.789068051      57730.45647870984      
116056.8456307656      988156.5163949321      -540470.2113128697     57730.48772870984      
123527.9694538058      995540.4958233178      -544959.5642410755     57730.51897870984      
131101.9211223118      1002866.491400025      -549447.863788517      57730.55022870984      
138778.3418828953      1010133.485791105      -553935.1254564347     57730.58147870984      
146556.8655367971      1017340.461737356      -558421.3643262305     57730.61272870984      
154437.1183975811      1024486.402105077      -562906.5950736534     57730.64397870984      
162418.71926302        1031570.289934334      -567390.8319824423     57730.67522870984      
170501.2793734724      1038591.108488844      -571874.088957433      57730.70647870984      
178684.4023702938      1045547.841305747      -576356.37953716       57730.73772870984      
186967.6842686492      1052439.472242735      -580837.7169059945     57730.76897870984      
195350.7134164148      1059264.985527228      -585318.1139058123     57730.80022870984      
203833.0704530363      1066023.365805611      -589797.5830472308     57730.83147870984      
212414.3282830027      1072713.598189584      -594276.1365204419     57730.86272870984      
221094.0520350361      1079334.668305046      -598753.7862056359     57730.89397870984      
229871.7990211708      1085885.562341158      -603230.543683053      57730.92522870984      
238747.1187106727      1092365.267096275      -607706.4202426811     57730.95647870984      
247719.5526893217      1098772.770026886      -612181.4268936003     57730.98772870984      
256788.634618527       1105107.059296843      -616655.5743729991     57731.01897870984      
265953.8902095191      1111367.123823209      -621128.8731548863     57731.05022870984      
275214.8371825628      1117551.953325561      -625601.3334584899     57731.08147870984      
284570.9852259669      1123660.538375718      -630072.9652563713     57731.11272870984      
294021.8359704015      1129691.870443779      -634543.7782822719     57731.14397870984      
303566.8829479214      1135644.941948117      -639013.782038687      57731.17522870984      
313205.6115507532      1141518.746305869      -643482.9858041862     57731.20647870984      
322937.4990056281      1147312.277979467      -647951.3986405026     57731.23772870984      
332762.0143325196      1153024.53252758       -652419.0293993793     57731.26897870984      
342678.6183031217      1158654.506656662      -656885.8867291944     57731.30022870984      
352686.7634151138      1164201.198268214      -661351.9790813802     57731.33147870984      
362785.8938505425      1169663.606510951      -665817.3147166297     57731.36272870984      
372975.4454339335      1175040.731833667      -670281.9017109071     57731.39397870984      
383254.8456064257      1180331.576033471      -674745.747961276      57731.42522870984      
393623.5133837534      1185535.142309424      -679208.8611915385     57731.45647870984      
404080.8593139565      1190650.435316973      -683671.248957702      57731.48772870984      
414626.2854513443      1195676.461217393      -688132.9186532827     57731.51897870984      
425259.1853122142      1200612.227733803      -692593.8775144427     57731.55022870984      
435978.9438413641      1205456.744204087      -697054.1326249746     57731.58147870984      
446784.9373674261      1210209.021638379      -701513.6909211319     57731.61272870984      
457676.5335765838      1214868.07277047       -705972.5591963277     57731.64397870984      
468653.0914695733      1219432.912115802      -710430.7441056811     57731.67522870984      
479713.9613184288      1223902.556030449      -714888.2521704364     57731.70647870984      
490858.4846400204      1228276.022764228      -719345.0897822577     57731.73772870984      
502085.9941526629      1232552.332520942      -723801.2632073923     57731.76897870984      
513395.8137324837      1236730.507519678      -728256.7785907175     57731.80022870984      
524787.2583868098      1240809.572049838      -732711.6419596758     57731.83147870984      
536259.6342104247      1244788.55253383       -737165.8592280927     57731.86272870984      
547812.2383416094      1248666.477590906      -741619.43619989       57731.89397870984      
559444.3589354223      1252442.378094301      -746072.3785726971     57731.92522870984      
571155.2751196634      1256115.28723659       -750524.6919413591     57731.95647870984      
582944.2569506572      1259684.240596265      -754976.3818013485     57731.98772870984      
594810.5653864829      1263148.276197175      -759427.453552085      57732.01897870984      
606753.4522427283      1266506.434576755      -763877.9125001656     57732.05022870984      
618772.1601480929      1269757.758855535      -768327.763862498      57732.08147870984      
630865.9225176508      1272901.294799078      -772777.0127693655     57732.11272870984      
643033.9635084843      1275936.090889265      -777225.6642673945     57732.14397870984      
655275.497975211       1278861.198396945      -781673.7233224482     57732.17522870984      
667589.7314433715      1281675.671446537      -786121.194822448      57732.20647870984      
679975.8600630551      1284378.567091648      -790568.0835801119     57732.23772870984      
692433.0705744652      1286968.945385702      -795014.3943356243     57732.26897870984      
704960.5402615448      1289445.869460065      -799460.131759237      57732.30022870984      
717557.436925704       1291808.405592494      -803905.3004537995     57732.33147870984      
730222.9188416372      1294055.623286306      -808349.9049572254     57732.36272870984      
742956.1347131529      1296186.595351065      -812793.9497448893     57732.39397870984      
755756.2236473076      1298200.397974099      -817237.4392319699     57732.42522870984      
768622.3151105399      1300096.110803362      -821680.3777757265     57732.45647870984      
781553.5288848737      1301872.817031858      -826122.7696777141     57732.48772870984      
794548.9750426118      1303529.603472402      -830564.6191859489     57732.51897870984      
807607.7539029475      1305065.560644326      -835005.9304970136     57732.55022870984      
820728.9559887039      1306479.782861836      -839446.7077581054     57732.58147870984      
833911.6620017531      1307771.368312162      -843886.9550690377     57732.61272870984      
847154.942780295       1308939.419146285      -848326.6764841861     57732.64397870984      
860457.8592563465      1309983.041571361      -852765.8760143827     57732.67522870984      
873819.4624320408      1310901.345932429      -857204.5576287681     57732.70647870984      
887238.7933357052      1311693.446808726      -861642.7252565901     57732.73772870984      
900714.8829906151      1312358.463103318      -866080.3827889556     57732.76897870984      
914246.7523717342      1312895.518142557      -870517.5340805405     57732.80022870984      
927833.4123835141      1313303.739762735      -874954.1829512549     57732.83147870984      
941473.8638195253      1313582.2604108        -879390.3331878621     57732.86272870984      
955167.0973224873      1313730.217246894      -883825.9885455582     57732.89397870984      
968912.0933634506      1313746.752234894      -888261.1527495111     57732.92522870984      
982707.8222028175      1313631.012247629      -892695.8294963536     57732.95647870984      
996553.2438518538      1313382.14917401       -897130.0224556453     57732.98772870984      
1010447.308053486      1312999.320013543      -901563.7352712903     57733.01897870984      
1024388.954244962      1312481.686986218      -905996.9715629189     57733.05022870984      
1038377.111521113      1311828.417644318      -910429.7349272309     57733.08147870984      
1052410.698617002      1311038.684971051      -914862.0289393065     57733.11272870984      
1066488.623870429      1310111.667496909      -919293.8571538774     57733.14397870984      
1080609.785197623      1309046.54940777       -923725.2231065654     57733.17522870984      
1094773.070057183      1307842.520664786      -928156.1303150882     57733.20647870984      
1108977.355435621      1306498.777108641      -932586.5822804292     57733.23772870984      
1123221.507814957      1305014.520580742      -937016.5824879751     57733.26897870984      
1137504.383141146      1303388.959046416      -941446.134408624      57733.30022870984      
1151824.826812133      1301621.306703499      -945875.2414998601     57733.33147870984      
1166181.673648064      1299710.784108525      -950303.9072067951     57733.36272870984      
1180573.747862435      1297656.618304961      -954732.1349631851     57733.39397870984      
1194999.863052973      1295458.042936193      -959159.9281924131     57733.42522870984      
1209458.82217269       1293114.298378743      -963587.2903084421     57733.45647870984      
1223949.417514495      1290624.631865866      -968014.2247167418     57733.48772870984      
1238470.43068443       1287988.297624479      -972440.7348151882     57733.51897870984      
1253020.632596781      1285204.556994099      -976866.8239949296     57733.55022870984      
1267598.783451687      1282272.678564975      -981292.4956412301     57733.58147870984      
1282203.63271398       1279191.938318311      -985717.7531342871     57733.61272870984      
1296833.919111888      1275961.619749712      -990142.599850017      57733.64397870984      
1311488.370618389      1272581.014012502      -994567.0391608183     57733.67522870984      
1326165.704433972      1269049.420063155      -998991.0744363121     57733.70647870984      
1340864.626989259      1265366.14478926       -1003414.709044049     57733.73772870984      
1355583.833928469      1261530.503160249      -1007837.946350197     57733.76897870984      
1370322.010106674      1257541.818367031      -1012260.789720209     57733.80022870984      
1385077.829576292      1253399.421976496      -1016683.242519453     57733.83147870984      
1399849.955595538      1249102.654065501      -1021105.30811383      57733.86272870984      
1414637.040620075      1244650.863376327      -1025526.989870365     57733.89397870984      
1429437.726296378      1240043.407474255      -1029948.291157775     57733.92522870984      
1444250.643475008      1235279.652886025      -1034369.215347009     57733.95647870984      
1459074.412207343      1230358.975260456      -1038789.765811776     57733.98772870984      
1473907.64174418       1225280.759531174      -1043209.945929041     57734.01897870984      
1488748.930554229      1220044.40005949       -1047629.759079501     57734.05022870984      
1503596.866324365      1214649.300802591      -1052049.208648047     57734.08147870984      
1518450.025973831      1209094.875469021      -1056468.298024189     57734.11272870984      
1533306.975658497      1203380.547690549      -1060887.030602482     57734.14397870984      
1548166.270796947      1197505.751170808      -1065305.409782904     57734.17522870984      
1563026.456080748      1191469.929857684      -1069723.43897124      57734.20647870984      
1577886.065486966      1185272.538117754      -1074141.121579425     57734.23772870984      
1592743.62231046       1178913.040889102      -1078558.461025881     57734.26897870984      
1607597.639178761      1172390.913861224      -1082975.460735823     57734.30022870984      
1622446.618080962      1165705.643641013      -1087392.124141555     57734.33147870984      
1637289.050387325      1158856.727936145      -1091808.45468274      57734.36272870984      
1652123.416890519      1151843.675713237      -1096224.455806653     57734.39397870984      
1666948.187831881      1144666.007381339      -1100640.130968415     57734.42522870984      
1681761.822930318      1137323.254977334      -1105055.483631209     57734.45647870984      
1696562.771430769      1129814.962327891      -1109470.517266478     57734.48772870984      
1711349.472138097      1122140.685237394      -1113885.235354099     57734.51897870984      
1726120.353453802      1114299.99167773       -1118299.641382545     57734.55022870984      
1740873.833432153      1106292.461953798      -1122713.738849032     57734.58147870984      
1755608.319820372      1098117.688898584      -1127127.531259635     57734.61272870984      
1770322.210112756      1089775.278052451      -1131541.022129405     57734.64397870984      
1785013.891596668      1081264.847861212      -1135954.214982448     57734.67522870984      
1799681.741419626      1072586.029845974      -1140367.113352008     57734.70647870984      
1814324.126642857      1063738.468800495      -1144779.720780515     57734.73772870984      
1828939.404298078      1054721.822990167      -1149192.040819629     57734.76897870984      
1843525.92146331       1045535.764324756      -1153604.077030261     57734.80022870984      
1858082.015323938      1036179.978562412      -1158015.832982576     57734.83147870984      
1872606.013247566      1026654.165496461      -1162427.312255987     57734.86272870984      
1887096.232851658      1016958.039161913      -1166838.51843913      57734.89397870984      
1901550.982091708      1007091.328011506      -1171249.45512982      57734.92522870984      
1915968.559337076      997053.7751207432      -1175660.12593499      57734.95647870984      
1930347.253450431      986845.1383942616      -1180070.53447063      57734.98772870984      
1944685.343885715      976465.190743909       -1184480.684361683     57735.01897870984      
1958981.100772671      965913.7202997216      -1188890.579241957     57735.05022870984      
1973232.785014952      955190.5306021974      -1193300.222753998     57735.08147870984      
1987438.648381984      944295.4408151068      -1197709.618548962     57735.11272870984      
2001596.933620657      933228.2859055729      -1202118.770286466     57735.14397870984      
2015705.87455597       921988.916854515       -1206527.681634425     57735.17522870984      
2029763.696195692      910577.20086807        -1210936.356268883     57735.20647870984      
2043768.614852831      898993.0215585942      -1215344.797873819     57735.23772870984      
2057718.83825616       887236.2791601137      -1219753.010140944     57735.26897870984      
2071612.565673961      875306.8907235089      -1224160.996769484     57735.30022870984      
2085447.988032591      863204.7903329844      -1228568.761465955     57735.33147870984      
2099223.288053975      850929.9292874489      -1232976.307943913     57735.36272870984      
2112936.640383473      838482.2763135682      -1237383.639923702     57735.39397870984      
2126586.21172211       825861.8177793397      -1241790.761132185     57735.42522870984      
2140170.160975763      813068.5578750583      -1246197.675302461     57735.45647870984      
2153686.639394006      800102.5188301875      -1250604.38617357      57735.48772870984      
2167133.790721675      786963.7411083292      -1255010.897490189     57735.51897870984      
2180509.751346402      773652.2836241282      -1259417.213002313     57735.55022870984      
2193812.650463939      760168.2239226763      -1263823.336464925     57735.58147870984      
2207040.610234118      746511.6583955964      -1268229.271637649     57735.61272870984      
2220191.745949193      732682.7024742697      -1272635.022284404     57735.64397870984      
2233264.166198793      718681.4908453223      -1277040.592173036     57735.67522870984      
2246255.973051959      704508.1776272049      -1281445.985074938     57735.70647870984      
2259165.262231994      690162.9365802938      -1285851.204764666     57735.73772870984      
2271990.12329614       675645.9613166277      -1290256.255019547     57735.76897870984      
2284728.639830458      660957.4654734877      -1294661.139619259     57735.80022870984      
2297378.889637093      646097.6829249437      -1299065.862345424     57735.83147870984      
2309938.944933196      631066.8679688019      -1303470.426981167     57735.86272870984      
2322406.87254766       615865.2955363154      -1307874.83731069      57735.89397870984      
2334780.734133442      600493.261360493       -1312279.097118813     57735.92522870984      
2347058.586373356      584951.0821830637      -1316683.210190522     57735.95647870984      
2359238.481197018      569239.0959358232      -1321087.1803105       57735.98772870984      
2371318.465996267      553357.6619449812      -1325491.011262645     57736.01897870984      
2383296.583855253      537307.1610926758      -1329894.706829596     57736.05022870984      
2395170.873775968      521087.9960135776      -1334298.270792226     57736.08147870984      
2406939.370908892      504700.5912900627      -1338701.706929149     57736.11272870984      
2418600.106796511      488145.3936075661      -1343105.019016201     57736.14397870984      
2430151.109612174      471422.8719496906      -1347508.210825926     57736.17522870984      
2441590.404409114      454533.517765891       -1351911.286127046     57736.20647870984      
2452916.013369118      437477.8451624928      -1356314.248683929     57736.23772870984      
2464125.956063996      420256.3910483641      -1360717.10225604      57736.26897870984      
2475218.249713524      402869.7153209068      -1365119.850597402     57736.30022870984      
2486190.909452818      385318.4010235846      -1369522.497456026     57736.33147870984      
2497041.948600101      367603.0545269305      -1373925.046573361     57736.36272870984      
2507769.37893602       349724.3056627805      -1378327.501683714     57736.39397870984      
2518371.210981176      331682.8078948817      -1382729.866513677     57736.42522870984      
2528845.454278802      313479.2384868201      -1387132.144781545     57736.45647870984      
2539190.117687327      295114.2986264863      -1391534.340196726     57736.48772870984      
2549403.209671421      276588.7135917461      -1395936.45645915      57736.51897870984      
2559482.738601109      257903.2328858377      -1400338.497258661     57736.55022870984      
2569426.713052431      239058.6303963586      -1404740.46627442      57736.58147870984      
2579233.142117307      220055.7045051395      -1409142.367174296     57736.61272870984      
2588900.035713046      200895.2782397397      -1413544.203614244     57736.64397870984      
2598425.404899042      181578.1993936132      -1417945.97923769      57736.67522870984      
2607807.26219565       162105.3406699954      -1422347.697674912     57736.70647870984      
2617043.621910805      142477.5997751757      -1426749.3625424       57736.73772870984      
2626132.50046745       122695.899553861       -1431150.977442236     57736.76897870984      
2635071.916737145      102761.1880922084      -1435552.545961454     57736.80022870984      
2643859.892376536      82674.43884461334      -1439954.071671403     57736.83147870984      
2652494.452169937      62436.65070854421      -1444355.558127101     57736.86272870984      
2660973.624373994      42048.84813704746      -1448757.0088666       57736.89397870984      
2669295.441067004      21512.08124671976      -1453158.427410328     57736.92522870984      
2677457.938502852      827.425877467792       -1457559.81726045      57736.95647870984      
2685459.157467846      -20004.01630500687     -1461961.181900207     57736.98772870984      
2693297.143641797      -40981.11774077138     -1466362.524793271     57737.01897870984      
2700969.947963045      -62102.72488345843     -1470763.849383082     57737.05022870984      
2708475.626996542      -83367.65816225602     -1475165.159092197     57737.08147870984      
2715812.243306007      -104774.7119008504     -1479566.457321633     57737.11272870984      
2722977.865829109      -126322.6542713575     -1483967.747450203     57737.14397870984      
2729970.570257189      -148010.2272245022     -1488369.032833863     57737.17522870984      
2736788.439416131      -169836.1464751951     -1492770.31680505      57737.20647870984      
2743429.563652499      -191799.101444772      -1497171.60267202      57737.23772870984      
2749892.041221392      -213897.7552391189     -1501572.893718194     57737.26897870984      
2756173.978679388      -236130.7446030701     -1505974.193201491     57737.30022870984      
2762273.49127666       -258496.6799313381     -1510375.504353679     57737.33147870984      
2768188.703355509      -280994.145235849      -1514776.830379711     57737.36272870984      
2773917.748749235      -303621.6981498023     -1519178.174457068     57737.39397870984      
2779458.771186642      -326377.8699080367     -1523579.53973511      57737.42522870984      
2784809.924693585      -349261.1653849894     -1527980.929334415     57737.45647870984      
2789969.374002133      -372270.0630888178     -1532382.346346133     57737.48772870984      
2794935.294958575      -395403.0151930328     -1536783.793831335     57737.51897870984      
2799705.874937573      -418658.4475444675     -1541185.274820365     57737.55022870984      
2804279.313251159      -442034.759729813      -1545586.792312196     57737.58147870984      
2808653.821566505      -465530.3250980955     -1549988.349273791     57737.61272870984      
2812827.624320973      -489143.49082138       -1554389.948639462     57737.64397870984      
2816798.959143825      -512872.5779318382     -1558791.593310234     57737.67522870984      
2820566.077270432      -536715.8814182543     -1563193.28615322      57737.70647870984      
2824127.243966443      -560671.6702782711     -1567595.030000989     57737.73772870984      
2827480.738947596      -584738.1876094977     -1571996.827650944     57737.76897870984      
2830624.856806646      -608913.6506769969     -1576398.681864701     57737.80022870984      
2833557.907430387      -633196.25104098       -1580800.595367482     57737.83147870984      
2836278.216427813      -657584.1546400497     -1585202.570847499     57737.86272870984      
2838784.125552186      -682075.5019138473     -1589604.610955357     57737.89397870984      
2841073.993130683      -706668.4079020913     -1594006.718303448     57737.92522870984      
2843146.194481641      -731360.9624044643     -1598408.895465364     57737.95647870984      
2844999.122344094      -756151.2300958668     -1602811.144975314     57737.98772870984      
2846631.18729945       -781037.250681526      -1607213.469327532     57738.01897870984      
2848040.818201175      -806017.0390284833     -1611615.870975713     57738.05022870984      
2849226.462589485      -831088.5853584467     -1616018.352332446     57738.08147870984      
2850186.58711952       -856249.8553958295     -1620420.915768644     57738.11272870984      
2850919.677979797      -881498.7905559965     -1624823.563613005     57738.14397870984      
2851424.241319094      -906833.3081098448     -1629226.298151451     57738.17522870984      
2851698.803655699      -932251.3014101314     -1633629.121626603     57738.20647870984      
2851741.91230131       -957750.6400728176     -1638032.036237244     57738.23772870984      
2851552.135773309      -983329.1701988407     -1642435.0441378       57738.26897870984      
2851128.064215906      -1008984.714572172     -1646838.147437819     57738.30022870984      
2850468.309800902      -1034715.072919842     -1651241.348201478     57738.33147870984      
2849571.507144312      -1060518.022126814     -1655644.648447075     57738.36272870984      
2848436.313709417      -1086391.316491393     -1660048.050146553     57738.39397870984      
2847061.41021909       -1112332.687956837     -1664451.555225007     57738.42522870984      
2845445.501044978      -1138339.846404996     -1668855.165560229     57738.45647870984      
2843587.314613762      -1164410.479904644     -1673258.882982244     57738.48772870984      
2841485.603797847      -1190542.255000318     -1677662.709272863     57738.51897870984      
2839139.146315755      -1216732.816977235     -1682066.646165232     57738.55022870984      
2836546.745106581      -1242979.790188165     -1686470.695343425     57738.58147870984      
2833707.228722721      -1269280.778334799     -1690874.858442007     57738.61272870984      
2830619.451705057      -1295633.364789503     -1695279.137045639     57738.64397870984      
2827282.29496828       -1322035.112892965     -1699683.532688667     57738.67522870984      
2823694.666157407      -1348483.566313568     -1704088.046854756     57738.70647870984      
2819855.500023871      -1374976.249361075     -1708492.680976499     57738.73772870984      
2815763.758782019      -1401510.667340402     -1712897.436435068     57738.76897870984      
2811418.432476218      -1428084.30688112      -1717302.314559847     57738.80022870984      
2806818.539316303      -1454694.636328235     -1721707.316628109     57738.83147870984      
2801963.126033887      -1481339.106087109     -1726112.443864684     57738.86272870984      
2796851.268219944      -1508015.149002736     -1730517.697441638     57738.89397870984      
2791482.070656241      -1534720.180746466     -1734923.078477982     57738.92522870984      
2785854.667655345      -1561451.600183507     -1739328.588039366     57738.95647870984      
2779968.223365398      -1588206.789800945     -1743734.227137821     57738.98772870984      
2773821.932097428      -1614983.116089672     -1748139.996731484     57739.01897870984      
2767415.018628569      -1641777.929965293     -1752545.897724351     57739.05022870984      
2760746.738517018      -1668588.567164167     -1756951.93096603      57739.08147870984      
2753816.378378942      -1695412.34869918      -1761358.09725153      57739.11272870984      
2746623.256189331      -1722246.58126924      -1765764.397321044     57739.14397870984      
2739166.721556768      -1749088.557707026     -1770170.831859753     57739.17522870984      
2731446.156010529      -1775935.557401568     -1774577.401497632     57739.20647870984      
2723460.973246837      -1802784.846779604     -1778984.1068093       57739.23772870984      
2715210.619400506      -1829633.679740453     -1783390.94831385      57739.26897870984      
2706694.573292132      -1856479.29812312      -1787797.926474709     57739.30022870984      
2697912.346666916      -1883318.932179075     -1792205.041699521     57739.33147870984      
2688863.48444325       -1910149.801024713     -1796612.294340014     57739.36272870984      
2679547.564917034      -1936969.113151115     -1801019.684691924     57739.39397870984      
2669964.19999328       -1963774.066887158     -1805427.212994898     57739.42522870984      
2660113.035387394      -1990561.850898772     -1809834.87943243      57739.45647870984      
2649993.750840301      -2017329.644662308     -1814242.684131798     57739.48772870984      
2639606.060286609      -2044074.61899381      -1818650.627164038     57739.51897870984      
2628949.712051679      -2070793.936531562     -1823058.708543911     57739.55022870984      
2618024.489016568      -2097484.752253611     -1827466.928229895     57739.58147870984      
2606830.20879761       -2124144.213969046     -1831875.286124183     57739.61272870984      
2595366.723876448      -2150769.46286371      -1836283.782072719     57739.64397870984      
2583633.921760625      -2177357.63399904      -1840692.415865222     57739.67522870984      
2571631.725114613      -2203905.856839718     -1845101.187235242     57739.70647870984      
2559360.091880833      -2230411.255784471     -1849510.095860225     57739.73772870984      
2546819.015412355      -2256870.950675212     -1853919.141361585     57739.76897870984      
2534008.524552942      -2283282.057358531     -1858328.323304819     57739.80022870984      
2520928.68374984       -2309641.688200266     -1862737.641199608     57739.83147870984      
2507579.593130772      -2335946.952632121     -1867147.094499949     57739.86272870984      
2493961.388597582      -2362194.957671241     -1871556.682604284     57739.89397870984      
2480074.241864868      -2388382.808490304     -1875966.404855682     57739.92522870984      
2465918.360533199      -2414507.608940712     -1880376.260541996     57739.95647870984      
2451493.988129767      -2440566.462101621     -1884786.248896058     57739.98772870984      
2436801.404138434      -2466556.470830054     -1889196.369095887     57740.01897870984      
2421840.924043252      -2492474.738288443     -1893606.620264893     57740.05022870984      
2406612.899314173      -2518318.368520222     -1898017.001472136     57740.08147870984      
2391117.717429748      -2544084.466978648     -1902427.511732561     57740.11272870984      
2375355.801860841      -2569770.141084233     -1906838.150007276     57740.14397870984      
2359327.612073457      -2595372.500754464     -1911248.915203812     57740.17522870984      
2343033.643471666      -2620888.658979497     -1915659.806176446     57740.20647870984      
2326474.427379529      -2646315.732351264     -1920070.821726501     57740.23772870984      
2309650.530987979      -2671650.841615063     -1924481.960602672     57740.26897870984      
2292562.557291017      -2696891.112220082     -1928893.221501375     57740.30022870984      
2275211.145037604      -2722033.674846563     -1933304.603067089     57740.33147870984      
2257596.968621221      -2747075.665976181     -1937716.10389275      57740.36272870984      
2239720.738011018      -2772014.228416198     -1942127.722520129     57740.39397870984      
2221583.198641411      -2796846.511848458     -1946539.457440234     57740.42522870984      
2203185.131323638      -2821569.673350261     -1950951.307093718     57740.45647870984      
2184527.352093203      -2846180.877956179     -1955363.269871331     57740.48772870984      
2165610.712101235      -2870677.299173942     -1959775.344114337     57740.51897870984      
2146436.097469101      -2895056.119519124     -1964187.528114981     57740.55022870984      
2127004.429131639      -2919314.531047437     -1968599.820117        57740.58147870984      
2107316.662700035      -2943449.735862222     -1973012.218316078     57740.61272870984      
2087373.788258073      -2967458.94666022      -1977424.720860365     57740.64397870984      
2067176.830204912      -2991339.38723225      -1981837.325850983     57740.67522870984      
2046726.847060148      -3015088.292980781     -1986250.031342562     57740.70647870984      
2026024.931259092      -3038702.911433178     -1990662.835343789     57740.73772870984      
2005072.208968008      -3062180.502730954     -1995075.735817946     57740.76897870984      
1983869.83983138       -3085518.340153953     -1999488.730683512     57740.80022870984      
1962419.016768583      -3108713.710600276     -2003901.817814729     57740.83147870984      
1940720.965726183      -3131763.915084862     -2008314.995042211     57740.86272870984      
1918776.94545742       -3154666.269210085     -2012728.260153532     57740.89397870984      
1896588.247232415      -3177418.103668862     -2017141.610893883     57740.92522870984      
1874156.194600108      -3200016.764704334     -2021555.044966689     57740.95647870984      
1851482.14311152       -3222459.614582838     -2025968.56003426      57740.98772870984      
1828567.480034383      -3244744.032060729     -2030382.153718459     57741.01897870984      
1805413.624090911      -3266867.412827363     -2034795.823601359     57741.05022870984      
1782022.025124873      -3288827.169977461     -2039209.567225951     57741.08147870984      
1758394.163823301      -3310620.734441346     -2043623.382096826     57741.11272870984      
1734531.551399242      -3332245.555426498     -2048037.265680888     57741.14397870984      
1710435.729266677      -3353699.100852088     -2052451.215408075     57741.17522870984      
1686108.268740451      -3374978.85776         -2056865.228672076     57741.20647870984      
1661550.770664259      -3396082.332752127     -2061279.302831097     57741.23772870984      
1636764.865096228      -3417007.052387047     -2065693.435208597     57741.26897870984      
1611752.210955367      -3437750.563586111     -2070107.623094054     57741.30022870984      
1586514.49566111       -3458310.434031776     -2074521.863743742     57741.33147870984      
1561053.434799747      -3478684.252542919     -2078936.154381494     57741.36272870984      
1535370.771717907      -3498869.629473328     -2083350.492199528     57741.39397870984      
1509468.277176531      -3518864.197071327     -2087764.874359226     57741.42522870984      
1483347.748965695      -3538665.609847005     -2092179.297991951     57741.45647870984      
1457011.011513516      -3558271.544931046     -2096593.760199872     57741.48772870984      
1430459.91552386       -3577679.702411249     -2101008.258056771     57741.51897870984      
1403696.337540247      -3596887.805689164     -2105422.78860892      57741.55022870984      
1376722.17957311       -3615893.601799843     -2109837.348875894     57741.58147870984      
1349539.368687998      -3634694.861737472     -2114251.935851439     57741.61272870984      
1322149.856588916      -3653289.38077212      -2118666.546504337     57741.64397870984      
1294555.619232337      -3671674.978745079     -2123081.177779254     57741.67522870984      
1266758.656366764      -3689849.500381255     -2127495.826597644     57741.70647870984      
1238760.991138406      -3707810.815566986     -2131910.48985862      57741.73772870984      
1210564.669657997      -3725556.81963202      -2136325.164439843     57741.76897870984      
1182171.760563818      -3743085.433622338     -2140739.847198425     57741.80022870984      
1153584.354617275      -3760394.604552619     -2145154.534971813     57741.83147870984      
1124804.564223464      -3777482.305672781     -2149569.224578725     57741.86272870984      
1095834.52302056       -3794346.536702452     -2153983.91282005      57741.89397870984      
1066676.385430583      -3810985.324068039     -2158398.596479767     57741.92522870984      
1037332.326207476      -3827396.721130444     -2162813.27232588      57741.95647870984      
1007804.540019533      -3843578.808393735     -2167227.93711132      57741.98772870984      
978095.2409564157      -3859529.693724917     -2171642.587574915     57742.01897870984      
948206.6621075291      -3875247.512544388     -2176057.22044231      57742.05022870984      
918141.0551021171      -3890730.428017537     -2180471.83242691      57742.08147870984      
887900.6896477203      -3905976.63123693      -2184886.420230831     57742.11272870984      
857487.8531047256      -3920984.341386932     -2189300.980545831     57742.14397870984      
826904.849985206       -3935751.805916523     -2193715.510054291     57742.17522870984      
796154.0015255098      -3950277.300685778     -2198130.005430153     57742.20647870984      
765237.6452209313      -3964559.130112108     -2202544.463339881     57742.23772870984      
734158.1343597892      -3978595.627307198     -2206958.880443422     57742.26897870984      
702917.837595212       -3992385.154197979     -2211373.253395155     57742.30022870984      
671519.1384410306      -4005926.10165302      -2215787.578844877     57742.33147870984      
639964.4348436189      -4019216.889585698     -2220201.853438754     57742.36272870984      
608256.1387162083      -4032255.967055871     -2224616.073820291     57742.39397870984      
576396.6754736046      -4045041.812362487     -2229030.236631298     57742.42522870984      
544388.4836061008      -4057572.933121973     -2233444.338512843     57742.45647870984      
512234.014177402       -4069847.866349305     -2237858.376106246     57742.48772870984      
479935.7304005024      -4081865.178519193     -2242272.346054028     57742.51897870984      
447496.1071764238      -4093623.465624573     -2246686.245000884     57742.55022870984      
414917.630642087       -4105121.353225583     -2251100.069594644     57742.58147870984      
382202.7977119983      -4116357.496490979     -2255513.816487249     57742.61272870984      
349354.1156607404      -4127330.580227672     -2259927.482335689     57742.64397870984      
316374.1016294456      -4138039.318909679     -2264341.063803005     57742.67522870984      
283265.2822123423      -4148482.45669141      -2268754.557559213     57742.70647870984      
250030.1930066323      -4158658.76741695      -2273167.960282285     57742.73772870984      
216671.378164724       -4168567.054621118     -2277581.268659104     57742.76897870984      
183191.389988434       -4178206.15152071      -2281994.479386387     57742.80022870984      
149592.7884472211      -4187574.921002523     -2286407.589171685     57742.83147870984      
115878.1407780031      -4196672.255599344     -2290820.594734291     57742.86272870984      
82050.02104867871      -4205497.07746092      -2295233.492806201     57742.89397870984      
48111.00973268768      -4214048.338317133     -2299646.280133051     57742.92522870984      
14063.69327893552      -4222325.019434103     -2304058.953475058     57742.95647870984      
-20089.33627512982     -4230326.131563003     -2308471.509607927     57742.98772870984      
-54345.48176627916     -4238050.714882542     -2312883.945323815     57743.01897870984      
-88702.14128519005     -4245497.838933987     -2317296.25743223      57743.05022870984      
-123156.7085920083     -4252666.602549905     -2321708.442760951     57743.08147870984      
-157706.5735280366     -4259556.133776023     -2326120.498156954     57743.11272870984      
-192349.1223834759     -4266165.589788054     -2330532.42048728      57743.14397870984      
-227081.7383408432     -4272494.156799622     -2334944.206639986     57743.17522870984      
-261901.8018343447     -4278541.049966556     -2339355.853525005     57743.20647870984      
-296806.6909448031     -4284305.513284016     -2343767.358075045     57743.23772870984      
-331793.7817821715     -4289786.81947796      -2348178.717246468     57743.26897870984      
-366860.448871538      -4294984.269890214     -2352589.92802017      57743.30022870984      
-402004.0654944545     -4299897.194361296     -2357000.987402427     57743.33147870984      
-437222.004105694      -4304524.951101255     -2361411.89242579      57743.36272870984      
-472511.6366651246     -4308866.926561601     -2365822.640149907     57743.39397870984      
-507870.3350047886     -4312922.535298952     -2370233.22766238      57743.42522870984      
-543295.471183065      -4316691.219834254     -2374643.652079604     57743.45647870984      
-578784.4178418639     -4320172.450506071     -2379053.910547588     57743.48772870984      
-614334.5485186845     -4323365.725324397     -2383464.000242769     57743.51897870984      
-649943.2380337736     -4326270.569809468     -2387873.918372847     57743.55022870984      
-685607.8627919316     -4328886.536836406     -2392283.66217756      57743.58147870984      
-721325.8011192094     -4331213.206470464     -2396693.228929492     57743.61272870984      
-757094.433594358      -4333250.18579775      -2401102.615934856     57743.64397870984      
-792911.1433349184     -4334997.108758799     -2405511.820534249     57743.67522870984      
-828773.3163581118     -4336453.635964602     -2409920.840103451     57743.70647870984      
-864678.3418562332     -4337619.454522456     -2414329.672054148     57743.73772870984      
-900623.612506717      -4338494.277851485     -2418738.313834691     57743.76897870984      
-936606.5247687685     -4339077.845496072     -2423146.762930823     57743.80022870984      
-972624.4791825269     -4339369.92293417      -2427555.016866416     57743.83147870984      
-1008674.880622857     -4339370.301391293     -2431963.07320415      57743.86272870984      
-1044755.138627481     -4339078.797633922     -2436370.929546262     57743.89397870984      
-1080862.667639778     -4338495.25377744      -2440778.583535196     57743.92522870984      
-1116994.887286        -4337619.537082655     -2445186.032854303     57743.95647870984      
-1153149.222638995     -4336451.539751438     -2449593.275228504     57743.98772870984      
-1189323.104484331     -4334991.17871769      -2454000.308424951     57744.01897870984      
-1225513.969541264     -4333238.395446731     -2458407.130253649     57744.05022870984      
-1261719.260757507     -4331193.15571107      -2462813.738568124     57744.08147870984      
-1297936.427519151     -4328855.449385354     -2467220.131266016     57744.11272870984      
-1334162.925894775     -4326225.290228803     -2471626.306289699     57744.14397870984      
-1370396.218866125     -4323302.715667895     -2476032.261626877     57744.17522870984      
-1406633.776553319     -4320087.786577377     -2480437.995311161     57744.20647870984      
-1442873.076442445     -4316580.58705705      -2484843.505422649     57744.23772870984      
-1479111.603568504     -4312781.224220153     -2489248.790088471     57744.26897870984      
-1515346.850771413     -4308689.827954487     -2493653.847483349     57744.30022870984      
-1551576.318868119     -4304306.550708111     -2498058.675830124     57744.33147870984      
-1587797.516858628     -4299631.567261136     -2502463.273400269     57744.36272870984      
-1624007.962118839     -4294665.074499069     -2506867.638514403     57744.39397870984      
-1660205.180595853     -4289407.291182335     -2511271.76954278      57744.42522870984      
-1696386.706959234     -4283858.457729934     -2515675.664905764     57744.45647870984      
-1732550.084824636     -4278018.835972787     -2520079.323074302     57744.48772870984      
-1768692.866894609     -4271888.708936094     -2524482.742570416     57744.51897870984      
-1804812.615132991     -4265468.380606671     -2528885.921967579     57744.55022870984      
-1840906.900926656     -4258758.175702761     -2533288.859891136     57744.58147870984      
-1876973.305249751     -4251758.439440287     -2537691.555018759     57744.61272870984      
-1913009.418784704     -4244469.537315813     -2542094.006080823     57744.64397870984      
-1949012.842114717     -4236891.854856059     -2546496.211860796     57744.67522870984      
-1984981.185834873     -4229025.797400806     -2550898.171195605     57744.70647870984      
-2020912.07069665      -4220871.789869376     -2555299.882975988     57744.73772870984      
-2056803.127739972     -4212430.276530714     -2559701.34614684      57744.76897870984      
-2092651.99842052      -4203701.720773815     -2564102.559707531     57744.80022870984      
-2128456.334739846     -4194686.604874825     -2568503.522712233     57744.83147870984      
-2164213.799333394     -4185385.429783561     -2572904.234270195     57744.86272870984      
-2199922.065628896     -4175798.714873002     -2577304.693546052     57744.89397870984      
-2235578.817925269     -4165926.997727013     -2581704.899760077     57744.92522870984      
-2271181.751504585     -4155770.833910145     -2586104.852188441     57744.95647870984      
-2306728.57273213      -4145330.796742038     -2590504.550163455     57744.98772870984      
-2342216.999159484     -4134607.477068581     -2594903.993073789     57745.01897870984      
-2377644.759586642     -4123601.483054798     -2599303.180364688     57745.05022870984      
-2413009.594193385     -4112313.43993755      -2603702.111538171     57745.08147870984      
-2448309.254593023     -4100743.989820499     -2608100.786153206     57745.11272870984      
-2483541.503918857     -4088893.791449811     -2612499.203825883     57745.14397870984      
-2518704.116899276     -4076763.519995197     -2616897.364229563     57745.17522870984      
-2553794.879928945     -4064353.866832322     -2621295.267095022     57745.20647870984      
-2588811.591143254     -4051665.539322036     -2625692.912210569     57745.23772870984      
-2623752.060453281     -4038699.260613787     -2630090.299422151     57745.26897870984      
-2658614.109648512     -4025455.769405237     -2634487.428633462     57745.30022870984      
-2693395.572424379     -4011935.819748646     -2638884.299806007     57745.33147870984      
-2728094.294442014     -3998140.180836318     -2643280.912959183     57745.36272870984      
-2762708.133377335     -3984069.63679224      -2647677.268170316     57745.39397870984      
-2797234.958966697     -3969724.986465404     -2652073.365574706     57745.42522870984      
-2831672.653056095     -3955107.043219972     -2656469.205365649     57745.45647870984      
-2866019.10961245      -3940216.634751899     -2660864.787794436     57745.48772870984      
-2900272.234801        -3925054.602858187     -2665260.113170361     57745.51897870984      
-2934429.946990137     -3909621.803257127     -2669655.18186069      57745.55022870984      
-2968490.176787918     -3893919.10538598      -2674049.994290628     57745.58147870984      
-3002450.867068602     -3877947.392205485     -2678444.550943272     57745.61272870984      
-3036309.972996252     -3861707.560006381     -2682838.852359543     57745.64397870984      
-3070065.462052165     -3845200.518212609     -2687232.899138117     57745.67522870984      
-3103715.314026066     -3828427.189213166     -2691626.691935322     57745.70647870984      
-3137257.521071521     -3811388.508142963     -2696020.231465045     57745.73772870984      
-3170690.0876917       -3794085.422718775     -2700413.518498602     57745.76897870984      
-3204011.030756089     -3776518.893050874     -2704806.553864614     57745.80022870984      
-3237218.379507989     -3758689.891462106     -2709199.338448854     57745.83147870984      
-3270310.175569562     -3740599.402309142     -2713591.873194087     57745.86272870984      
-3303284.472950946     -3722248.421800246     -2717984.159099904     57745.89397870984      
-3336139.33802491      -3703637.957843655     -2722376.197222519     57745.92522870984      
-3368872.849563654     -3684769.029841484     -2726767.988674585     57745.95647870984      
-3401483.098708995     -3665642.668542476     -2731159.53462497      57745.98772870984      
-3433968.188972724     -3646259.915868789     -2735550.836298533     57746.01897870984      
-3466326.236228473     -3626621.824750668     -2739941.894975882     57746.05022870984      
-3498555.368701614     -3606729.458963406     -2744332.711993123     57746.08147870984      
-3530653.726963421     -3586583.892960562     -2748723.28874159      57746.11272870984      
-3562619.463892624     -3566186.211739634     -2753113.626667569     57746.14397870984      
-3594450.744696815     -3545537.510649819     -2757503.727272009     57746.17522870984      
-3626145.746870467     -3524638.895262192     -2761893.592110209     57746.20647870984      
-3657702.66018219      -3503491.481212202     -2766283.22279151      57746.23772870984      
-3689119.68665424      -3482096.394050469     -2770672.620978965     57746.26897870984      
-3720395.040540513     -3460454.769095901     -2775061.788388993     57746.30022870984      
-3751526.948303073     -3438567.751291111     -2779450.726791028     57746.33147870984      
-3782513.648593143     -3416436.495053742     -2783839.438007156     57746.36272870984      
-3813353.39220162      -3394062.164162176     -2788227.923911735     57746.39397870984      
-3844044.442066636     -3371445.931579471     -2792616.186431011     57746.42522870984      
-3874585.07322153      -3348588.979343591     -2797004.22754271      57746.45647870984      
-3904973.572770892     -3325492.498427984     -2801392.049275638     57746.48772870984      
-3935208.239859659     -3302157.68861081      -2805779.653709245     57746.51897870984      
-3965287.385641176     -3278585.758346489     -2810167.042973199     57746.55022870984      
-3995209.33324426      -3254777.92463947      -2814554.219246943     57746.58147870984      
-4024972.417744805     -3230735.41291351      -2818941.184759231     57746.61272870984      
-4054574.986109186     -3206459.456917076     -2823327.941787669     57746.64397870984      
-4084015.397191565     -3181951.298563296     -2827714.492658237     57746.67522870984      
-4113292.021675606     -3157212.187839733     -2832100.839744797     57746.70647870984      
-4142403.242042935     -3132243.382686611     -2836486.985468603     57746.73772870984      
-4171347.452535423     -3107046.148883993     -2840872.932297784     57746.76897870984      
-4200123.059116854     -3081621.759941111     -2845258.682746835     57746.80022870984      
-4228728.479434012     -3055971.49698788      -2849644.239376082     57746.83147870984      
-4257162.142782341     -3030096.648661437     -2854029.604791156     57746.86272870984      
-4285422.49004567      -3003998.51103037      -2858414.781642436     57746.89397870984      
-4313507.973686499     -2977678.38744999      -2862799.772624498     57746.92522870984      
-4341417.057684815     -2951137.588490697     -2867184.580475548     57746.95647870984      
-4369148.217502157     -2924377.431832933     -2871569.207976855     57746.98772870984      
-4396699.940040266     -2897399.24217131      -2875953.657952161     57747.01897870984      
-4424070.723599457     -2870204.351120725     -2880337.93326709      57747.05022870984      
-4451259.077836808     -2842794.097124521     -2884722.036828559     57747.08147870984      
-4478263.523728822     -2815169.825357156     -2889105.971584154     57747.11272870984      
-4505082.593510532     -2787332.887666044     -2893489.740521531     57747.14397870984      
-4531714.830661512     -2759284.642441039     -2897873.346667782     57747.17522870984      
-4558158.789844708     -2731026.454560041     -2902256.793088803     57747.20647870984      
-4584413.036868879     -2702559.695299434     -2906640.082888664     57747.23772870984      
-4610476.148646304     -2673885.742253804     -2911023.219208952     57747.26897870984      
-4636346.713150562     -2645005.97925749      -2915406.205228126     57747.30022870984      
-4662023.329374368     -2615921.796307951     -2919789.044160851     57747.33147870984      
-4687504.607287575     -2586634.589490947     -2924171.739257334     57747.36272870984      
-4712789.167799508     -2557145.760899689     -2928554.293802647     57747.39397870984      
-4737875.642700355     -2527456.718594566     -2932936.711116051     57747.42522870984      
-4762762.674645182     -2497568.876487014     -2937318.994550303     57747.45647870984      
-4787448.917095676     -2467483.654302564     -2941701.147490968     57747.48772870984      
-4811933.034283484     -2437202.477506851     -2946083.173355721     57747.51897870984      
-4836213.701169567     -2406726.777240971     -2950465.075593635     57747.55022870984      
-4860289.603403904     -2376057.990258458     -2954846.857684475     57747.58147870984      
-4884159.437285566     -2345197.558863838     -2959228.523137993     57747.61272870984      
-4907821.909723136     -2314146.930852726     -2963610.075493185     57747.64397870984      
-4931275.738199338     -2282907.559445372     -2967991.518317585     57747.67522870984      
-4954519.650717291     -2251480.903262027     -2972372.855206525     57747.70647870984      
-4977552.385784888     -2219868.426219198     -2976754.089782401     57747.73772870984      
-5000372.692361898     -2188071.597507838     -2981135.225693932     57747.76897870984      
-5022979.329826521     -2156091.891532733     -2985516.26661542      57747.80022870984      
-5045371.067938647     -2123930.787861296     -2989897.216245996     57747.83147870984      
-5067546.686803682     -2091589.77117372      -2994278.078308876     57747.86272870984      
-5089504.976836931     -2059070.33121444      -2998658.856550597     57747.89397870984      
-5111244.738728583     -2026373.962744888     -3003039.55474026      57747.92522870984      
-5132764.783412518     -1993502.165489179     -3007420.176668768     57747.95647870984      
-5154063.932019494     -1960456.444122691     -3011800.726148063     57747.98772870984      
-5175141.015863609     -1927238.308178567     -3016181.207010352     57748.01897870984      
-5195994.876396661     -1893849.272038621     -3020561.623107334     57748.05022870984      
-5216624.365179616     -1860290.854883797     -3024941.978309429     57748.08147870984      
-5237028.343851468     -1826564.580654071     -3029322.276505007     57748.11272870984      
-5257205.684098789     -1792671.97800942      -3033702.521599592     57748.14397870984      
-5277155.267626009     -1758614.580291863     -3038082.717515097     57748.17522870984      
-5296875.986126399     -1724393.925488526     -3042462.868189032     57748.20647870984      
-5316366.741253822     -1690011.556195713     -3046842.97757372      57748.23772870984      
-5335626.444597888     -1655469.01957533      -3051223.049635514     57748.26897870984      
-5354654.017646444     -1620767.867355267     -3055603.088354004     57748.30022870984      
-5373448.391775813     -1585909.655744735     -3059983.097721231     57748.33147870984      
-5392008.508214731     -1550895.945436387     -3064363.081740892     57748.36272870984      
-5410333.318022656     -1515728.301566381     -3068743.044427556     57748.39397870984      
-5428421.782066165     -1480408.29368384      -3073122.989805868     57748.42522870984      
-5446272.870996139     -1444937.495721119     -3077502.921909752     57748.45647870984      
-5463885.565225774     -1409317.485964845     -3081882.844781628     57748.48772870984      
-5481258.854909413     -1373549.847027683     -3086262.762471609     57748.51897870984      
-5498391.739922198     -1337636.165820783     -3090642.679036716     57748.55022870984      
-5515283.22984054      -1301578.033527039     -3095022.598540078     57748.58147870984      
-5531932.34392547      -1265377.045566065     -3099402.525050144     57748.61272870984      
-5548338.111096617     -1229034.801604055     -3103782.462639892     57748.64397870984      
-5564499.569927559     -1192552.90547582      -3108162.415386027     57748.67522870984      
-5580415.768621383     -1155932.965195801     -3112542.387368206     57748.70647870984      
-5596085.76499746      -1119176.592925454     -3116922.382668237     57748.73772870984      
-5611508.626476996     -1082285.404949999     -3121302.405369291     57748.76897870984      
-5626683.43006943      -1045261.021655667     -3125682.459555121     57748.80022870984      
-5641609.262359685     -1008105.067507416     -3130062.549309269     57748.83147870984      
-5656285.219496283     -970819.1710271061     -3134442.678714284     57748.86272870984      
-5670710.407180301     -933404.9647720895     -3138822.851850941     57748.89397870984      
-5684883.940655187     -895864.0853141987     -3143203.07279746      57748.92522870984      
-5698804.944698803     -858198.1732100594     -3147583.345628722     57748.95647870984      
-5712472.553609425     -820408.8730169935     -3151963.674415502     57748.98772870984      
-5725885.911206475     -782497.8332187837     -3156344.063223687     57749.01897870984      
-5739044.17081812      -744466.7062421645     -3160724.516113503     57749.05022870984      
-5751946.495276759     -706317.1484283969     -3165105.037138755     57749.08147870984      
-5764592.056913924     -668050.8200141173     -3169485.630346054     57749.11272870984      
-5776980.037556048     -629669.3851124259     -3173866.299774053     57749.14397870984      
-5789109.62852103      -591174.5116941687     -3178247.049452693     57749.17522870984      
-5800980.030615668     -552567.8715694051     -3182627.883402435     57749.20647870984      
-5812590.45413389      -513851.1403690321     -3187008.805633522     57749.23772870984      
-5823940.118855827     -475025.9975265434     -3191389.820145209     57749.26897870984      
-5835028.254048381     -436094.1262506932     -3195770.930925039     57749.30022870984      
-5845854.0984631       -397057.2135442766     -3200152.141948078     57749.33147870984      
-5856416.900341985     -357916.9501309536     -3204533.457176189     57749.36272870984      
-5866715.917416855     -318675.0304741231     -3208914.880557304     57749.39397870984      
-5876750.416913175     -279333.1527498328     -3213296.416024668     57749.42522870984      
-5886519.675553923     -239893.0188288947     -3217678.067496139     57749.45647870984      
-5896022.979564235     -200356.3342589798     -3222059.838873451     57749.48772870984      
-5905259.624676826     -160724.8082466869     -3226441.734041499     57749.51897870984      
-5914228.916138156     -121000.1536395494     -3230823.756867635     57749.55022870984      
-5922930.16871535      -81184.08690797292     -3235205.911200936     57749.58147870984      
-5931362.706703884     -41278.32812707732     -3239588.200871535     57749.61272870984      
-5939525.863935971     -1284.600958429412     -3243970.629689892     57749.64397870984      
-5947418.983789692     38795.36736835755      -3248353.201446116     57749.67522870984      
-5955041.419198719     78959.84608349834      -3252735.919909273     57749.70647870984      
-5962392.532663294     119207.1008584475      -3257118.788826706     57749.73772870984      
-5969471.696260912     159535.3938807424      -3261501.811923354     57749.76897870984      
-5976278.291658567     199942.9838358145      -3265884.992901082     57749.80022870984      
-5982811.710125272     240428.1259356281      -3270268.335438011     57749.83147870984      
-5989071.352545342     280989.0719382345      -3274651.843187867     57749.86272870984      
-5995056.629432308     321624.0701675774      -3279035.519779316     57749.89397870984      
-6000766.960943458     362331.3655335639      -3283419.368815318     57749.92522870984      
-6006201.776895043     403109.1995524223      -3287803.39387249      57749.95647870984      
-6011360.51677807      443955.8103673537      -3292187.598500464     57749.98772870984      
-6016242.62977471      484869.4327695005      -3296571.986221256     57750.01897870984      
-6020847.574775305     525848.2982192396      -3300956.560528647     57750.05022870984      
-6025174.820395934     566890.6348678197      -3305341.324887559     57750.08147870984      
-6029223.844996586     607994.6675793561      -3309726.28273345      57750.11272870984      
-6032994.136698832     649158.6179625725      -3314111.437471703     57750.14397870984      
-6036485.193409064     690380.70435602        -3318496.792477037     57750.17522870984      
-6039696.522832393     731659.1419075084      -3322882.351092906     57750.20647870984      
-6042627.642496786     772992.1425601308      -3327268.116630921     57750.23772870984      
-6045278.079772928     814377.9150856151      -3331654.092370267     57750.26897870984      
-6047647.371895485     855814.6651087272      -3336040.281557143     57750.30022870984      
-6049735.065984872     897300.5951321161      -3340426.687404187     57750.33147870984      
-6051540.719069473     938833.9045616199      -3344813.313089925     57750.36272870984      
-6053063.898108293     980412.7897320311      -3349200.161758222     57750.39397870984      
-6054304.180014067     1022035.443933345      -3353587.236517739     57750.42522870984      
-6055261.151676774     1063700.057437492      -3357974.5404414       57750.45647870984      
-6055934.409987546     1105404.817525562      -3362362.076565862     57750.48772870984      
-6056323.561862993     1147147.908515547      -3366749.847890996     57750.51897870984      
-6056428.224269878     1188927.51179059       -3371137.857379378     57750.55022870984      
-6056248.02425016      1230741.805827756      -3375526.107955784     57750.58147870984      
-6055782.598946392     1272588.966227345      -3379914.602506685     57750.61272870984      
-6055031.595625401     1314467.165752089      -3384303.34387977      57750.64397870984      
-6053994.6717124       1356374.574320147      -3388692.334883453     57750.67522870984      
-6052671.494805316     1398309.359092167      -3393081.578286411     57750.70647870984      
-6051061.742709348     1440269.684465398      -3397471.076817103     57750.73772870984      
-6049165.103461896     1482253.712115123      -3401860.833163329     57750.76897870984      
-6046981.27535972      1524259.601027326      -3406250.849971767     57750.80022870984      
-6044509.966986308     1566285.507531941      -3410641.129847537     57750.83147870984      
-6041750.897239511     1608329.58533668       -3415031.675353763     57750.86272870984      
-6038703.795359357     1650389.985561464      -3419422.489011154     57750.89397870984      
-6035368.400956064     1692464.856773451      -3423813.573297578     57750.92522870984      
-6031744.464038252     1734552.345022663      -3428204.930647656     57750.95647870984      
-6027831.745041289     1776650.593878226      -3432596.563452363     57750.98772870984      
-6023630.014855812     1818757.744465218      -3436988.474058629     57751.01897870984      
-6019139.05485636      1860871.935502137      -3441380.664768957     57751.05022870984      
-6014358.65693014      1902991.303338986      -3445773.137841052     57751.08147870984      
-6009288.623505885     1945113.981995976      -3450165.895487442     57751.11272870984      
-6003928.767582806     1987238.103202862      -3454558.939875122     57751.14397870984      
-5998278.912759604     2029361.796438902      -3458952.27312521      57751.17522870984      
-5992338.893260377     2071483.18898263       -3463345.897312594     57751.20647870984      
-5986108.553976387     2113600.405916317      -3467739.814465594     57751.23772870984      
-5979587.750476311     2155711.570222986      -3472134.026565649     57751.26897870984      
-5972776.349047934     2197814.802792109      -3476528.535546993     57751.30022870984      
-5965674.22672417      2239908.22247193       -3480923.343296347     57751.33147870984      
-5958281.271312192     2281989.946113224      -3485318.451652607     57751.36272870984      
-5950597.381422529     2324058.088613685      -3489713.86240657      57751.39397870984      
-5942622.466498112     2366110.762962956      -3494109.577300636     57751.42522870984      
-5934356.446843245     2408146.080288287      -3498505.598028543     57751.45647870984      
-5925799.253652508     2450162.149900837      -3502901.926235093     57751.48772870984      
-5916950.829039563     2492157.079342601      -3507298.563515896     57751.51897870984      
-5907811.126065848     2534128.974433971      -3511695.511417124     57751.55022870984      
-5898380.108769145     2576075.939321921      -3516092.771435263     57751.58147870984      
-5888657.752192021     2617996.076528839      -3520490.345016893     57751.61272870984      
-5878644.042410101     2659887.487001963      -3524888.233558452     57751.64397870984      
-5868338.976560183     2701748.270163447      -3529286.438406028     57751.67522870984      
-5857742.562868177     2743576.523961059      -3533684.960855151     57751.70647870984      
-5846854.820676828     2785370.34491948       -3538083.802150595     57751.73772870984      
-5835675.780473256     2827127.828192227      -3542482.963486194     57751.76897870984      
-5824205.483916256     2868847.06761418       -3546882.446004652     57751.80022870984      
-5812443.983863366     2910526.155754728      -3551282.250797381     57751.83147870984      
-5800391.344397679     2952163.183971497      -3555682.378904331     57751.86272870984      
-5788047.640854404     2993756.242464689      -3560082.831313846     57751.89397870984      
-5775412.95984251      3035303.420340812      -3564483.608962504     57751.92522870984      
-5762487.399289153     3076802.805632997      -3568884.712734983     57751.95647870984      
-5749271.06843779      3118252.485409919      -3573286.14346395      57751.98772870984      
-5735764.087891869     3159650.545797243      -3577687.901929919     57752.01897870984      
-5721966.589635281     3200995.072043675      -3582089.988861152     57752.05022870984      
-5707878.717057081     3242284.148578788      -3586492.40493355      57752.08147870984      
-5693500.624975808     3283515.859071387      -3590895.150770567     57752.11272870984      
-5678832.479663472     3324688.286488425      -3595298.226943116     57752.14397870984      
-5663874.458869145     3365799.513154487      -3599701.633969499     57752.17522870984      
-5648626.751842173     3406847.62081178       -3604105.37231533      57752.20647870984      
-5633089.559354975     3447830.690680682      -3608509.442393487     57752.23772870984      
-5617263.093725441     3488746.803520799      -3612913.844564054     57752.26897870984      
-5601147.578838901     3529594.039692547      -3617318.579134271     57752.30022870984      
-5584743.250169647     3570370.479219218      -3621723.646358519     57752.33147870984      
-5568050.354802036     3611074.201849588      -3626129.046438272     57752.36272870984      
-5551069.151451103     3651703.28712098       -3630534.779522098     57752.39397870984      
-5533799.910482741     3692255.814422816      -3634940.845705636     57752.42522870984      
-5516242.913933373     3732729.86306066       -3639347.245031604     57752.45647870984      
-5498398.45552915      3773123.512320704      -3643753.977489806     57752.48772870984      
-5480266.84070466      3813434.841534727      -3648161.043017145     57752.51897870984      
-5461848.386621119     3853661.930145486      -3652568.441497644     57752.55022870984      
-5443143.422184038     3893802.857772551      -3656976.172762493     57752.58147870984      
-5424152.288060394     3933855.704278567      -3661384.23659007      57752.61272870984      
-5404875.336695233     3973818.549835932      -3665792.632706006     57752.64397870984      
-5385312.932327746     4013689.474993878      -3670201.360783239     57752.67522870984      
-5365465.451006809     4053466.560745956      -3674610.420442072     57752.70647870984      
-5345333.280605925     4093147.888597899      -3679019.811250257     57752.73772870984      
-5324916.820837646     4132731.540635865      -3683429.532723072     57752.76897870984      
-5304216.483267372     4172215.599595039      -3687839.584323409     57752.80022870984      
-5283232.691326614     4211598.148928604      -3692249.965461875     57752.83147870984      
-5261965.88032563      4250877.272877027      -3696660.675496897     57752.86272870984      
-5240416.497465493     4290051.056537709      -3701071.713734838     57752.89397870984      
-5218585.001849535     4329117.585934931      -3705483.079430118     57752.92522870984      
-5196471.864494188     4368074.948090116      -3709894.771785341     57752.95647870984      
-5174077.568339234     4406921.231092396      -3714306.789951437     57752.98772870984      
-5151402.608257386     4445654.52416945       -3718719.133027805     57753.01897870984      
-5128447.4910565       4484272.917766369      -3723131.800062478     57753.05022870984      
-5105212.735514996     4522774.503586032      -3727544.790052245     57753.08147870984      
-5081698.872349044     4561157.374707303      -3731958.101942881     57753.11272870984      
-5057906.444246601     4599419.625625811      -3736371.734629274     57753.14397870984      
-5033836.005867102     4637559.352333833      -3740785.686955635     57753.17522870984      
-5009488.123847243     4675574.652392609      -3745199.957715678     57753.20647870984      
-4984863.37680609      4713463.625004824      -3749614.545652827     57753.23772870984      
-4959962.355349555     4751224.371087334      -3754029.449460414     57753.26897870984      
-4934785.662074189     4788854.993344019      -3758444.667781902     57753.30022870984      
-4909333.911570331     4826353.596338836      -3762860.199211114     57753.33147870984      
-4883607.730424563     4863718.286568997      -3767276.042292439     57753.36272870984      
-4857607.757221526     4900947.172538294      -3771692.19552109      57753.39397870984      
-4831334.642545057     4938038.364830565      -3776108.657343341     57753.42522870984      
-4804789.048978616     4974989.976183246      -3780525.426156779     57753.45647870984      
-4777971.651105109     5011800.121561034      -3784942.500310563     57753.48772870984      
-4750883.135505962     5048466.918229664      -3789359.878105687     57753.51897870984      
-4723524.200759571     5084988.485829705      -3793777.557795258     57753.55022870984      
-4695895.557439046     5121362.946450481      -3798195.537584774     57753.58147870984      
-4667997.928109284     5157588.424703984      -3802613.815632409     57753.61272870984      
-4639832.047323357     5193663.047798868      -3807032.39004931      57753.64397870984      
-4611398.66161825      5229584.945614446      -3811451.258899902     57753.67522870984      
-4582698.529509875     5265352.250774696      -3815870.420202182     57753.70647870984      
-4553732.421487447     5300963.098722264      -3820289.871928053     57753.73772870984      
-4524501.120007166     5336415.627792482      -3824709.61200363      57753.76897870984      
-4495005.419485221     5371707.979287306      -3829129.638309578     57753.80022870984      
-4465246.126290143     5406838.297549263      -3833549.948681443     57753.83147870984      
-4435224.058734452     5441804.730035315      -3837970.540909996     57753.86272870984      
-4404940.04706567      5476605.427390683      -3842391.412741577     57753.89397870984      
-4374394.933456636     5511238.543522556      -3846812.561878457     57753.92522870984      
-4343589.571995189     5545702.235673757      -3851233.985979196     57753.95647870984      
-4312524.82867316      5579994.664496265      -3855655.682659009     57753.98772870984      
-4281201.581374719     5614113.994124646      -3860077.649490141     57754.01897870984      
-4249620.719864083     5648058.392249356      -3864499.884002255     57754.05022870984      
-4217783.145772547     5681826.030189892      -3868922.383682807     57754.08147870984      
-4185689.77258488      5715415.082967798      -3873345.145977447     57754.11272870984      
-4153341.525625092     5748823.729379519      -3877768.168290416     57754.14397870984      
-4120739.342041545     5782050.152069057      -3882191.447984957     57754.17522870984      
-4087884.170791445     5815092.537600461      -3886614.982383716     57754.20647870984      
-4054776.972624703     5847949.076530115      -3891038.768769167     57754.23772870984      
-4021418.72006717      5880617.963478802      -3895462.804384035     57754.26897870984      
-3987810.397403269     5913097.397203556      -3899887.086431724     57754.30022870984      
-3953953.000658007     5945385.58066929       -3904311.612076753     57754.33147870984      
-3919847.537578391     5977480.721120169      -3908736.378445198     57754.36272870984      
-3885495.027614243     6009381.030150718      -3913161.382625133     57754.39397870984      
-3850896.50189843      6041084.723776703      -3917586.621667092     57754.42522870984      
-3816053.003226503     6072590.022505681      -3922012.092584521     57754.45647870984      
-3780965.586035784     6103895.15140731       -3926437.792354241     57754.48772870984      
-3745635.316383852     6134998.340183339      -3930863.71791692      57754.51897870984      
-3710063.271926493     6165897.823237286      -3935289.866177546     57754.55022870984      
-3674250.541895103     6196591.839743827      -3939716.234005909     57754.58147870984      
-3638198.227073524     6227078.633717814      -3944142.818237082     57754.61272870984      
-3601907.43977437      6257356.454082997      -3948569.615671912     57754.64397870984      
-3565379.303814814     6287423.554740374      -3952996.623077527     57754.67522870984      
-3528614.954491859     6317278.194636196      -3957423.837187815     57754.70647870984      
-3491615.538557118     6346918.637829599      -3961851.254703949     57754.73772870984      
-3454382.214191063     6376343.153559878      -3966278.872294887     57754.76897870984      
-3416916.150976824     6405550.016313354      -3970706.686597899     57754.80022870984      
-3379218.529873485     6434537.505889874      -3975134.694219066     57754.83147870984      
-3341290.543188921     6463303.907468898      -3979562.891733835     57754.86272870984      
-3303133.394552175     6491847.511675185      -3983991.275687524     57754.89397870984      
-3264748.298885392     6520166.614644047      -3988419.84259587      57754.92522870984      
-3226136.482375306     6548259.518086219      -3992848.588945559     57754.95647870984      
-3187299.182454204     6576124.529347481      -3997277.51119477      57754.98772870984      
-3148237.647731084     6603759.961491798      -4001706.605773763     57755.01897870984      
-3108953.138021081     6631164.133336033      -4006135.869085359     57755.05022870984      
-3069446.924275923     6658335.369532304      -4010565.297505552     57755.08147870984      
-3029720.288563251     6685272.000625785      -4014994.887384049     57755.11272870984      
-2989774.524035736     6711972.363116856      -4019424.635044846     57755.14397870984      
-2949610.934899835     6738434.799522813      -4023854.53678679      57755.17522870984      
-2909230.836384207     6764657.658439089      -4028284.588884154     57755.20647870984      
-2868635.554707791     6790639.294599982      -4032714.787587219     57755.23772870984      
-2827826.427047576     6816378.068938928      -4037145.129122851     57755.26897870984      
-2786804.801506055     6841872.348648273      -4041575.609695089     57755.30022870984      
-2745572.037078389     6867120.50723853       -4046006.225485732     57755.33147870984      
-2704129.503619289     6892120.924597169      -4050436.972654938     57755.36272870984      
-2662478.581809642     6916871.987046896      -4054867.847341814     57755.39397870984      
-2620620.663122859     6941372.087403412      -4059298.845665018     57755.42522870984      
-2578557.149790998     6965619.625032681      -4063729.963723361     57755.45647870984      
-2536289.454770666     6989613.005907685      -4068161.197596423     57755.48772870984      
-2493819.001708687     7013350.642664655      -4072592.543345156     57755.51897870984      
-2451147.224907585     7036830.954658797      -4077023.997012496     57755.55022870984      
-2408275.569290871     7060052.368019481      -4081455.554623986     57755.58147870984      
-2365205.490368161     7083013.315704944      -4085887.212188394     57755.61272870984      
-2321938.454200138     7105712.23755642       -4090318.965698335     57755.64397870984      
-2278475.937363354     7128147.580351802      -4094750.811130896     57755.67522870984      
-2234819.42691492      7150317.797858735      -4099182.744448267     57755.70647870984      
-2190970.420357069     7172221.35088722       -4103614.761598377     57755.73772870984      
-2146930.42560161      7193856.707341676      -4108046.858515523     57755.76897870984      
-2102700.960934308     7215222.342272472      -4112479.031121012     57755.80022870984      
-2058283.554979166     7236316.73792693       -4116911.27532379      57755.83147870984      
-2013679.746662676     7257138.383799851      -4121343.587021099     57755.86272870984      
-1968891.085178        7277685.776683456      -4125775.962099116     57755.89397870984      
-1923919.129949126     7297957.420716848      -4130208.396433595     57755.92522870984      
-1878765.450595017     7317951.827434946      -4134640.885890526     57755.95647870984      
-1833431.626893737     7337667.515816882      -4139073.426326782     57755.98772870984      
-1787919.248746607     7357103.012333926      -4143506.013590768     57756.01897870984      
-1742229.916142375     7376256.850996853      -4147938.643523089     57756.05022870984      
-1696365.239121431     7395127.57340284       -4152371.311957195     57756.08147870984      
-1650326.837751222     7413713.728779355      -4156804.01472004      57756.11272870984      
-1604116.342046035     7432013.87403999       -4161236.747632779     57756.14397870984      
-1557735.391998205     7450026.573814814      -4165669.506511377     57756.17522870984      
-1511185.637498135     7467750.400505335      -4170102.287167297     57756.20647870984      
-1464468.738310048     7485183.934326367      -4174535.085408185     57756.23772870984      
-1417586.364036738     7502325.763349945      -4178967.897038505     57756.26897870984      
-1370540.194084469     7519174.48354874       -4183400.71786024      57756.30022870984      
-1323331.917628027     7535728.698839068      -4187833.543673536     57756.33147870984      
-1275963.233575938     7551987.021123352      -4192266.37027739      57756.36272870984      
-1228435.850535872     7567948.070332177      -4196699.193470317     57756.39397870984      
-1180751.486780244     7583610.474465891      -4201132.009051026     57756.42522870984      
-1132911.870212019     7598972.869635741      -4205564.812819089     57756.45647870984      
-1084918.738330748     7614033.900104582      -4209997.600575626     57756.48772870984      
-1036773.838198844     7628792.218327166      -4214430.368123972     57756.51897870984      
-988478.9264081018     7643246.484989997      -4218863.111270367     57756.55022870984      
-940035.7690464843     7657395.369050774      -4223295.82582461      57756.58147870984      
-891446.1416651959     7671237.547777439      -4227728.507600765     57756.61272870984      
-842711.8292460412     7684771.70678684       -4232161.152417823     57756.64397870984      
-793834.6261690889     7697996.540082975      -4236593.756100384     57756.67522870984      
-744816.3361806531     7710910.750094892      -4241026.314479332     57756.70647870984      
-695658.7723616118     7723513.047714228      -4245458.823392527     57756.73772870984      
-646363.7570960593     7735802.152332362      -4249891.278685471     57756.76897870984      
-596933.12205199       7747776.791876381      -4254323.676211979     57756.80022870984      
-547368.708104031      7759435.70284918       -4258756.011834909     57756.83147870984      
-497672.3653731516     7770777.630360123      -4263188.281426765     57756.86272870984      
-447845.9531502071     7781801.328164651      -4267620.480870427     57756.89397870984      
-397891.3398781528     7792505.558698935      -4272052.606059812     57756.92522870984      
-347810.4031230184     7802889.093115145      -4276484.652900553     57756.95647870984      
-297605.0295453193     7812950.711316468      -4280916.61731068      57756.98772870984      
-277856.706046684      7816813.431272923      -4282656.943363521     57757                  
