330066.6184330863      -198291.4370893394     -111000.8864250852     57727                  
330099.749037567       -198249.8401643799     -110978.696494297      57727.00069444445      
330371.9528681943      -197907.5762163943     -110796.1105418553     57727.00640573971      
330783.1123608169      -197388.8934618551     -110519.3948970836     57727.01505186895      
330816.0879659798      -197347.2053774853     -110497.1535784044     57727.01574631339      
330838.6163904873      -197318.7171037904     -110481.9545154576     57727.01622083383      
330871.5799440671      -197277.0219582279     -110459.7092157481     57727.01691527828      
331131.8831617889      -196947.3016908997     -110283.7915552683     57727.02240440577      
332605.2683135992      -195065.2105865414     -109279.4770027709     57727.05365440577      
334064.0799426272      -193174.7261995258     -108270.4274865385     57727.08490440577      
335508.2556590923      -191275.9331461642     -107256.6882871584     57727.11615440577      
336937.7336607148      -189368.9163251944     -106238.3048469677     57727.14740440577      
338352.4527308689      -187453.7609186471     -105215.3227704944     57727.17865440577      
339752.3522405797      -185530.5523877114     -104187.7878222288     57727.20990440577      
341137.3721501995      -183599.3764689181     -103155.7459245643     57727.24115440577      
342507.4530088549      -181660.3191733968     -102119.2431573797     57727.27240440577      
343862.5359563535      -179713.4667827483     -101078.3257558129     57727.30365440577      
345202.5627238363      -177758.9058466228     -100033.0401089469     57727.33490440577      
346527.4756346637      -175796.723179971      -98983.43275831972     57727.36615440577      
347837.2176050572      -173827.0058606536     -97929.55039662628     57727.39740440577      
349131.7321461075      -171849.8412249708     -96871.43986530721     57727.42865440577      
350410.9633620944      -169865.3168687812     -95809.14815512877     57727.45990440577      
351674.8559542968      -167873.5206402602     -94742.72240228769     57727.49115440577      
352923.355220415       -165874.5406392877     -93672.20988806438     57727.52240440577      
354156.4070540776      -163868.4652168941     -92597.65803850778     57727.55365440577      
355373.9579484938      -161855.3829679949     -91519.11442052588     57727.58490440577      
356575.9549948198      -159835.3827326167     -90436.62674252359     57727.61615440577      
357762.3458840231      -157808.5535914783     -89350.24285201737     57727.64740440577      
358933.0789072167      -155774.9848640655     -88260.01073458532     57727.67865440577      
360088.1029572309      -153734.7661045653     -87165.97851166985     57727.70990440577      
361227.3675281088      -151687.9871014048     -86068.19444031265     57727.74115440577      
362350.8227166624      -149634.7378732109     -84966.70691097093     57727.77240440577      
363458.4192229814      -147575.1086665757     -83861.56444630118     57727.80365440577      
364550.1083509474      -145509.1899538402     -82752.81569995329     57727.83490440577      
365625.8420098889      -143437.0724286969     -81640.50945419373     57727.86615440577      
366685.5727131693      -141358.8470076532     -80524.69462067416     57727.89740440577      
367729.2535813435      -139274.6048227296     -79405.42023649534     57727.92865440577      
368756.8383416638      -137184.4372211104     -78282.73546400273     57727.95990440577      
369768.2813276799      -135088.4357648444     -77156.68959060972     57727.99115440577      
370763.5374822466      -132986.6922235315     -76027.33202485323     57728.02240440577      
371742.5623561849      -130879.298575886      -74894.7122972175      57728.05365440577      
372705.3121098255      -128766.3470053995     -73758.88005778784     57728.08490440577      
373651.7435132961      -126647.9298986078     -72619.88507530381     57728.11615440577      
374581.8139479792      -124524.1398407521     -71477.77723481088     57728.14740440577      
375495.4814053176      -122395.0696174472     -70332.6065385426      57728.17865440577      
376392.7044895738      -120260.8122073651     -69184.42310197093     57728.20990440577      
377273.4424174302      -118121.4607820458     -68033.27715368924     57728.24115440577      
378137.655017689       -115977.1087057528     -66879.2190353202      57728.27240440577      
378985.3027340371      -113827.8495277707     -65722.29919735659     57728.30365440577      
379816.3466232026      -111673.7769860669     -64562.56820111773     57728.33490440577      
380630.7483576596      -109514.9849995965     -63400.07671459319     57728.36615440577      
381428.4702252939      -107351.5676681973     -62234.87551237171     57728.39740440577      
382209.4751291727      -105183.6192725262     -61067.01547559383     57728.42865440577      
382973.726589952       -103011.2342667381     -59896.54758799492     57728.45990440577      
383721.1887449212      -100834.5072803497     -58723.52293689563     57728.49115440577      
384451.8263492793      -98653.53311399725     -57547.99271090292     57728.52240440577      
385165.60477645        -96468.40673788499     -56370.0081990613      57728.55365440577      
385862.4900192806      -94279.22328754516     -55189.62078855392     57728.58490440577      
386542.4486892548      -92086.07806579018     -54006.88196574274     57728.61615440577      
387205.4480186749      -89889.06653540042     -52821.84331221349     57728.64740440577      
387851.4558604712      -87688.28431916071     -51634.55650478225     57728.67865440577      
388480.4406881199      -85483.82719993137     -50445.07331552236     57728.70990440577      
389092.3715975857      -83275.79111372757     -49253.44560801872     57728.74115440577      
389687.2183071878      -81064.27214979855     -48059.72533739848     57728.77240440577      
390264.9511575716      -78849.36655074045     -46863.96455038061     57728.80365440577      
390825.5411136458      -76631.1707051901      -45666.21538132092     57728.83490440577      
391368.959764017       -74409.78114990631     -44466.53005332406     57728.86615440577      
391895.1793220883      -72185.2945656076      -43264.96087598551     57728.89740440577      
392404.1726265403      -69957.80777516488     -42061.56024440446     57728.92865440577      
392895.9131419176      -67727.41774141203     -40856.38063799062     57728.95990440577      
393370.3749591357      -65494.22156536065     -39649.47461948948     57728.99115440577      
393827.5327964856      -63258.31648205547     -38440.89483273218     57729.02240440577      
394267.3619993308      -61019.79986275387     -37230.69400380377     57729.05365440577      
394689.8385417659      -58778.7692076396      -36018.92493709503     57729.08490440577      
395094.9390267087      -56535.32214604239     -34805.64051541097     57729.11615440577      
395482.6406861075      -54289.55643668168     -33590.89370009374     57729.14740440577      
395852.9213824787      -52041.56996038539     -32374.73752707566     57729.17865440577      
396205.7596087494      -49791.46072232773     -31157.22510808029     57729.20990440577      
396541.1344891747      -47539.32684833094     -29938.40962861326     57729.24115440577      
396859.0257801329      -45285.26658156329     -28718.3443461668      57729.27240440577      
397159.413870407       -43029.3782828259      -27497.08259036653     57729.30365440577      
397442.2797820682      -40771.76042686927     -26274.6777609697      57729.33490440577      
397707.6051710206      -38512.51160110356     -25051.18332715911     57729.36615440577      
397955.3723278845      -36251.73050152337     -23826.65282532843     57729.39740440577      
398185.5641781701      -33989.51593502497     -22601.13986032993     57729.42865440577      
398398.1642835258      -31725.96681214895     -21374.69810153639     57729.45990440577      
398593.1568421291      -29461.18214741175     -20147.38128301301     57729.49115440577      
398770.5266891961      -27195.26105965106     -18919.24320369834     57729.52240440577      
398913.3638849884      -25180.51335810376     -17827.06982048601     57729.55017834913      
398989.4574195414      -24017.36254262156     -17196.46436017755     57729.56620799169      
399044.9054352869      -23121.21448735687     -16710.5784192156      57729.57855577947      
399078.497902844       -22555.27034079205     -16403.71052022505     57729.58635281778      
399104.5170327112      -22103.58748004868     -16158.78856218315     57729.59257515902      
399124.3267764066      -21751.23301779489     -15967.72111480534     57729.59742885221      
399139.6830517516      -21472.71372222665     -15816.68796984401     57729.60126527575      
399151.9219154682      -21247.18770436585     -15694.38932104209     57729.60437163135      
399162.0907579279      -21057.3051086262      -15591.41788162905     57729.60698695875      
399168.7462957525      -20931.75402753944     -15523.33199398248     57729.60871618224      
399174.1299959753      -20829.43840958634     -15467.84614860589     57729.61012535834      
399178.3828639764      -20748.12572211714     -15423.74991315818     57729.6112452494       
399181.4749840145      -20688.73105276468     -15391.53975117265     57729.61206326286      
399184.6314051161      -20627.85934306237     -15358.52843389701     57729.6129016115       
399187.4805754746      -20572.70064187114     -15328.61520919048     57729.61366127198      
399190.2425496953      -20519.03551998492     -15299.51185434293     57729.61440035664      
399192.8358003703      -20468.47254047214     -15272.09073042934     57729.61509671286      
399195.9912677711      -20406.7148402593      -15238.59839001417     57729.61594723651      
399199.1904744329      -20343.83724242113     -15204.49855267551     57729.61681317558      
399203.1303445561      -20266.03248642695     -15162.30318747614     57729.61788467803      
399208.156850198       -20166.16605063263     -15108.14289721307     57729.61925998955      
399214.5646550731      -20037.85543321284     -15038.55597005103     57729.62102699184      
399222.7967927306      -19871.32297901755     -14948.23914984655     57729.62332031055      
399233.6645685271      -19648.45302143927     -14827.36665580565     57729.6263893701       
399247.4308412482      -19360.9674208331      -14671.44725056898     57729.63034808933      
399264.9197165456      -18986.85191287522     -14468.53871915329     57729.63549948609      
399287.1255831245      -18496.22508490274     -14202.42967160788     57729.64225480647      
399315.1487654248      -17849.09584573731     -13851.42131253753     57729.65116432714      
399350.0627150711      -16991.61775371577     -13386.292354084       57729.66296880446      
399392.5972131796      -15850.72557735715     -12767.38351118125     57729.67867312032      
399442.4228884671      -14327.10698638452     -11940.77353816457     57729.69964274904      
399496.683153234       -12285.34588637123     -10832.91108016366     57729.72773907735      
399540.2107316139      -10014.04693115005     -9600.307125691364     57729.75898907735      
399566.011865852       -7742.464942141659     -8367.345444078504     57729.79023907735      
399574.0775268012      -5470.699908911881     -7134.080385615225     57729.82148907735      
399564.3993304208      -3198.851901873085     -5900.566352676409     57729.85273907735      
399536.9695385646      -927.0210682641219     -4666.857797534901     57729.88398907735      
399491.7810598404      1344.692365448365      -3433.009223661685     57729.91523907735      
399428.8274503823      3616.188100796543      -2199.075181797943     57729.94648907735      
399348.1029146933      5887.365766913304      -965.1102701672894     57729.97773907735      
399249.6023066107      8158.124920134904      268.8308653109037      57730.00898907735      
399133.3211300011      10428.36505082268      1502.693534730799      57730.04023907735      
398999.2555396964      12697.98558296395      2736.423003986381      57730.07148907735      
398847.4023425547      14966.88587377659      3969.964494558355      57730.10273907735      
398677.7589980496      17234.96522092888      5203.263187440924      57730.13398907735      
398490.3236194596      19502.12286014113      6436.264221839996      57730.16523907735      
398285.0949746739      21768.25796920133      7668.912697358007      57730.19648907735      
398062.0724872033      24033.26966917806      8901.153674654855      57730.22773907735      
397821.256236936       26297.05702843568      10132.93217763324      57730.25898907735      
397562.6469615672      28559.51906025406      11364.19319214417      57730.29023907735      
397286.2460570436      30820.55473004774      12594.88166991542      57730.32148907735      
396992.0555787915      33080.06295498942      13824.94252834735      57730.35273907735      
396680.0782430759      35337.94260364621      15054.32065031422      57730.38398907735      
396350.3174273488      37594.09250319894      16282.96088809406      57730.41523907735      
396002.7771718795      39848.41143709074      17510.80806208786      57730.44648907735      
395637.4621805502      42100.79814906349      18737.8069630165       57730.47773907735      
395254.3778220558      44351.1513444091       19963.90235260087      57730.50898907735      
394853.5301307252      46599.36969361211      21189.03896554485      57730.54023907735      
394434.9258080357      48845.35183202461      22413.16150935621      57730.57148907735      
393998.5722235495      51088.99636312657      23636.21466612079      57730.60273907735      
393544.4774157277      53330.20186218169      24858.14309449283      57730.63398907735      
393072.6500939584      55568.86687396307      26078.89142845205      57730.66523907735      
392583.099638695       57804.88991998884      27298.40428124532      57730.69648907735      
392075.8361030989      60038.16949824076      28516.62624523017      57730.72773907735      
391550.8702148105      62268.60408290845      29733.50189173094      57730.75898907735      
391008.2133759985      64496.09213163161      30948.97577498517      57730.79023907735      
390447.8776655956      66720.53208328914      32162.99243093313      57730.82148907735      
389869.8758400967      68941.82236210638      33375.4963794539       57730.85273907735      
389274.2213350294      71159.86137901676      34586.43212510322      57730.88398907735      
388660.9282657076      73374.54753577756      35795.7441593548       57730.91523907735      
388030.0114297173      75585.779222836        37003.37695942918      57730.94648907735      
387381.4863068379      77793.45482659823      38209.27499225632      57730.97773907735      
386715.3690610027      79997.47272927263      39413.38271438413      57731.00898907735      
386031.6765423873      82197.73130874919      40615.64457190484      57731.04023907735      
385330.4262873704      84394.12894549349      41816.00500421393      57731.07148907735      
384611.6365206001      86586.56402244247      43014.40844394601      57731.10273907735      
383875.3261571891      88774.93492493975      44210.79931693061      57731.13398907735      
383121.514802479       90959.14004803517      45405.1220461738       57731.16523907735      
382350.2227550241      93139.07779412733      46597.3210505605       57731.19648907735      
381561.4710067159      95314.64657912098      47787.34074821196      57731.22773907735      
380755.2812459057      97485.74483012847      48975.12555521872      57731.25898907735      
379931.6758570899      99652.27099280139      50160.61988964067      57731.29023907735      
379090.6779232243      101814.1235313709      51343.76817151911      57731.32148907735      
378232.3112281643      103971.2009287361      52524.5148229133       57731.35273907735      
377356.6002562654      106123.4016938158      53702.80427191291      57731.38398907735      
376463.5701955819      108270.6243597627      54878.58095164857      57731.41523907735      
375553.2469386881      110412.7674883014      56051.78930265422      57731.44648907735      
374625.65708458        112549.7296714214      57222.37377378166      57731.47773907735      
373680.8279394525      114681.4095357358      58390.27882457436      57731.50898907735      
372718.7875201423      116807.705740832       59555.44892435022      57731.54023907735      
371739.5645536011      118928.5169866861      60717.8285562494       57731.57148907735      
370743.1884795197      121043.7420139367      61877.3622173703       57731.60273907735      
369729.6894530765      123153.2796042172      63033.99441893592      57731.63398907735      
368699.0983445062      125257.0285872279      64187.66969015504      57731.66523907735      
367651.4467418244      127354.8878410996      65338.33257840601      57731.69648907735      
366586.7669536754      129446.7562928197      66485.92764945328      57731.72773907735      
365505.0920086444      131532.5329257118      67630.39949153268      57731.75898907735      
364406.4556590421      133612.1167780569      68771.69271457767      57731.79023907735      
363290.8923817266      135685.4069476626      69909.75195270809      57731.82148907735      
362158.4373802585      137752.302593877       71044.52186531652      57731.85273907735      
361009.1265856737      139812.7029421868      72175.94713957339      57731.88398907735      
359842.9966605014      141866.5072830165      73303.97248974738      57731.91523907735      
358660.0849979392      143913.6149792967      74428.54266134104      57731.94648907735      
357460.4297248655      145953.9254671356      75549.60243143921      57731.97773907735      
356244.0697049691      147987.3382565639      76667.096609096        57732.00898907735      
355011.0445378327      150013.7529391446      77780.970039494        57732.04023907735      
353761.3945633529      152033.0691866169      78891.16760317665      57732.07148907735      
352495.1608616548      154045.1867571138      79997.63421944219      57732.10273907735      
351212.3852565098      156050.0054956884      81100.31484660924      57732.13398907735      
349913.1103165749      158047.4253384498      82199.1544842665       57732.16523907735      
348597.379356359       160037.3463170617      83294.09817572169      57732.19648907735      
347265.236440677       162019.6685580017      84385.09100756842      57732.22773907735      
345916.7263835569      163994.2922902995      85472.07811391716      57732.25898907735      
344551.8947515356      165961.1178466184      86555.00467696402      57732.29023907735      
343170.787867068       167920.0456644235      87633.81592760506      57732.32148907735      
341773.4528073316      169870.9762937705      88708.45714969665      57732.35273907735      
340359.9374088404      171813.810396806       89778.87367975104      57732.38398907735      
338930.2902681921      173748.4487528552      90845.01090970852      57732.41523907735      
337484.5607445333      175674.7922611296      91906.81428839899      57732.44648907735      
336022.7989602486      177592.7419458599      92964.22932433868      57732.47773907735      
334545.0558057674      179502.1989560392      94017.20158555663      57732.50898907735      
334168.2831612858      179984.4148166205      94283.15825362543      57732.516903228        
334135.1736916666      180026.7015513832      94306.4814085274       57732.51759767245      
333875.8506637522      180357.4101361536      94488.88711194585      57732.52303107444      
332375.0369022017      182254.3831537414      95535.32378003928      57732.55428107444      
330858.3696648524      184142.6219398517      96577.18462191726      57732.58553107444      
329325.9024996508      186022.0281102877      97614.41543073505      57732.61678107444      
327777.6897285479      187892.503425287       98646.96206985788      57732.64803107444      
326213.7864524956      189753.9497895913      99674.77047286219      57732.67928107444      
324634.2485498986      191606.2692604974      100697.7866479429      57732.71053107444      
323039.1326802298      193449.3640496602      101715.9566788711      57732.74178107444      
321428.4962877459      195283.1365249985      102729.2267260067      57732.77303107444      
319802.3975998183      197107.4892188139      103737.5430307439      57732.80428107444      
318160.8956320401      198922.3248281547      104740.8519156716      57732.83553107444      
316504.0501891009      200727.5462201075      105739.0997874558      57732.86678107444      
314831.9218658916      202523.0564367814      106732.2331395521      57732.89803107444      
313144.5720515486      204308.7586971636      107720.198553189       57732.92928107444      
311442.062928777       206084.5564041027      108702.9427011851      57732.96053107444      
309724.4574794197      207850.3531447164      109680.4123481289      57732.99178107444      
307991.8194825312      209606.052698707       110652.5543549342      57733.02303107444      
306244.2135181265      211351.5590407492      111619.3156801144      57733.05428107444      
304481.7049710167      213086.7763429938      112580.6433811196      57733.08553107444      
302704.3600287432      214811.6089834598      113536.4846189351      57733.11678107444      
300912.2456869247      216525.9615470934      114486.7866586171      57733.14803107444      
299105.4297496398      218229.7388317999      115431.4968725831      57733.17928107444      
297283.9808319812      219922.8458523891      116370.5627427459      57733.21053107444      
295447.9683603499      221605.1878466698      117303.9318638388      57733.24178107444      
293597.462577909       223276.6702768349      118231.5519441281      57733.27303107444      
291732.5345422563      224937.198838044       119153.3708101176      57733.30428107444      
289853.2561295463      226586.6794611041      120069.3364079795      57733.33553107444      
287959.7000366886      228225.0183170196      120979.3968060202      57733.36678107444      
286051.9397825301      229852.1218224688      121883.5001976609      57733.39803107444      
284130.0497086461      231467.8966456008      122781.5949045968      57733.42928107444      
282194.1049831575      233072.2497093117      123673.6293785533      57733.46053107444      
280244.1816011592      234665.0881974552      124559.5522046747      57733.49178107444      
278280.3563871564      236246.3195593944      125439.3121039882      57733.52303107444      
276302.7069950531      237815.8515165704      126312.8579369908      57733.55428107444      
274311.3119136918      239373.5920646836      127180.1387047941      57733.58553107444      
272306.2504639978      240919.4494826         128041.1035540106      57733.61678107444      
270287.6028030649      242453.3323357574      128895.7017785792      57733.64803107444      
268255.4499261526      243975.1494813278      129743.8828225672      57733.67928107444      
266209.8736672199      245484.8100745162      130585.5962836041      57733.71053107444      
264150.9567012081      246982.2235735653      131420.7919155951      57733.74178107444      
262078.7825437521      248467.2997466776      132249.4196325029      57733.77303107444      
259993.4355566987      249939.9486747897      133071.4295098147      57733.80428107444      
257895.0009448229      251400.0807607173      133886.7717895636      57733.83553107444      
255783.5647594338      252847.6067333548      134695.3968825903      57733.86678107444      
253659.213902028       254282.4376520179      135497.2553708823      57733.89803107444      
251522.03612117        255704.4849154316      136292.2980125078      57733.92928107444      
249372.1200164074      257113.6602659123      137080.4757438657      57733.96053107444      
247209.5550399392      258509.8757951819      137861.7396828439      57733.99178107444      
245034.4314967153      259893.043951233       138636.0411325675      57734.02303107444      
242846.8405463879      261263.0775440128      139403.3315844844      57734.05428107444      
240646.8742025165      262619.8897528697      140163.5627224375      57734.08553107444      
238434.6253379289      263963.3941302159      140916.6864246172      57734.11678107444      
236210.1876807224      265293.5046110212      141662.6547687791      57734.14803107444      
233973.6558179671      266610.1355175592      142401.4200348029      57734.17928107444      
231725.1251970584      267913.2015656941      143132.934708112       57734.21053107444      
229464.6921254286      269202.6178721514      143857.1514836454      57734.24178107444      
227192.4537721757      270478.2999606925      144574.0232692136      57734.27303107444      
224908.5081668302      271740.1637699337      145283.5031897783      57734.30428107444      
222612.9542045047      272988.1256576517      145985.5445897564      57734.33553107444      
220305.891641316       274222.1024105176      146680.1010383744      57734.36678107444      
217987.4210973844      275442.0112496322      147367.1263326643      57734.39803107444      
215657.6440598439      276647.7698362189      148046.5745005422      57734.42928107444      
213316.6628783978      277839.296281235       148718.3998060964      57734.46053107444      
210964.5807685773      279016.5091509423      149382.5567525979      57734.49178107444      
208601.5018125031      280179.3274738728      150039.0000862964      57734.52303107444      
206227.5309579078      281327.6707486817      150687.684800715       57734.55428107444      
203842.7740191619      282461.4589510238      151328.5661403947      57734.58553107444      
201447.3376752805      283580.6125419         151961.5996054687      57734.61678107444      
199041.3294746115      284685.0524728909      152586.7409544752      57734.64803107444      
196624.8578293046      285774.7001962132      153203.9462098986      57734.67928107444      
194198.0320181468      286849.4776708659      153813.1716614968      57734.71053107444      
191760.9621868058      287909.3073700655      154414.373870358       57734.74178107444      
189313.7593462686      288954.112289493       155007.509673416       57734.77303107444      
186856.5353733369      289983.815954653       155592.5361874626      57734.80428107444      
184389.4030080005      290998.342429573       156169.4108139195      57734.83553107444      
181912.4758576826      291997.6163226808      156738.091242007       57734.86678107444      
179425.8683909479      292981.5627970598      157298.5354543993      57734.89803107444      
176929.6959398185      293950.1075771598      157850.7017308664      57734.92928107444      
174424.0746994064      294903.1769566847      158394.5486525813      57734.96053107444      
171909.1217256789      295840.6978072125      158930.0351068458      57734.99178107444      
169384.9549353293      296762.5975860177      159457.1202913611      57735.02303107444      
166851.6931028767      297668.8043449381      159975.7637190934      57735.05428107444      
164309.455862123       298559.2467376732      160485.9252222439      57735.08553107444      
161758.3637035011      299433.8540286174      160987.564957094       57735.11678107444      
159198.53797174        300292.5561015502      161480.6434087696      57735.14803107444      
156630.1008647674      301135.2834679042      161965.1213957639      57735.17928107444      
154053.1754352456      301961.9672742372      162440.9600740003      57735.21053107444      
151467.8855829116      302772.5393127134      162908.1209426244      57735.24178107444      
148874.3560576978      303566.9320280803      163366.5658477818      57735.27303107444      
146272.7124554698      304345.0785270635      163816.2569877855      57735.30428107444      
143663.0812168334      305106.9125867936      164257.1569177253      57735.33553107444      
141045.5896235237      305852.368663969       164689.2285545024      57735.36678107444      
139880.8153859087      306178.1177645989      164878.2483233327      57735.38065752242      
138729.187869143       306496.5880194275      165063.1753506039      57735.39435965641      
137972.7261439284      306703.8358485338      165183.5899544776      57735.40335060652      
137310.3414678086      306884.0468484859      165288.3425145364      57735.41121728145      
136882.0013374965      306999.9561757292      165355.7413739273      57735.41630135085      
136538.8184587453      307092.4672087216      165409.5479284796      57735.42037296324      
136249.6279352953      307170.1789262359      165454.7560826024      57735.42380282206      
136046.9164580493      307224.5185280465      165486.3727412718      57735.42620638333      
135860.0523165344      307274.5127489674      165515.4647942212      57735.42842157683      
135674.1799398115      307324.1490917352      165544.35210888        57735.43062457167      
135485.9432380455      307374.322802426       165573.5557370712      57735.43285514078      
135316.2539706252      307419.4717259711      165599.8377749129      57735.43486554048      
135088.8767865976      307479.8491598938      165634.9892127446      57735.4375588274       
134876.0478894821      307536.2385753838      165667.8236241929      57735.44007919675      
134618.742681695       307604.2509223342      165707.4320113993      57735.4431255012       
134257.477514051       307699.4450628753      165762.8817072544      57735.44740120815      
133773.2165693114      307826.504304112       165836.9135189253      57735.45313004698      
133140.585841697       307991.5539546537      165933.1169993437      57735.46060969901      
132326.7113728597      308202.3279352037      166056.0328731886      57735.47022490972      
131267.205066073       308474.0883134428      166214.6168448887      57735.48272983338      
129872.9536149694      308827.1954825611      166420.8489476916      57735.49916479755      
128023.1283287461      309287.7906938815      166690.1757809827      57735.52093390932      
125552.5565055447      309888.9790908971      167042.2822263456      57735.54994526329      
122884.6322855652      310520.3498787965      167412.8103671393      57735.58119526329      
120209.8773437738      311134.8521077272      167774.2318488208      57735.61244526329      
117528.4263051961      311732.4266439365      168126.5130070115      57735.64369526329      
114840.4146113728      312313.0151209977      168469.6205872636      57735.67494526329      
112145.9785105425      312876.5599504074      168803.5217509386      57735.70619526329      
109445.2550566657      313423.0043301781      169128.1840799032      57735.73744526329      
106738.3821083438      313952.2922535717      169443.5755813054      57735.76869526329      
104025.498318995       314464.3685195727      169749.6646933833      57735.79994526329      
101306.7431359376      314959.1787415412      170046.4202901953      57735.83119526329      
98582.25679647671      315436.6693565176      170333.8116867339      57735.86244526329      
95852.18032191227      315896.7876348896      170611.8086442582      57735.89369526329      
93116.65551379308      316339.4816896459      170880.3813753782      57735.92494526329      
90375.82494760268      316764.7004860552      171139.5005493971      57735.95619526329      
87629.83196821224      317172.3938510279      171389.1372974629      57735.98744526329      
84878.82068809694      317562.5124821101      171629.2632174916      57736.01869526329      
82122.9359756843       317935.0079579096      171859.8503799691      57736.04994526329      
79362.32345518292      318289.8327468244      172080.8713327146      57736.08119526329      
76597.12949848182      318626.9402169188      172292.2991063467      57736.11244526329      
73827.50122028482      318946.2846453286      172494.1072194622      57736.14369526329      
71053.58647063472      319247.8212279727      172686.2696840068      57736.17494526329      
68275.53382921789      319531.5060890163      172868.7610104932      57736.20619526329      
65493.49260245266      319797.2962900858      173041.5562130554      57736.23744526329      
62707.61281107872      320045.1498404161      173204.6308151072      57736.26869526329      
59918.04518689022      320275.0257060295      173357.9608543801      57736.29994526329      
57124.94116635952      320486.8838192558      173501.522888179       57736.33119526329      
54328.45288211056      320680.6850883965      173635.2939987379      57736.36244526329      
51528.73315667617      320856.3914071749      173759.2517984356      57736.39369526329      
48725.93549261583      321013.9656643955      173873.3744351627      57736.42494526329      
45920.21407036911      321153.3717531252      173977.6405973488      57736.45619526329      
43111.72373405003      321274.5745805434      174072.0295194773      57736.48744526329      
40300.61998695556      321377.5400771976      174156.5209871771      57736.51869526329      
37487.05898391926      321462.2352064461      174231.0953424484      57736.54994526329      
34671.19752148895      321528.6279738896      174295.733488904       57736.58119526329      
31853.19303042201      321576.6874367639      174350.416896967       57736.61244526329      
29033.20356549221      321606.3837133211      174395.1276090879      57736.64369526329      
26211.38779709604      321617.6879921131      174429.848244891       57736.67494526329      
23387.90500566441      321610.5725412748      174454.5620062928      57736.70619526329      
20562.91506591561      321585.0107177825      174469.2526827081      57736.73744526329      
17736.57844337889      321540.976976649       174473.9046560988      57736.76869526329      
14909.0561802548       321478.4468800423      174468.5029060881      57736.79994526329      
12080.50988906739      321397.3971064338      174453.0330150123      57736.83119526329      
9251.101741133054      321297.8054596387      174427.4811729659      57736.86244526329      
6420.994455333737      321179.6508777649      174391.8341827941      57736.89369526329      
3590.351288195366      321042.9134421413      174346.0794650604      57736.92494526329      
759.336026774008       320887.5743863767      174290.2050630575      57736.95619526329      
-2071.887028650935     320713.6161048462      174224.1996476086      57736.98744526329      
-4903.153070079153     320521.0221617068      174148.0525220381      57737.01869526329      
-7734.296795485102     320309.7772994345      174061.7536269641      57737.04994526329      
-10565.15241920823     320079.8674474842      173965.293545125       57737.08119526329      
-13395.553685037       319831.2797306818      173858.6635060861      57737.11244526329      
-16225.33387748624     319564.0024776703      173741.8553909588      57737.14369526329      
-19054.32583027127     319278.0252296028      173614.8617372245      57737.17494526329      
-21882.36194496966     318973.3387477758      173477.6757430857      57737.20619526329      
-24709.27419738353     318649.9350223818      173330.2912723008      57737.23744526329      
-27534.8941550848      318307.8072800377      173172.7028584663      57737.26869526329      
-30359.05298416817     317946.9499924536      173004.9057098102      57737.29994526329      
-33181.58146867385     317567.3588835198      172826.8957132524      57737.33119526329      
-36002.31001971958     317169.0309375396      172638.6694389854      57737.36244526329      
-38821.0686908093      316751.9644066094      172440.2241446516      57737.39369526329      
-41637.6871873554      316316.1588187466      172231.5577798703      57737.42494526329      
-44451.99488684114     315861.6149843395      172012.668989959       57737.45619526329      
-47263.82084672873     315388.3350043494      171783.5571204832      57737.48744526329      
-50072.9938234937      314896.3222766774      171544.2222209207      57737.51869526329      
-52879.3422809176      314385.5815042258      171294.6650491394      57737.54994526329      
-55682.69441097068     313856.1187006872      171034.8870747651      57737.58119526329      
-58482.87814495016     313307.9411979088      170764.8904833081      57737.61244526329      
-61279.72116778287     312741.0576526469      170484.6781799904      57737.64369526329      
-64073.05093448264     312155.4780527772      170194.2537932977      57737.67494526329      
-66862.69468431162     311551.213723843       169893.6216786916      57737.70619526329      
-69648.47945758264     310928.2773349333      169582.7869219855      57737.73744526329      
-72430.23211065809     310286.6829048096      169261.755342835       57737.76869526329      
-75207.77932818251     309626.4458086037      168930.5334985132      57737.79994526329      
-77980.94764530371     308947.5827820642      168589.1286864511      57737.83119526329      
-80749.5634577857      308250.1119285015      168237.5489481255      57737.86244526329      
-83513.45304258542     307534.0527231136      167875.8030716259      57737.89369526329      
-86272.44257075682     306799.4260190647      167503.9005950982      57737.92494526329      
-89026.35812540959     306046.2540521806      167121.8518094867      57737.95619526329      
-91775.02571932392     305274.5604455466      166729.6677612192      57737.98744526329      
-94518.27131125554     304484.3702143072      166327.3602549885      57738.01869526329      
-97255.92081949874     303675.7097711684      165914.9418568889      57738.04994526329      
-99987.80014527965     302848.6069288951      165492.4258960157      57738.08119526329      
-102713.7351841919     302003.0909061366      165059.826467756       57738.11244526329      
-105433.5518484053     301139.1923299008      164617.1584353633      57738.14369526329      
-108147.0760784174     300256.943241098       164164.437433098       57738.17494526329      
-110854.1338669589     299356.3770961018      163701.679867322       57738.20619526329      
-113554.5512734151     298437.5287711314      163228.9029190332      57738.23744526329      
-116248.1544412751     297500.4345655594      162746.1245458459      57738.26869526329      
-118934.7696176085     296545.1322043488      162253.363483517       57738.29994526329      
-121614.2231702793     295571.6608410853      161750.6392477742      57738.33119526329      
-124286.3416076471     294580.0610599498      161237.9721355911      57738.36244526329      
-126950.9515964799     293570.3748781335      160715.3832266862      57738.39369526329      
-129607.8799771709     292542.6457491504      160182.894385482       57738.42494526329      
-132256.9537879956     291496.9185625179      159640.5282611796      57738.45619526329      
-134898.0002805212     290433.2396465836      159088.308289455       57738.48744526329      
-137530.8469379565     289351.6567700981      158526.258693503       57738.51869526329      
-140155.3214954548     288252.2191427932      157954.4044845596      57738.54994526329      
-142771.2519581732     287134.9774166615      157372.7714627836      57738.58119526329      
-145378.4666217304     285999.9836860285      156781.3862175034      57738.61244526329      
-147976.7940908849     284847.2914881482      156180.2761277332      57738.64369526329      
-150566.0632955557     283676.9558048267      155569.4693632191      57738.67494526329      
-153146.1035160795     282489.0330597043      154948.9948832177      57738.70619526329      
-155716.7443970744     281283.5811204123      154318.882437811       57738.73744526329      
-158277.8159705128     280060.6592963535      153679.1625669332      57738.76869526329      
-160829.1486742712     278820.3283382916      153029.8666003353      57738.79994526329      
-163370.5733685093     277562.6504388435      152371.0266580205      57738.83119526329      
-165901.921361092      276287.6892283138      151702.6756482345      57738.86244526329      
-168423.0244218039     274995.5097757796      151024.8472682001      57738.89369526329      
-170933.7148064613     273686.1785850168      150337.5760021446      57738.92494526329      
-173433.8252712517     272359.7635951748      149640.8971218124      57738.95619526329      
-175923.1890981971     271016.334175439       148934.8466838176      57738.98744526329      
-178401.6401113172     269655.9611242758      148219.4615293965      57739.01869526329      
-180869.0126981146     268278.7166656231      147494.779282552       57739.04994526329      
-183325.1418258258     266884.6744477197      146760.8383495799      57739.08119526329      
-185769.8630668174     265473.909536549       146017.6779157573      57739.11244526329      
-188203.0126131025     264046.4984151277      145265.3379451018      57739.14369526329      
-190624.4273003806     262602.518977099       144503.8591771269      57739.17494526329      
-193033.9446225983     261142.0505255906      143733.2831263668      57739.20619526329      
-195431.4027572004     259665.1737654593      142953.6520784104      57739.23744526329      
-197816.6405817842     258171.9708003463      142165.0090884651      57739.26869526329      
-200189.4976929016     256662.5251282472      141367.3979791352      57739.29994526329      
-202549.8144290071     255136.92163414        140560.8633366402      57739.33119526329      
-204897.4318849849     253595.2465876837      139745.4505097075      57739.36244526329      
-207232.1919370695     252037.5876339409      138921.2056047735      57739.39369526329      
-209553.9372593543     250464.0337892002      138088.175483875       57739.42494526329      
-211862.5113427745     248874.6754349578      137246.4077615637      57739.45619526329      
-214157.7585156536     247269.6043105094      136395.95080108        57739.48744526329      
-216439.5239621254     245648.9135066659      135536.8537111165      57739.51869526329      
-218707.6537425025     244012.6974577842      134669.1663416847      57739.54994526329      
-220961.9948119281     242361.0519346583      133792.9392804315      57739.58119526329      
-223202.3950365846     240694.0740389377      132908.223849763       57739.61244526329      
-225428.7032173568     239011.8621917263      132015.0721008756      57739.64369526329      
-227640.7691058142     237314.516127448       131113.5368105762      57739.67494526329      
-229838.443422124      235602.1368860468      130203.671477215       57739.70619526329      
-232021.5778767237     233874.8268018951      129285.5303148646      57739.73744526329      
-234190.0251841169     232132.6894985003      128359.1682505751      57739.76869526329      
-236343.6390862063     230375.8298753523      127424.6409174483      57739.79994526329      
-238482.2743677636     228604.3541006004      126482.0046508049      57739.83119526329      
-240605.7868741141     226818.3696016851      125531.3164832609      57739.86244526329      
-242714.0335301796     225017.9850544591      124572.6341389948      57739.89369526329      
-244806.8723574831     223203.3103736234      123606.0160287109      57739.92494526329      
-246884.1624928593     221374.4567013269      122631.5212436191      57739.95619526329      
-248945.7642051427     219531.5363971107      121649.2095501266      57739.98744526329      
-250991.5389117239     217674.6630276431      120659.1413844141      57740.01869526329      
-253021.3491967542     215803.9513545861      119661.3778460116      57740.04994526329      
-255035.0588273532     213919.5173238532      118655.9806921109      57740.08119526329      
-257032.5327714266     212021.4780529806      117643.0123308677      57740.11244526329      
-259013.6372138511     210109.9518195808      116622.535815276       57740.14369526329      
-260978.2395704133     208185.0580516304      115594.6148380183      57740.17494526329      
-262926.2085081828     206246.9173111065      114559.3137227597      57740.20619526329      
-264857.4139590212     204295.6512838028      113516.6974187373      57740.23744526329      
-266771.7271346904     202331.3827672868      112466.8314943528      57740.26869526329      
-268669.0205451227     200354.2356551654      111409.7821287878      57740.29994526329      
-270549.1680097193     198364.3349280825      110345.6161072131      57740.33119526329      
-272412.0446768337     196361.8066358012      109274.4008112278      57740.36244526329      
-274257.5270363043     194346.7778860479      108196.2042129082      57740.39369526329      
-276085.4929338132     192319.376831094       107111.0948676445      57740.42494526329      
-277895.8215863032     190279.7326527101      106019.141906101       57740.45619526329      
-279688.3935955254     188227.9755487042      104920.4150270205      57740.48744526329      
-281463.0909629312     186164.2367174845      103814.9844889668      57740.51869526329      
-283219.797102723      184088.6483442654      102702.9211029421      57740.54994526329      
-284958.3968547509     182001.3435870036      101584.2962248569      57740.58119526329      
-286678.7764986043     179902.456560435       100459.1817469773      57740.61244526329      
-288380.823765938      177792.1223217417      99327.65009024253      57740.64369526329      
-290064.4278540576     175670.4768541946      98189.77419549183      57740.67494526329      
-291729.4794374259     173537.6570528632      97045.62751579682      57740.70619526329      
-293375.8706806941     171393.8007079261      95895.2840075025       57740.73744526329      
-295003.4952482574     169239.0464919902      94738.8181234152       57740.76869526329      
-296612.2483196269     167073.5339393016      93576.3048016355       57740.79994526329      
-298202.0265972855     164897.4034342966      92407.81945939941      57740.83119526329      
-299772.72832057       162710.7961916322      91233.43798234234      57740.86244526329      
-301324.2532730754     160513.8542445282      90053.23671822177      57740.89369526329      
-302856.5027967413     158306.7204233434      88867.29246539118      57740.92494526329      
-304369.3798000726     156089.5383417353      87675.6824653433       57740.95619526329      
-305322.7201368223     154672.3462780956      86913.88358209128      57740.97609694462      
-305985.6491823981     153677.4869677282      86379.04206401324      57740.9900344881       
-306470.8244507711     152944.4162135465      85984.90595518332      57741.00028713908      
-306778.2240251806     152477.7530660173      85733.98938989457      57741.00680624291      
-307021.3404418209     152107.4578572601      85534.88004116176      57741.01197494534      
-307208.7300267951     151821.3007779587      85381.00721547364      57741.01596669924      
-307354.0776353364     151598.8985241984      85261.41377793008      57741.01906759169      
-307467.3453499739     151425.3116343112      85168.06826824491      57741.02148694873      
-307556.3777673183     151288.6988239717      85094.60428636103      57741.023390418        
-307627.7083916215     151179.1413592618      85035.68870201065      57741.02491655848      
-307689.1876264648     151084.6385177781      84984.86838478351      57741.02623273166      
-307731.680151701      151019.2797938185      84949.72048112455      57741.02714286641      
-307763.420035253      150970.4378933642      84923.45467013369      57741.02782292692      
-307791.610231881      150927.0424815161      84900.11772467803      57741.02842709915      
-307809.8749261089     150898.9182273934      84884.99316600429      57741.02881863224      
-307826.4928831588     150873.3242045194      84871.22927013083      57741.02917492243      
-307843.0408681532     150847.83279591        84857.52052409692      57741.02952976694      
-307858.0099105036     150824.7692444457      84845.11739973644      57741.02985080051      
-307872.9443827525     150801.7547603679      84832.74063531159      57741.03017113708      
-307890.5226288135     150774.660766281       84818.16995050646      57741.03054823807      
-307908.5298303819     150746.8995805703      84803.24042196611      57741.03093460511      
-307929.4909213316     150714.5767820466      84785.85767947165      57741.03138443291      
-307956.28296745       150673.2503824725      84763.63284907317      57741.03195952132      
-307990.662862905      150620.20000182        84735.1028756616       57741.0326976919       
-308035.018274065      150551.723821036       84698.27684267682      57741.03365039552      
-308094.1933077817     150460.3111480715      84649.11533834074      57741.03492202045      
-308171.4049716711     150340.9361475893      84584.91511294224      57741.03658229358      
-308273.661977354      150182.6651802934      84499.79538462279      57741.03878295714      
-308407.9309024526     149974.5449392833      84387.86423962342      57741.04167574682      
-308585.2011648749     149699.2443563874      84239.79875128983      57741.0455005791       
-308820.1670155819     149333.4132084744      84043.03696957097      57741.05058012746      
-309132.6092412832     148845.3026069499      83780.49662252945      57741.05735212235      
-309549.2240412658     148191.4879962007      83428.80979700947      57741.06641346877      
-310105.5873640664     147313.0162422824      82956.24549789321      57741.07857120505      
-310849.2528038        146129.1015904003      82319.30941645381      57741.09492535231      
-311843.9078826131     144527.8655651725      81457.7452996823       57741.11698879499      
-313173.2260853201     142355.1768330587      80288.4989914059       57741.1468264627       
-314545.9011052648     140070.8445475121      79058.91890990389      57741.1780764627       
-315898.4760534882     137777.6540699401      77824.3139528398       57741.2093264627       
-317230.8685149041     135475.7553603468      76584.76497271669      57741.2405764627       
-318542.9977267648     133165.2989900569      75340.35317235904      57741.2718264627       
-319834.7845873741     130846.4361208817      74091.16009365306      57741.3030764627       
-321106.151659863      128519.3184923876      72837.26761064648      57741.3343264627       
-322357.0231813943     126184.0983988817      71578.7579171073       57741.3655764627       
-323587.3250674665     123840.9286745258      70315.71351845599      57741.3968264627       
-324796.9849171177     121489.9626763832      69048.21722258251      57741.4280764627       
-325985.9320199449     119131.3542632675      67776.35212839601      57741.4593264627       
-327154.0973585469     116765.2577828613      66500.20161883019      57741.4905764627       
-328301.4136159416     114391.8280484036      65219.84934822015      57741.5218264627       
-329427.8151782449     112011.2203240922      63935.37923437561      57741.5530764627       
-330533.2381393446     109623.5903058813      62646.87544816783      57741.5843264627       
-331617.6203040587     107229.0941047828      61354.4224044634       57741.6155764627       
-332680.9011921665     104827.8882276298      60058.10475168609      57741.6468264627       
-333723.0220411533     102420.1295599427      58758.00736250947      57741.6780764627       
-334743.9258095828     100005.9753466742      57454.21532340178      57741.7093264627       
-335743.5571792214     97585.58317507882      56146.81392531426      57741.7405764627       
-336721.8625569011     95159.11095760565      54835.88865437955      57741.7718264627       
-337678.7900769574     92726.71691266783      53521.52518146017      57741.8030764627       
-338614.2896024789     90288.55954756834      52203.80935285828      57741.8343264627       
-339528.3127270964     87844.79763930141      50882.82717987514      57741.8655764627       
-340420.8127756239     85395.59021753167      49558.66482954364      57741.8968264627       
-341291.7448044458     82941.0965476186       48231.40861538338      57741.9280764627       
-342141.0656023911     80481.47611151676      46901.14498700411      57741.9593264627       
-342968.7336905219     78016.88859088141      45567.96052089863      57741.9905764627       
-343774.7093223759     75547.4938480503       44231.94191008424      57742.0218264627       
-344558.9544831638     73073.45190924974      42893.17595494416      57742.0530764627       
-345321.4328887226     70594.92294786808      41551.74955410349      57742.0843264627       
-346062.1099847431     68112.06726604469      40207.74969439047      57742.1155764627       
-346780.9529457898     65625.04527587564      38861.26344058743      57742.1468264627       
-347477.9306727579     63134.01748508027      37512.37792759378      57742.1780764627       
-348153.0137918519     60639.14447659845      36161.18034930083      57742.2093264627       
-348806.1746519914     58140.5868926539       34807.75794988153      57742.2405764627       
-349437.3873221198     55638.50541847068      33452.19801489055      57742.2718264627       
-350046.6275888155     53133.06076386982      32094.58786121337      57742.3030764627       
-350633.8729530557     50624.41364716263      30735.01482825694      57742.3343264627       
-351199.1026272477     48112.72477692655      29373.56626799052      57742.3655764627       
-351742.2975314591     45598.154836092        28010.32953623613      57742.3968264627       
-352263.4402894328     43080.86446613804      26645.39198401623      57742.4280764627       
-352762.5152248227     40561.01424917335      25278.84094775242      57742.4593264627       
-353239.5083566947     38038.7646923468       23910.76374072472      57742.4905764627       
-353694.4073952158     35514.27621014608      22541.24764338323      57742.5218264627       
-354127.2017366529     32987.70910903808      21170.37989492736      57742.5530764627       
-354537.8824581759     30459.22357223391      19798.24768495099      57742.5843264627       
-354926.4423128004     27928.97964234566      18424.93814394136      57742.6155764627       
-355292.8757237106     25397.13720640012      17050.53833505468      57742.6468264627       
-355637.1787786902     22863.85597874764      15675.13524474706      57742.6780764627       
-355959.3492239251     20329.29548678549      14298.81577493111      57742.7093264627       
-356259.3864579063     17793.6150545811       12921.66673399029      57742.7405764627       
-356537.2915248286     15256.97378887138      11543.77482908158      57742.7718264627       
-356793.0671081028     12719.53056251645      10165.22665705364      57742.8030764627       
-357026.7175233868     10181.44400033549      8786.108696656744      57742.8343264627       
-357238.2487116315     7642.872462848155      7406.507299612745      57742.8655764627       
-357427.6682316933     5103.974032405064      6026.508682981175      57742.8968264627       
-357594.9852527927     2564.906499470228      4646.198921606314      57742.9280764627       
-357740.2105469407     25.82734681415827      3265.663939426834      57742.9593264627       
-357863.3564810026     -2513.106263896045     1884.989502086362      57742.9905764627       
-357964.4370086999     -5051.737507591177     504.2612084088375      57743.0218264627       
-358043.4676622959     -7589.909908892912     -876.4355168222445     57743.0530764627       
-358100.4655441408     -10127.46735459808     -2257.015429754696     57743.0843264627       
-358135.4493181559     -12664.25411092999     -3637.393476953752     57743.1155764627       
-358148.4392009527     -15200.11483166258     -5017.484799924113     57743.1468264627       
-358139.4569529746     -17734.89457727978     -6397.204745638039     57743.1780764627       
-358108.5258693209     -20268.43882500525     -7776.468872097524     57743.2093264627       
-358055.670770518      -22800.59348090654     -9155.192955026163     57743.2405764627       
-357980.9179930441     -25331.20489585344     -10533.29299666113     57743.2718264627       
-357884.295379809      -27860.11987504174     -11910.68523104358     57743.3030764627       
-357765.8322704184     -30387.18569181782     -13287.28613165191     57743.3343264627       
-357625.5594912539     -32912.25010087781     -14663.01241869646     57743.3655764627       
-357463.5093454914     -35435.161349505       -16037.78106534734     57743.3968264627       
-357279.7156030648     -37955.7681881906      -17411.50930362685     57743.4280764627       
-357074.2134901502     -40473.91988597467     -18784.11463287601     57743.4593264627       
-356847.0396791799     -42989.46623670711     -20155.51482327377     57743.4905764627       
-356598.2322778648     -45502.25757625235     -21525.62792532244     57743.5218264627       
-356327.8308187958     -48012.14479061645     -22894.37227438668     57743.5530764627       
-356035.8762488235     -50518.97932612753     -24261.66649635235     57743.5843264627       
-355722.410917918      -53022.61320297824     -25627.42951512036     57743.6155764627       
-355387.4785682754     -55522.89902503727     -26991.58055806727     57743.6468264627       
-355031.1243236931     -58019.68998728281     -28354.03916020922     57743.6780764627       
-354653.3946776358     -60512.83989188173     -29714.72517308429     57743.7093264627       
-354254.3374827237     -63002.20315305455     -31073.55876751712     57743.7405764627       
-353834.0019388811     -65487.63481057878     -32430.46044109856     57743.7718264627       
-353392.4385820993     -67968.99053826147     -33785.35102292115     57743.8030764627       
-352929.6992731024     -70446.12665267984     -35138.1516784613      57743.8343264627       
-352445.8371856326     -72918.90012349599     -36488.78391532209     57743.8655764627       
-351940.9067945271     -75387.16858401634     -37837.16958911144     57743.8968264627       
-351414.963864607      -77850.79033720988     -39183.23090684022     57743.9280764627       
-350868.065438279      -80309.62436765347     -40526.89043355946     57743.9593264627       
-350300.2698239415     -82763.53034893263     -41868.07109651595     57743.9905764627       
-349711.6365842954     -85212.36865131053     -43206.69618945457     57744.0218264627       
-349102.2265240964     -87656.00035138405     -44542.68937800809     57744.0530764627       
-348472.101678359      -90094.28723939485     -45875.97470380579     57744.0843264627       
-347821.3252999721     -92527.09182851986     -47206.47658966525     57744.1155764627       
-347149.9618478105     -94954.27736182607     -48534.11984350837     57744.1468264627       
-346458.0769749733     -97375.70781863407     -49858.8296619537      57744.1780764627       
-345745.7375156497     -99791.2479254114      -51180.53163638845     57744.2093264627       
-345013.0114744021     -102200.7631579415     -52499.15175426746     57744.2405764627       
-344259.9680123109     -104604.1197539933     -53814.61640615906     57744.2718264627       
-343486.6774355804     -107001.1847172781     -55126.85238802393     57744.3030764627       
-342693.2111835647     -109391.8258233889     -56435.78690457894     57744.3343264627       
-341879.6418156524     -111775.911628947      -57741.3475744181      57744.3655764627       
-341046.0429992013     -114153.3114771842     -59043.46243318228     57744.3968264627       
-340192.4894982646     -116523.8955012787     -60342.05993549984     57744.4280764627       
-339319.0571594927     -118887.5346354969     -61637.06896120217     57744.4593264627       
-338425.8229008061     -121244.1006181836     -62928.41881707636     57744.4905764627       
-337512.8646993837     -123593.4659967051     -64216.03923968694     57744.5218264627       
-336580.2615783479     -125935.5041355357     -65499.86039992107     57744.5530764627       
-335628.0935947596     -128270.0892208871     -66779.81290564011     57744.5843264627       
-334656.4418284587     -130597.0962631093     -68055.82780310884     57744.6155764627       
-333665.3883675395     -132916.4011071714     -69327.83658285614     57744.6468264627       
-332655.0162980737     -135227.8804326908     -70595.77117980534     57744.6780764627       
-331625.4096904228     -137531.4117620288     -71859.56397782775     57744.7093264627       
-330576.6535874582     -139826.8734637116     -73119.14781173403     57744.7405764627       
-329508.8339928616     -142114.1447557245     -74374.45596919497     57744.7718264627       
-328422.0378573756     -144393.1057130988     -75625.4221950194      57744.8030764627       
-327316.3530688568     -146663.6372672746     -76871.98069091798     57744.8343264627       
-326191.8684375872     -148925.6212153892     -78114.06612071625     57744.8655764627       
-325048.6736854262     -151178.9402213585     -79351.6136110627      57744.8968264627       
-323886.8594340974     -153423.4778188542     -80584.55875317751     57744.9280764627       
-322706.5171918655     -155659.1184173091     -81812.83760626477     57744.9593264627       
-321507.7393418381     -157885.7473045852     -83036.38669909253     57744.9905764627       
-320290.6191314243     -160103.2506475649     -84255.1430304314      57745.0218264627       
-319055.2506577939     -162311.5155000677     -85469.04407351871     57745.0530764627       
-317801.7288573788     -164510.4298031492     -86678.02777633753     57745.0843264627       
-316530.1494944242     -166699.8823872634     -87882.03256291882     57745.1155764627       
-315240.609147785      -168879.7629773859     -89080.99733627209     57745.1468264627       
-313933.2051997477     -171049.9621945023     -90274.86147931831     57745.1780764627       
-312608.035824721      -173210.3715573788     -91463.56485597727     57745.2093264627       
-311265.19997682       -175360.8834861205     -92647.04781323893     57745.2405764627       
-309904.7973786545     -177501.3913036865     -93825.25118211079     57745.2718264627       
-308526.9285089823     -179631.7892391794     -94998.11627954195     57745.3030764627       
-307131.6945916014     -181751.9724291117     -96165.58490923417     57745.3343264627       
-305719.1975845865     -183861.8369182022     -97327.59936219358     57745.3655764627       
-304289.54016735       -185961.2796634151     -98484.10241906847     57745.3968264627       
-302842.8257297096     -188050.1985348727     -99635.03735076563     57745.4280764627       
-301379.1583623519     -190128.4923148438     -100780.3479180063     57745.4593264627       
-299898.6428422231     -192196.0607039828     -101919.9783748772     57745.4905764627       
-298401.3846243976     -194252.804318253      -103053.873467248      57745.5218264627       
-296887.4898288472     -196298.6246930837     -104181.9784351768     57745.5530764627       
-295357.065230122      -198333.4242833861     -105304.2390130313     57745.5843264627       
-293810.2182471511     -200357.1064634973     -106420.6014295714     57745.6155764627       
-292247.0569303858     -202369.5755306014     -107531.0124099488     57745.6468264627       
-290667.6899528148     -204370.7367030301     -108635.419174883      57745.6780764627       
-289072.2265983378     -206360.4961220514     -109733.7694417605     57745.7093264627       
-287460.7767504408     -208338.7608531759     -110826.011425469      57745.7405764627       
-285833.4508820657     -210305.4388859558     -111912.0938383991     57745.7718264627       
-284190.3600458757     -212260.4391333699     -112991.9658902175     57745.8030764627       
-282531.6158619926     -214203.6714342322     -114065.5772893096     57745.8343264627       
-280857.3305080851     -216135.0465527134     -115132.8782426282     57745.8655764627       
-279167.6167110622     -218054.4761761093     -116193.8194545721     57745.8968264627       
-277462.5877329052     -219961.8729193253     -117248.3521295777     57745.9280764627       
-275742.3573639913     -221857.1503207687     -118296.4279699601     57745.9593264627       
-274007.0399105306     -223740.22284494       -119337.9991774585     57745.9905764627       
-272256.7501853659     -225611.0058812162     -120373.0184526756     57746.0218264627       
-270491.603498895      -227469.4157425925     -121401.4389944935     57746.0530764627       
-268711.715647277      -229315.3696673085     -122423.2145010854     57746.0843264627       
-266917.2029031664     -231148.7858177361     -123438.2991694127     57746.1155764627       
-265108.182008161      -232969.5832776167     -124446.6476938072     57746.1468264627       
-263284.7701589675     -234777.6820556815     -125448.2152680874     57746.1780764627       
-261447.0850015923     -236573.003081127      -126442.957583165      57746.2093264627       
-259595.2446192258     -238355.4682054547     -127430.8308281756     57746.2405764627       
-257729.3675240553     -240125.0002003971     -128411.7916894411     57746.2718264627       
-255849.5726472151     -241881.5227576847     -129385.7973504532     57746.3030764627       
-253955.9793304655     -243624.960487187      -130352.8054909532     57746.3343264627       
-252048.7073159649     -245355.2389168566     -131312.7742870133     57746.3655764627       
-250127.87673778       -247072.2844910586     -132265.6624102215     57746.3968264627       
-248193.6081117893     -248776.0245703667     -133211.4290276797     57746.4280764627       
-246246.0223273487     -250466.3874297693     -134150.0338011202     57746.4593264627       
-244285.2406394124     -252143.302256551      -135081.4368858411     57746.4905764627       
-242311.3846576254     -253806.6991507953     -136005.5989310963     57746.5218264627       
-240324.5763385814     -255456.5091231328     -136922.4810789567     57746.5530764627       
-238324.9379778457     -257092.6640927678     -137832.0449633256     57746.5843264627       
-236312.5922003012     -258715.0968869081     -138734.2527097324     57746.6155764627       
-234287.6619523265     -260323.7412386867     -139629.0669342891     57746.6468264627       
-232250.2704922741     -261918.5317864646     -140516.4507434136     57746.6780764627       
-230200.5413828026     -263499.4040716531     -141396.3677327308     57746.7093264627       
-228138.5984836787     -265066.2945362423     -142268.7819858076     57746.7405764627       
-226064.5659413888     -266619.1405227866     -143133.6580742575     57746.7718264627       
-223978.5681820771     -268157.8802718238     -143990.9610564135     57746.8030764627       
-221880.7299042268     -269682.4529195615     -144840.6564761529     57746.8343264627       
-219771.1760699491     -271192.7984966172     -145682.7103623057     57746.8655764627       
-217650.0318959481     -272688.8579269504     -146517.0892281707     57746.8968264627       
-215517.4228483019     -274170.5730241057     -147343.7600695338     57746.9280764627       
-213373.4746320891     -275637.8864911361     -148162.690364736      57746.9593264627       
-211218.3131848235     -277090.7419178297     -148973.8480732384     57746.9905764627       
-209052.0646699991     -278529.083777947      -149777.2016341922     57747.0218264627       
-206874.8554672762     -279952.8574287231     -150572.719966272      57747.0530764627       
-204686.8121657698     -281362.0091082629     -151360.372466334      57747.0843264627       
-202488.0615593833     -282756.4859317112     -152140.1290073876     57747.1155764627       
-200278.7306344707     -284136.2358923493     -152911.9599393205     57747.1468264627       
-198058.9465672504     -285501.2078564647     -153675.8360861429     57747.1780764627       
-195828.8367135295     -286851.3515631239     -154431.7287459722     57747.2093264627       
-193588.5286027736     -288186.6176212121     -155179.6096894901     57747.2405764627       
-191338.1499322818     -289506.9575064947     -155919.4511584092     57747.2718264627       
-189077.828557863      -290812.3235607634     -156651.2258651082     57747.3030764627       
-186807.6924881357     -292102.6689888252     -157374.906991058      57747.3343264627       
-184527.8698785254     -293377.9478557383     -158090.4681853854     57747.3655764627       
-182238.489023326      -294638.1150851653     -158797.8835640631     57747.3968264627       
-179939.6783498337     -295883.1264565637     -159497.1277084467     57747.4280764627       
-177631.566410526      -297112.9386034681     -160188.175664425      57747.4593264627       
-175314.2818777396     -298327.5090104247     -160871.0029408126     57747.4905764627       
-172987.9535363866     -299526.7960110098     -161545.5855083507     57747.5218264627       
-170652.7102791966     -300710.7587845497     -162211.8997979779     57747.5530764627       
-168308.6810979152     -301879.3573549405     -162869.9227002819     57747.5843264627       
-165955.995078257      -303032.5525875337     -163519.6315638617     57747.6155764627       
-163594.7813945346     -304170.306186254      -164161.0041938211     57747.6468264627       
-161225.1693022721     -305292.5806917205     -164794.0188508255     57747.6780764627       
-158847.2881329588     -306399.339478335      -165418.6542495774     57747.7093264627       
-156461.2672867727     -307490.5467523462     -166034.8895578416     57747.7405764627       
-154067.2362274569     -308566.1675489101     -166642.7043949038     57747.7718264627       
-151665.3244777005     -309626.1677289861     -167242.0788299347     57747.8030764627       
-149255.6616107675     -310670.5139779192     -167832.9933813075     57747.8343264627       
-146838.3772459856     -311699.1738022914     -168415.4290149366     57747.8655764627       
-144413.601044318      -312712.1155268117     -168989.3671426366     57747.8968264627       
-141981.4626992859     -313709.3082931716     -169554.7896215943     57747.9280764627       
-139542.0919365152     -314690.7220553188     -170111.6787518107     57747.9593264627       
-137095.6185026158     -315656.3275791526     -170660.01727605       57747.9905764627       
-134642.1721626965     -316606.0964386698     -171199.7883777733     57748.0218264627       
-132181.8826958137     -317540.0010130373     -171730.9756795995     57748.0530764627       
-129714.8798869986     -318458.0144849796     -172253.5632425108     57748.0843264627       
-127241.2935236708     -319360.110837481      -172767.5355641015     57748.1155764627       
-124761.2533895025     -320246.264851481      -173272.8775773903     57748.1468264627       
-122274.8892609601     -321116.4521026184     -173769.57464909       57748.1780764627       
-119782.3308995177     -321970.648959534      -174257.6125787662     57748.2093264627       
-117283.7080474174     -322808.8325808955     -174736.9775972663     57748.2405764627       
-114779.1504257081     -323630.980911735      -175207.6563647545     57748.2718264627       
-112268.7877235013     -324437.072682722      -175669.6359704248     57748.3030764627       
-109752.7495983183     -325227.0874057612     -176122.9039301111     57748.3343264627       
-107231.1656676419     -326001.0053724986     -176567.4481855619     57748.3655764627       
-104704.1655053844     -326758.8076512329     -177003.2571028016     57748.3968264627       
-102171.8786384209     -327500.4760838792     -177430.3194705182     57748.4280764627       
-99634.43453914842     -328225.9932841231     -177848.6244991373     57748.4593264627       
-97091.96262210446     -328935.3426343576     -178258.1618191952     57748.4905764627       
-94544.59224064637     -329628.5082826745     -178658.9214797408     57748.5218264627       
-91992.45267872687     -330305.4751412087     -179050.8939475191     57748.5530764627       
-89435.67315171959     -330966.2288820328     -179434.0701047386     57748.5843264627       
-86874.38279602265     -331610.7559360767     -179808.4412485871     57748.6155764627       
-84308.710667715       -332239.0434896339     -180173.9990893519     57748.6468264627       
-81738.785739017       -332851.079481523      -180530.7357489157     57748.6780764627       
-79164.73689116169     -333446.8526011164     -180878.6437597582     57748.7093264627       
-76586.69291138164     -334026.3522853613     -181217.7160633703     57748.7405764627       
-74004.78248994997     -334589.568715854      -181547.9460086978     57748.7718264627       
-71419.13421315981     -335136.4928168262     -181869.3273511184     57748.8030764627       
-68829.87656089559     -335667.1162521089     -182181.8542508192     57748.8343264627       
-66237.13790150917     -336181.4314227054     -182485.5212715314     57748.8655764627       
-63641.04648902085     -336679.4314638999     -182780.3233789903     57748.8968264627       
-61041.73045761169     -337161.1102429257     -183066.2559397244     57748.9280764627       
-58439.31781844187     -337626.4623561807     -183343.3147195776     57748.9593264627       
-55833.93645420995     -338075.4831268719     -183611.4958824844     57748.9905764627       
-53225.71411604274     -338508.168602238      -183870.7959889942     57749.0218264627       
-50614.77842088754     -338924.5155507381     -184121.211994774      57749.0530764627       
-48001.25684479119     -339324.5214599222     -184362.7412495169     57749.0843264627       
-45385.2767203561      -339708.1845336037     -184595.3814954352     57749.1155764627       
-42766.96523423789     -340075.5036890906     -184819.1308657836     57749.1468264627       
-40146.44942051559     -340426.4785550191     -185033.987883747      57749.1780764627       
-37523.85615825028     -340761.1094685678     -185239.9514609556     57749.2093264627       
-34899.31216908179     -341079.3974727318     -185437.0208960292     57749.2405764627       
-32272.94400975863     -341381.3443142236     -185625.1958735103     57749.2718264627       
-29644.87807396853     -341666.9524402617     -185804.476462107      57749.3030764627       
-27015.24058260654     -341936.224996725      -185974.8631137838     57749.3343264627       
-24384.15758334623     -342189.1658252248     -186136.3566621789     57749.3655764627       
-21751.75494792645     -342425.7794605031     -186288.9583212202     57749.3968264627       
-19118.15836574642     -342646.0711281742     -186432.6696839603     57749.4280764627       
-16483.49334213516     -342850.0467420197     -186567.4927211275     57749.4593264627       
-13847.88519385959     -343037.7129015509     -186693.4297798463     57749.4905764627       
-11211.45904745139     -343209.076889369      -186810.4835822222     57749.5218264627       
-8574.339832905196     -343364.1466688594     -186918.6572241508     57749.5530764627       
-5936.652281591359     -343502.9308815814     -187017.9541739222     57749.5843264627       
-3298.520924195956     -343625.4388447162     -187108.3782708573     57749.6155764627       
-660.0700844925443     -343731.6805487268     -187189.9337240964     57749.6468264627       
1978.576123135563      -343821.6666548068     -187262.6251112398     57749.6780764627       
4617.29379381806       -343895.4084923104     -187326.4573769562     57749.7093264627       
7255.959241617557      -343952.9180564844     -187381.4358318392     57749.7405764627       
9894.448997276357      -343994.2080058342     -187427.5661509598     57749.7718264627       
12532.63981526086      -344019.2916597647     -187464.8543726513     57749.8030764627       
15170.40867565769      -344028.182996085      -187493.3068971748     57749.8343264627       
17807.63278604914      -344020.8966485732     -187512.9304854161     57749.8655764627       
20444.1895875598       -343997.447904546      -187523.7322576234     57749.8968264627       
23079.95675668925      -343957.8527024087     -187525.7196920953     57749.9280764627       
25714.81220712656      -343902.1276292611     -187518.9006239006     57749.9593264627       
28348.63409573372      -343830.2899184333     -187503.2832435958     57749.9905764627       
30981.30082431921      -343742.3574470783     -187478.8760959361     57750.0218264627       
33612.69104139569      -343638.3487338193     -187445.6880786164     57750.0530764627       
36242.68364810253      -343518.2829362511     -187403.7284409698     57750.0843264627       
38871.15780038846      -343382.1798485485     -187353.0067826902     57750.1155764627       
41497.99290885976      -343230.0598992539     -187293.5330526326     57750.1468264627       
44123.06864742952      -343061.9441485992     -187225.3175474374     57750.1780764627       
46746.2649531277       -342877.8542862729     -187148.3709103188     57750.2093264627       
49367.46202822135      -342677.8126291274     -187062.7041298405     57750.2405764627       
51986.54034602178      -342461.8421186077     -186968.3285385735     57750.2718264627       
54603.38065250427      -342229.966318466      -186865.2558118707     57750.3030764627       
57217.86396791835      -341982.2094125301     -186753.497966672      57750.3343264627       
59829.8715925402       -341718.5962020956     -186633.0673601405     57750.3655764627       
62439.2851082481       -341439.1521036785     -186503.976688458      57750.3968264627       
65045.98638009077      -341143.9031468219     -186366.2389856498     57750.4280764627       
67649.85756198634      -340832.8759714509     -186219.8676222002     57750.4593264627       
70250.78109825705      -340506.0978256615     -186064.8763038668     57750.4905764627       
72848.63972515862      -340163.5965635652     -185901.2790705255     57750.5218264627       
75443.3164765273       -339805.4006426044     -185729.0902947633     57750.5530764627       
78034.69468573433      -339431.5391213108     -185548.3246806801     57750.5843264627       
80622.65798534905      -339042.0416574514     -185358.9972628809     57750.6155764627       
83207.09031593778      -338636.9385048361     -185161.1234048194     57750.6468264627       
85787.87592341374      -338216.2605118033     -184954.7187979551     57750.6780764627       
88364.8993655166       -337780.0391183408     -184739.7994602464     57750.7093264627       
90938.04551279832      -337328.3063540492     -184516.3817350559     57750.7405764627       
93507.1995523333       -336861.0948356719     -184284.4822898415     57750.7718264627       
96072.2469886922       -336378.4377651145     -184044.1181150909     57750.8030764627       
98633.07364944025      -335880.3689266381     -183795.3065228463     57750.8343264627       
101189.5656865371      -335366.9226847856     -183538.0651455912     57750.8655764627       
103741.6095777385      -334838.1339823591     -183272.4119351657     57750.8968264627       
106289.092132047       -334294.0383375713     -182998.3651612668     57750.9280764627       
108831.900491084       -333734.6718420014     -182715.943410352      57750.9593264627       
111369.922130466       -333160.0711586037     -182425.1655845697     57750.9905764627       
113903.0448652074      -332570.2735188134     -182126.0509002355     57751.0218264627       
116431.1568510676      -331965.3167205335     -181818.6188867508     57751.0530764627       
118954.1465859033      -331345.2391261701     -181502.8893855485     57751.0843264627       
121471.9029150246      -330710.0796596946     -181178.8825485437     57751.1155764627       
123984.3150329619      -330059.8778045418     -180846.6188370081     57751.1468264627       
126491.2724830217      -329394.6736021329     -180506.1190207653     57751.1780764627       
128992.6651657007      -328714.5076480833     -180157.4041762023     57751.2093264627       
131488.3833360046      -328019.421091305      -179800.4956857609     57751.2405764627       
133978.3176096156      -327309.4556307666     -179435.4152362302     57751.2718264627       
136462.3589641809      -326584.6535135484     -179062.1848177017     57751.3030764627       
138940.3987406098      -325845.0575329461     -178680.8267225512     57751.3343264627       
141412.3286483054      -325090.7110254094     -178291.3635438204     57751.3655764627       
143878.0407660003      -324321.6578687589     -177893.8181742554     57751.3968264627       
146337.4275452093      -323537.9424796259     -177488.2138049461     57751.4280764627       
148790.3818110669      -322739.6098117142     -177074.5739243895     57751.4593264627       
151236.7967674957      -321926.7053526756     -176652.9223168356     57751.4905764627       
153676.5659984534      -321099.2751222179     -176223.2830612703     57751.5218264627       
156109.5834691904      -320257.3656702575     -175785.6805304238     57751.5530764627       
158535.7435313729      -319401.0240737461     -175340.139389088      57751.5843264627       
160954.940924312       -318530.2979347977     -174886.6845931106     57751.6155764627       
163367.0707762081      -317645.2353788614     -174425.3413884133     57751.6468264627       
165772.0286092251      -316745.8850514971     -173956.1353092811     57751.6780764627       
168169.7103407056      -315832.2961165218     -173479.0921773661     57751.7093264627       
170560.0122844003      -314904.518254199      -172994.2381007147     57751.7405764627       
172942.8311554948      -313962.6016579642     -172501.599472029      57751.7718264627       
175318.0640718105      -313006.5970325877     -172001.2029676788     57751.8030764627       
177685.6085554381      -312036.5555922084     -171493.0755466475     57751.8343264627       
180045.3625364605      -311052.5290575193     -170977.2444490325     57751.8655764627       
182397.2243545692      -310054.5696537939     -170453.7371949866     57751.8968264627       
184741.0927627541      -309042.7301080399     -169922.581583201      57751.9280764627       
187076.8669289026      -308017.0636470168     -169383.8056898414     57751.9593264627       
189404.4464369949      -306977.6239954669     -168837.4378675964     57751.9905764627       
191723.7312919989      -305924.4653727        -168283.506743861      57752.0218264627       
194034.6219206289      -304857.6424909857     -167722.041219869      57752.0530764627       
196337.0191745678      -303777.2105528471     -167153.070469248      57752.0843264627       
198630.824331236       -302683.2252494898     -166576.6239371721     57752.1155764627       
200915.9390986176      -301575.7427573161     -165992.7313385058     57752.1468264627       
203192.2656164104      -300454.8197361434     -165401.4226568445     57752.1780764627       
205459.7064571972      -299320.5133274604     -164802.7281435767     57752.2093264627       
207718.1646312176      -298172.8811508882     -164196.6783159975     57752.2405764627       
209967.5435875086      -297011.9813024091     -163583.3039563553     57752.2718264627       
212207.7472150629      -295837.8723526321     -162962.6361109176     57752.3030764627       
214438.6798475494      -294650.6133432002     -162334.706088056      57752.3343264627       
216660.2462644399      -293450.2637850278     -161699.5454572957     57752.3655764627       
218872.3516921596      -292236.8836565756     -161057.1860483873     57752.3968264627       
221074.9018087501      -291010.5334002028     -160407.6599493597     57752.4280764627       
223267.8027449869      -289771.2739204124     -159750.9995055752     57752.4593264627       
225450.961085518       -288519.1665821343     -159087.2373188039     57752.4905764627       
227624.2838734717      -287254.2732070219     -158416.406245247      57752.5218264627       
229787.6786115623      -285976.6560717054     -157738.5393945941     57752.5530764627       
231941.0532632184      -284686.3779060803     -157053.6701291022     57752.5843264627       
234084.3162571333      -283383.50188955       -156361.8320615872     57752.6155764627       
236217.3764883596      -282068.0916492851     -155663.0590544852     57752.6468264627       
238340.143319427       -280740.2112585168     -154957.3852189333     57752.6780764627       
240452.5265848334      -279399.9252327255     -154244.8449127309     57752.7093264627       
242554.4365917583      -278047.2985281442     -153525.472739531      57752.7405764627       
244645.784123021       -276682.3965388577     -152799.3035472847     57752.7718264627       
246726.480437809       -275305.2850953352     -152066.3724274487     57752.8030764627       
248796.4372760881      -273916.0304605456     -151326.7147129058     57752.8343264627       
250855.5668596701      -272514.699328227      -150580.3659770307     57752.8655764627       
252903.7818936672      -271101.35882094       -149827.3620326426     57752.8968264627       
254940.9955697531      -269676.0764868747     -149067.7389302922     57752.9280764627       
256967.1215675959      -268238.920297891      -148301.5329572064     57752.9593264627       
258982.0740580794      -266789.9586462927     -147528.7806355571     57752.9905764627       
260985.7677047142      -265329.2603428542     -146749.5187213979     57753.0218264627       
262978.117664712       -263856.8946151269     -145963.7842037504     57753.0530764627       
264959.039593226       -262372.9311034102     -145171.6143024437     57753.0843264627       
266928.4496443875      -260877.4398590284     -144373.046467184      57753.1155764627       
268886.2644723682      -259370.49134264       -143568.1183766419     57753.1468264627       
270832.4012355547      -257852.1564201538     -142756.8679362615     57753.1780764627       
272766.777597572       -256322.5063610084     -141939.3332773309     57753.2093264627       
274689.3117283344      -254781.6128364815     -141115.5527560693     57753.2405764627       
276599.9223081518      -253229.5479155541     -140285.5649514068     57753.2718264627       
278498.5285287405      -251666.3840631905     -139449.4086640549     57753.3030764627       
280385.0500942619      -250092.1941386487     -138607.122915594      57753.3343264627       
282259.4072253585      -248507.0513912913     -137758.746946223      57753.3655764627       
284121.5206598253      -246911.02945915       -136904.3202139821     57753.3968264627       
285971.3116552732      -245304.2023658217     -136043.8823930825     57753.4280764627       
287808.7019898176      -243686.6445190557     -135177.4733731412     57753.4593264627       
289633.6139660188      -242058.4307064964     -134305.1332568928     57753.4905764627       
291445.9704118627      -240419.6360939648     -133426.9023592599     57753.5218264627       
293245.6946817688      -238770.3362237687     -132542.8212064397     57753.5530764627       
295032.7106604588      -237110.6070103941     -131652.9305335864     57753.5843264627       
296806.942763922       -235440.5247387874     -130757.2712838822     57753.6155764627       
298568.315940411       -233760.166062665      -129855.8846076228     57753.6468264627       
300316.7556742351      -232069.6080001545     -128948.8118598718     57753.6780764627       
302052.1879867114      -230368.9279320769     -128036.0945995313     57753.7093264627       
303774.5394371469      -228658.203600256      -127117.7745884269     57753.7405764627       
305483.7371265552      -226937.51310311       -126193.8937889344     57753.7718264627       
307179.7086985941      -225206.9348939342     -125264.4943630497     57753.8030764627       
308862.382340532       -223466.5477792088     -124329.6186714735     57753.8343264627       
310531.6867868885      -221716.4309141434     -123389.3092712106     57753.8655764627       
312187.551320356       -219956.6638009591     -122443.6089146395     57753.8968264627       
313829.9057727521      -218187.3262871952     -121492.5605485961     57753.9280764627       
315458.680528581       -216408.4985612076     -120536.2073119471     57753.9593264627       
317073.8065259401      -214620.2611504498     -119574.5925346583     57753.9905764627       
318675.2152574572      -212822.6949197797     -118607.7597368785     57754.0218264627       
320262.8387737719      -211015.8810669117     -117635.7526264858     57754.0530764627       
321836.6096841501      -209199.9011210189     -116658.6150983301     57754.0843264627       
323396.4611587891      -207374.8369394325     -115676.3912324495     57754.1155764627       
324942.3269294508      -205540.7707062634     -114689.1252933231     57754.1468264627       
326474.1412928347      -203697.7849277953     -113696.8617273844     57754.1780764627       
327991.839111447       -201845.9624307661     -112699.6451620896     57754.2093264627       
329495.3558145022      -199985.386360673      -111697.520404999      57754.2405764627       
330984.6274012128      -198116.1401771228     -110690.5324412667     57754.2718264627       
332459.5904416431      -196238.3076521133     -109678.7264327082     57754.3030764627       
333920.1820775941      -194351.9728683382     -108662.1477168814     57754.3343264627       
335366.3400258098      -192457.220214496      -107640.8418045527     57754.3655764627       
336798.0025788139      -190554.1343835718     -106614.8543787648     57754.3968264627       
338215.1086057798      -188642.8003711423     -105584.2312939169     57754.4280764627       
339617.5975556512      -186723.3034706445     -104549.0185732085     57754.4593264627       
341005.409457962       -184795.7292716581     -103509.2624077066     57754.4905764627       
342378.4849236908      -182860.1636582113     -102465.0091554266     57754.5218264627       
343736.7651482956      -180916.69280401       -101416.3053387529     57754.5530764627       
345080.1919125167      -178965.4031707226     -100363.1976435079     57754.5843264627       
346408.7075832151      -177006.3815062847     -99305.73291803099     57754.6155764627       
347722.2551163203      -175039.7148400926     -98243.95817057979     57754.6468264627       
349020.7780576174      -173065.4904812888     -97177.92056839808     57754.6780764627       
350304.220543568       -171083.7960170678     -96107.66743679614     57754.7093264627       
351572.5273041714      -169094.7193078342     -95033.24625653071     57754.7405764627       
352825.6436635144      -167098.3484858431     -93954.70466306497     57754.7718264627       
354063.5155416772      -165094.7719517406     -92872.09044469477     57754.8030764627       
355286.0894553051      -163084.0783732211     -91785.4515418176      57754.8343264627       
356493.3125203502      -161066.3566801407     -90694.83604428731     57754.8655764627       
357685.1324528211      -159041.6960628069     -89600.292190484       57754.8968264627       
358861.4975695665      -157010.1859702881     -88501.86836639543     57754.9280764627       
360022.3567909281      -154971.9161054952     -87399.61310295308     57754.9593264627       
361167.6596414732      -152926.9764234747     -86293.57507510364     57754.9905764627       
362297.3562507633      -150875.4571297194     -85183.8031008907      57755.0218264627       
363411.397355917       -148817.4486752207     -84070.34613877398     57755.0530764627       
364509.734302327       -146753.0417547647     -82953.25328670195     57755.0843264627       
365592.3190444126      -144682.3273052448     -81832.57378119466     57755.1155764627       
366659.1041479063      -142605.3965010542     -80708.35699484528     57755.1468264627       
367710.0427911208      -140522.3407512847     -79580.65243479922     57755.1780764627       
368745.0887654779      -138433.2516984013     -78449.50974203198     57755.2093264627       
369764.1964768055      -136338.2212154593     -77314.97868983769     57755.2405764627       
370767.3209474994      -134237.3414014597     -76177.10918131008     57755.2718264627       
371754.4178172044      -132130.7045796536     -75035.95124841896     57755.3030764627       
372725.4433435333      -130018.4032958627     -73891.55505109637     57755.3343264627       
373680.3544043276      -127900.5303134455     -72743.97087450506     57755.3655764627       
374619.1084983241      -125777.1786116053     -71593.24912811726     57755.3968264627       
375541.6637458595      -123648.4413837149     -70439.44034480241     57755.4280764627       
376447.9788910405      -121514.4120322601     -69282.59517808267     57755.4593264627       
377338.0133022409      -119375.1841675313     -68122.76440141896     57755.4905764627       
378211.7269735706      -117230.8516040606     -66959.9989062754      57755.5218264627       
379069.0805253988      -115081.508359328      -65794.34970141336     57755.5530764627       
379910.0352064022      -112927.2486486772     -64625.86791013078     57755.5843264627       
380734.5528942006      -110768.1668836366     -63454.60476934659     57755.6155764627       
381542.5960960305      -108604.3576702538     -62280.61162869372     57755.6468264627       
382334.1279507036      -106435.9158039935     -61103.93994774726     57755.6780764627       
383109.1122292295      -104262.9362680644     -59924.64129511194     57755.7093264627       
383867.5133354774      -102085.5142317579     -58742.76734751737     57755.7405764627       
384609.2963080445      -99903.74504533081     -57558.36988703636     57755.7718264627       
385334.4268208667      -97717.72423833667     -56371.50080017531     57755.8030764627       
386042.8711838695      -95527.54751797112     -55182.21207697218     57755.8343264627       
386734.596344746       -93333.31076393892     -53990.55580820573     57755.8655764627       
387409.569889557       -91135.11002679184     -52796.58418448895     57755.8968264627       
388067.7600433717      -88933.04152627969     -51600.34949537001     57755.9280764627       
388709.1356719561      -86727.20164620393     -50401.90412653315     57755.9593264627       
389333.6662823628      -84517.68693276233     -49201.3005588956      57755.9905764627       
389941.3220235633      -82304.59409290558     -47998.59136771137     57756.0218264627       
390532.0736880463      -80088.01998917962     -46793.82921976492     57756.0530764627       
391105.8927123994      -77868.06163807663     -45587.0668724714      57756.0843264627       
391662.7511779323      -75644.8162083981      -44378.35717298365     57756.1155764627       
392202.6218121878      -73418.38101608676     -43167.75305537936     57756.1468264627       
392725.4779893326      -71188.8535233727      -41955.30754019343     57756.1780764627       
393231.2937315077      -68956.33133399159     -40741.0737318145      57756.2093264627       
393720.0437092262      -66720.91219233774     -39525.10481802103     57756.2405764627       
394191.7032422618      -64482.693980656       -38307.45406845106     57756.2718264627       
394646.2483009193      -62241.7747142533      -37088.17483199429     57756.3030764627       
395083.6555065972      -59998.25253986913     -35867.32053590221     57756.3343264627       
395503.9021323955      -57752.22573405475     -34644.94468490336     57756.3655764627       
395906.9661043925      -55503.79269798562     -33421.10085837745     57756.3968264627       
396292.8260022038      -53253.05195583852     -32195.84270946894     57756.4280764627       
396661.4610595856      -51000.10215317734     -30969.22396420573     57756.4593264627       
397012.8511656257      -48745.04205176048     -29741.29841866957     57756.4905764627       
397295.4840002226      -46843.686947571       -28705.84998056889     57756.516903228        
