400730.1628452278      3.637978807091713e-11  0                      57727                  
400730.72569425        -1.455191522836685e-11 0                      57727.00069444445      
400735.3416869984      -7.275957614183426e-12 0                      57727.00640573971      
400742.2854324483      -7.275957614183426e-12 1.455191522836685e-11  57727.01505186895      
400742.8408298115      -7.275957614183426e-12 -1.455191522836685e-11 57727.01574631339      
400743.2201400459      0                      -1.455191522836685e-11 57727.01622083383      
400743.7749577876      0                      0                      57727.01691527828      
400748.1483043993      1.455191522836685e-11  1.455191522836685e-11  57727.02240440577      
400772.6350253124      1.455191522836685e-11  0                      57727.05365440577      
400796.4194180052      1.455191522836685e-11  0                      57727.08490440577      
400819.4972786021      -7.275957614183426e-12 0                      57727.11615440577      
400841.8643946195      2.182787284255028e-11  0                      57727.14740440577      
400863.5165455189      3.637978807091713e-11  1.455191522836685e-11  57727.17865440577      
400884.4495033277      0                      0                      57727.20990440577      
400904.6590332576      2.182787284255028e-11  -1.455191522836685e-11 57727.24115440577      
400924.1408942961      7.275957614183426e-12  0                      57727.27240440577      
400942.8908398385      -7.275957614183426e-12 1.455191522836685e-11  57727.30365440577      
400960.9046183066      -7.275957614183426e-12 -1.455191522836685e-11 57727.33490440577      
400978.1779737753      -1.455191522836685e-11 0                      57727.36615440577      
400994.7066466002      2.182787284255028e-11  0                      57727.39740440577      
401010.4863740684      2.91038304567337e-11   1.455191522836685e-11  57727.42865440577      
401025.5128910053      -2.91038304567337e-11  1.455191522836685e-11  57727.45990440577      
401039.7819304566      -1.455191522836685e-11 1.455191522836685e-11  57727.49115440577      
401053.2892243168      -1.455191522836685e-11 1.455191522836685e-11  57727.52240440577      
401066.0305039687      0                      -1.455191522836685e-11 57727.55365440577      
401078.0015009692      -1.455191522836685e-11 -1.455191522836685e-11 57727.58490440577      
401089.1979476839      -1.455191522836685e-11 1.455191522836685e-11  57727.61615440577      
401099.6155779613      1.455191522836685e-11  1.455191522836685e-11  57727.64740440577      
401109.2501277964      3.637978807091713e-11  2.91038304567337e-11   57727.67865440577      
401118.0973360085      -7.275957614183426e-12 -1.455191522836685e-11 57727.70990440577      
401126.1529449044      -2.182787284255028e-11 1.455191522836685e-11  57727.74115440577      
401133.4127009634      -7.275957614183426e-12 -1.455191522836685e-11 57727.77240440577      
401139.872355518       -7.275957614183426e-12 0                      57727.80365440577      
401145.5276654355      7.275957614183426e-12  0                      57727.83490440577      
401150.3743938123      -7.275957614183426e-12 0                      57727.86615440577      
401154.408310654       -1.455191522836685e-11 1.455191522836685e-11  57727.89740440577      
401157.6251935814      -1.455191522836685e-11 1.455191522836685e-11  57727.92865440577      
401160.0208285215      7.275957614183426e-12  -1.455191522836685e-11 57727.95990440577      
401161.5910104063      2.91038304567337e-11   1.455191522836685e-11  57727.99115440577      
401162.3315438812      7.275957614183426e-12  0                      57728.02240440577      
401162.2382440064      7.275957614183426e-12  0                      57728.05365440577      
401161.3069369683      1.818989403545856e-11  0                      57728.08490440577      
401159.5334607905      1.818989403545856e-11  0                      57728.11615440577      
401156.9136660454      0                      -7.275957614183426e-12 57728.14740440577      
401153.4434165765      7.275957614183426e-12  7.275957614183426e-12  57728.17865440577      
401149.1185902112      3.637978807091713e-12  7.275957614183426e-12  57728.20990440577      
401143.9350794838      -2.546585164964199e-11 -7.275957614183426e-12 57728.24115440577      
401137.8887923667      -1.455191522836685e-11 -7.275957614183426e-12 57728.27240440577      
401130.9756529822      0                      0                      57728.30365440577      
401123.1916023488      -7.275957614183426e-12 0                      57728.33490440577      
401114.5325990946      -3.637978807091713e-12 7.275957614183426e-12  57728.36615440577      
401104.9946201965      1.818989403545856e-11  7.275957614183426e-12  57728.39740440577      
401094.5736617261      0                      0                      57728.42865440577      
401083.2657395632      3.637978807091713e-12  7.275957614183426e-12  57728.45990440577      
401071.066890154       0                      0                      57728.49115440577      
401057.9731712426      1.455191522836685e-11  1.455191522836685e-11  57728.52240440577      
401043.980662616       0                      0                      57728.55365440577      
401029.0854668357      -7.275957614183426e-12 0                      57728.58490440577      
401013.2837100108      1.091393642127514e-11  0                      57728.61615440577      
400996.5715425113      1.091393642127514e-11  0                      57728.64740440577      
400978.94513973        0                      0                      57728.67865440577      
400960.4007028525      -1.455191522836685e-11 -1.455191522836685e-11 57728.70990440577      
400940.9344595697      0                      0                      57728.74115440577      
400920.5426648484      0                      0                      57728.77240440577      
400899.2216017065      -1.455191522836685e-11 -7.275957614183426e-12 57728.80365440577      
400876.9675819194      3.637978807091713e-12  0                      57728.83490440577      
400853.7769468174      -3.637978807091713e-12 0                      57728.86615440577      
400829.6460680221      -7.275957614183426e-12 7.275957614183426e-12  57728.89740440577      
400804.5713482074      3.637978807091713e-12  -7.275957614183426e-12 57728.92865440577      
400778.5492218581      -1.091393642127514e-11 0                      57728.95990440577      
400751.5761560334      3.637978807091713e-12  -2.182787284255028e-11 57728.99115440577      
400723.6486511023      1.091393642127514e-11  0                      57729.02240440577      
400694.7632415561      -1.455191522836685e-11 3.637978807091713e-12  57729.05365440577      
400664.9164967084      0                      1.091393642127514e-11  57729.08490440577      
400634.1050214814      -1.455191522836685e-11 0                      57729.11615440577      
400602.3254572038      -3.637978807091713e-12 -3.637978807091713e-12 57729.14740440577      
400569.5744823009      0                      3.637978807091713e-12  57729.17865440577      
400535.8488131178      -1.818989403545856e-12 0                      57729.20990440577      
400501.1452046608      0                      -7.275957614183426e-12 57729.24115440577      
400465.4604513408      1.818989403545856e-12  0                      57729.27240440577      
400428.7913877737      -3.637978807091713e-12 0                      57729.30365440577      
400391.1348895185      0                      0                      57729.33490440577      
400352.4878738541      9.094947017729282e-12  -3.637978807091713e-12 57729.36615440577      
400312.8473005069      1.818989403545856e-12  3.637978807091713e-12  57729.39740440577      
400272.2101724914      3.637978807091713e-12  -3.637978807091713e-12 57729.42865440577      
400230.573536781       -5.456968210637569e-12 -3.637978807091713e-12 57729.45990440577      
400187.9344851119      -1.818989403545856e-12 0                      57729.49115440577      
400144.2901547917      -3.637978807091713e-12 0                      57729.52240440577      
400104.654506042       -1.818989403545856e-12 0                      57729.55017834913      
400081.4157417646      -3.637978807091713e-12 0                      57729.56620799169      
400063.3331665528      4.547473508864641e-12  3.637978807091713e-12  57729.57855577947      
400051.8334258298      -2.728484105318785e-12 -1.818989403545856e-12 57729.58635281778      
400042.6109093869      0                      3.637978807091713e-12  57729.59257515902      
400035.3890346633      -1.818989403545856e-12 0                      57729.59742885221      
400029.6634495807      -4.547473508864641e-12 3.637978807091713e-12  57729.60126527575      
400025.0162306315      -9.094947017729282e-13 -1.818989403545856e-12 57729.60437163135      
400021.0958290045      -4.547473508864641e-12 0                      57729.60698695875      
400018.4997999314      -1.818989403545856e-12 1.818989403545856e-12  57729.60871618224      
400016.3819482641      -9.094947017729282e-13 0                      57729.61012535834      
400014.6973903131      -9.094947017729282e-13 0                      57729.6112452494       
400013.466096954       9.094947017729282e-13  0                      57729.61206326286      
400012.2034723071      0                      -1.818989403545856e-12 57729.6129016115       
400011.0587272886      9.094947017729282e-13  -1.818989403545856e-12 57729.61366127198      
400009.944412056       0                      0                      57729.61440035664      
400008.8939983208      -1.818989403545856e-12 0                      57729.61509671286      
400007.6103472559      9.094947017729282e-13  0                      57729.61594723651      
400006.3026571293      0                      0                      57729.61681317558      
400004.6834570597      -1.818989403545856e-12 0                      57729.61788467803      
400002.6034049236      -9.094947017729282e-13 1.818989403545856e-12  57729.61925998955      
399999.9280609513      -2.728484105318785e-12 1.818989403545856e-12  57729.62102699184      
399996.4509962899      -9.094947017729282e-13 -1.818989403545856e-12 57729.62332031055      
399991.7892068493      9.094947017729282e-13  1.818989403545856e-12  57729.6263893701       
399985.7615681265      0                      -1.818989403545856e-12 57729.63034808933      
399977.8934822382      4.547473508864641e-12  0                      57729.63549948609      
399967.5336916763      0                      1.818989403545856e-12  57729.64225480647      
399953.7974922117      2.728484105318785e-12  1.818989403545856e-12  57729.65116432714      
399935.4704041749      3.637978807091713e-12  -1.818989403545856e-12 57729.66296880446      
399910.8629329033      -3.637978807091713e-12 -1.818989403545856e-12 57729.67867312032      
399877.6028615481      -9.094947017729282e-13 0                      57729.69964274904      
399832.3167734868      0                      -1.818989403545856e-12 57729.72773907735      
399780.9738147995      2.728484105318785e-12  -1.818989403545856e-12 57729.75898907735      
399728.6030190272      0                      9.094947017729282e-13  57729.79023907735      
399675.201997617       -9.094947017729282e-13 0                      57729.82148907735      
399620.7684155722      0                      0                      57729.85273907735      
399565.2999921582      -4.547473508864641e-13 9.094947017729282e-13  57729.88398907735      
399508.7945017617      2.273736754432321e-13  4.547473508864641e-13  57729.91523907735      
399451.2497745162      -2.273736754432321e-13 6.821210263296962e-13  57729.94648907735      
399392.6636971083      6.821210263296962e-13  -2.273736754432321e-13 57729.97773907735      
399333.0342135914      6.821210263296962e-13  -2.842170943040401e-14 57730.00898907735      
399272.3593260083      7.958078640513122e-13  0                      57730.04023907735      
399210.6370951979      1.13686837721616e-12   4.547473508864641e-13  57730.07148907735      
399147.865641607       -2.273736754432321e-13 4.547473508864641e-13  57730.10273907735      
399084.0431458909      1.818989403545856e-12  1.818989403545856e-12  57730.13398907735      
399019.1678497752      0                      -1.818989403545856e-12 57730.16523907735      
398953.2380567407      1.364242052659392e-12  0                      57730.19648907735      
398886.2521327838      -6.366462912410498e-12 -9.094947017729282e-13 57730.22773907735      
398818.2085070931      4.547473508864641e-12  -1.818989403545856e-12 57730.25898907735      
398749.1056729145      4.547473508864641e-12  1.818989403545856e-12  57730.29023907735      
398678.9421881281      0                      0                      57730.32148907735      
398607.7166760479      -2.728484105318785e-12 1.818989403545856e-12  57730.35273907735      
398535.4278262272      9.094947017729282e-13  0                      57730.38398907735      
398462.07439502        9.094947017729282e-13  1.818989403545856e-12  57730.41523907735      
398387.6552064436      -5.456968210637569e-12 -1.818989403545856e-12 57730.44648907735      
398312.1691528364      -1.818989403545856e-12 0                      57730.47773907735      
398235.6151956016      -5.456968210637569e-12 0                      57730.50898907735      
398157.9923658708      1.818989403545856e-12  3.637978807091713e-12  57730.54023907735      
398079.2997652972      0                      3.637978807091713e-12  57730.57148907735      
397999.5365667277      -9.094947017729282e-12 -3.637978807091713e-12 57730.60273907735      
397918.7020148532      -3.637978807091713e-12 3.637978807091713e-12  57730.63398907735      
397836.7954270704      0                      3.637978807091713e-12  57730.66523907735      
397753.8161939994      -5.456968210637569e-12 -3.637978807091713e-12 57730.69648907735      
397669.7637802674      -3.637978807091713e-12 3.637978807091713e-12  57730.72773907735      
397584.6377252961      -1.818989403545856e-12 -3.637978807091713e-12 57730.75898907735      
397498.4376438011      -1.091393642127514e-11 7.275957614183426e-12  57730.79023907735      
397411.1632266479      -9.094947017729282e-12 3.637978807091713e-12  57730.82148907735      
397322.8142414624      -3.637978807091713e-12 0                      57730.85273907735      
397233.3905333471      -7.275957614183426e-12 0                      57730.88398907735      
397142.8920254819      -3.637978807091713e-12 -3.637978807091713e-12 57730.91523907735      
397051.3187199754      -1.091393642127514e-11 -7.275957614183426e-12 57730.94648907735      
396958.6706983319      -7.275957614183426e-12 7.275957614183426e-12  57730.97773907735      
396864.9481222155      -1.455191522836685e-11 0                      57731.00898907735      
396770.1512342165      0                      -7.275957614183426e-12 57731.04023907735      
396674.2803583157      -3.637978807091713e-12 7.275957614183426e-12  57731.07148907735      
396577.3359006403      7.275957614183426e-12  0                      57731.10273907735      
396479.318350223       0                      0                      57731.13398907735      
396380.2282794288      1.455191522836685e-11  0                      57731.16523907735      
396280.0663448087      -3.637978807091713e-12 -7.275957614183426e-12 57731.19648907735      
396178.8332875664      1.091393642127514e-11  -1.455191522836685e-11 57731.22773907735      
396076.5299344094      2.182787284255028e-11  7.275957614183426e-12  57731.25898907735      
395973.1571979502      1.818989403545856e-11  7.275957614183426e-12  57731.29023907735      
395868.7160774412      -3.637978807091713e-12 -7.275957614183426e-12 57731.32148907735      
395763.2076595107      -2.182787284255028e-11 7.275957614183426e-12  57731.35273907735      
395656.6331185428      0                      0                      57731.38398907735      
395548.9937174956      1.455191522836685e-11  7.275957614183426e-12  57731.41523907735      
395440.2908084179      -7.275957614183426e-12 7.275957614183426e-12  57731.44648907735      
395330.525833093       -3.637978807091713e-12 0                      57731.47773907735      
395219.7003235408      -3.637978807091713e-11 0                      57731.50898907735      
395107.8159028275      1.091393642127514e-11  -1.455191522836685e-11 57731.54023907735      
394994.8742854008      2.91038304567337e-11   0                      57731.57148907735      
394880.8772777897      -1.455191522836685e-11 0                      57731.60273907735      
394765.8267793064      -7.275957614183426e-12 1.455191522836685e-11  57731.63398907735      
394649.724782377       1.818989403545856e-11  -7.275957614183426e-12 57731.66523907735      
394532.5733732286      0                      1.455191522836685e-11  57731.69648907735      
394414.3747325766      -3.637978807091713e-12 -7.275957614183426e-12 57731.72773907735      
394295.1311359112      1.091393642127514e-11  0                      57731.75898907735      
394174.8449542751      3.637978807091713e-12  -7.275957614183426e-12 57731.79023907735      
394053.5186547042      7.275957614183426e-12  -7.275957614183426e-12 57731.82148907735      
393931.1548008066      -1.091393642127514e-11 -7.275957614183426e-12 57731.85273907735      
393807.756053186       -1.818989403545856e-11 7.275957614183426e-12  57731.88398907735      
393683.3251702051      0                      7.275957614183426e-12  57731.91523907735      
393557.8650082213      3.637978807091713e-12  7.275957614183426e-12  57731.94648907735      
393431.3785222275      -3.637978807091713e-11 2.91038304567337e-11   57731.97773907735      
393303.8687664921      1.455191522836685e-11  0                      57732.00898907735      
393175.3388947664      1.455191522836685e-11  -1.455191522836685e-11 57732.04023907735      
393045.792161045       0                      -1.455191522836685e-11 57732.07148907735      
392915.2319198451      -7.275957614183426e-12 -1.455191522836685e-11 57732.10273907735      
392783.6616268433      -7.275957614183426e-12 -2.91038304567337e-11  57732.13398907735      
392651.0848392764      1.455191522836685e-11  0                      57732.16523907735      
392517.505216309       -2.182787284255028e-11 0                      57732.19648907735      
392382.926519745       -1.455191522836685e-11 0                      57732.22773907735      
392247.3526141691      3.637978807091713e-11  0                      57732.25898907735      
392110.7874675238      -1.455191522836685e-11 0                      57732.29023907735      
391973.2351516869      3.637978807091713e-11  0                      57732.32148907735      
391834.6998425785      1.455191522836685e-11  0                      57732.35273907735      
391695.1858208422      0                      0                      57732.38398907735      
391554.6974721278      2.91038304567337e-11   1.455191522836685e-11  57732.41523907735      
391413.2392875386      -2.182787284255028e-11 1.455191522836685e-11  57732.44648907735      
391270.8158638933      3.637978807091713e-11  1.455191522836685e-11  57732.47773907735      
391127.4319043816      2.91038304567337e-11   0                      57732.50898907735      
391090.9676509044      -2.182787284255028e-11 1.455191522836685e-11  57732.516903228        
391087.7650925529      -7.275957614183426e-12 1.455191522836685e-11  57732.51759767245      
391062.6916942077      0                      0                      57732.52303107444      
390917.9241532008      -1.455191522836685e-11 1.455191522836685e-11  57732.55428107444      
390772.2080466615      2.182787284255028e-11  1.455191522836685e-11  57732.58553107444      
390625.5484467935      0                      0                      57732.61678107444      
390477.9505334683      7.275957614183426e-12  -1.455191522836685e-11 57732.64803107444      
390329.4195948378      7.275957614183426e-12  0                      57732.67928107444      
390179.9610273165      -7.275957614183426e-12 0                      57732.71053107444      
390029.5803360445      -2.182787284255028e-11 0                      57732.74178107444      
389878.2831353472      1.455191522836685e-11  1.455191522836685e-11  57732.77303107444      
389726.0751486773      1.455191522836685e-11  0                      57732.80428107444      
389572.9622091867      -3.637978807091713e-11 -1.455191522836685e-11 57732.83553107444      
389418.9502598863      7.275957614183426e-12  -2.91038304567337e-11  57732.86678107444      
389264.0453538219      -5.820766091346741e-11 1.455191522836685e-11  57732.89803107444      
389108.2536545091      -1.455191522836685e-11 -1.455191522836685e-11 57732.92928107444      
388951.5814359227      7.275957614183426e-12  1.455191522836685e-11  57732.96053107444      
388794.0350830497      -1.455191522836685e-11 0                      57732.99178107444      
388635.6210917431      -1.455191522836685e-11 0                      57733.02303107444      
388476.3460690858      -2.182787284255028e-11 -1.455191522836685e-11 57733.05428107444      
388316.2167337505      -7.275957614183426e-12 -1.455191522836685e-11 57733.08553107444      
388155.2399158094      0                      -1.455191522836685e-11 57733.11678107444      
387993.4225572094      0                      1.455191522836685e-11  57733.14803107444      
387830.7717117835      3.637978807091713e-11  1.455191522836685e-11  57733.17928107444      
387667.2945454476      7.275957614183426e-12  2.91038304567337e-11   57733.21053107444      
387502.9983361835      2.91038304567337e-11   1.455191522836685e-11  57733.24178107444      
387337.8904744721      0                      1.455191522836685e-11  57733.27303107444      
387171.9784630183      -2.91038304567337e-11  0                      57733.30428107444      
387005.2699170414      0                      1.455191522836685e-11  57733.33553107444      
386837.7725643814      -2.91038304567337e-11  -2.91038304567337e-11  57733.36678107444      
386669.4942455023      1.455191522836685e-11  1.455191522836685e-11  57733.39803107444      
386500.4429134497      -1.455191522836685e-11 0                      57733.42928107444      
386330.6266340645      -7.275957614183426e-12 0                      57733.46053107444      
386160.0535858829      -1.455191522836685e-11 0                      57733.49178107444      
385988.7320602041      1.455191522836685e-11  0                      57733.52303107444      
385816.6704609277      0                      1.455191522836685e-11  57733.55428107444      
385643.8773048664      2.91038304567337e-11   0                      57733.58553107444      
385470.3612213128      1.455191522836685e-11  -1.455191522836685e-11 57733.61678107444      
385296.1309521976      2.91038304567337e-11   0                      57733.64803107444      
385121.1953520539      2.182787284255028e-11  1.455191522836685e-11  57733.67928107444      
384945.5633878417      -3.637978807091713e-11 0                      57733.71053107444      
384769.2441389102      -7.275957614183426e-12 0                      57733.74178107444      
384592.2467967269      2.182787284255028e-11  0                      57733.77303107444      
384414.5806650905      0                      0                      57733.80428107444      
384236.2551595776      -2.182787284255028e-11 0                      57733.83553107444      
384057.2798075663      -1.455191522836685e-11 0                      57733.86678107444      
383877.6642482461      -2.182787284255028e-11 0                      57733.89803107444      
383697.4182320434      7.275957614183426e-12  1.455191522836685e-11  57733.92928107444      
383516.5516206269      0                      0                      57733.96053107444      
383335.0743867111      1.455191522836685e-11  1.455191522836685e-11  57733.99178107444      
383152.9966137116      -1.455191522836685e-11 -2.91038304567337e-11  57734.02303107444      
382970.3284955446      -7.275957614183426e-12 0                      57734.05428107444      
382787.080336181       -7.275957614183426e-12 4.365574568510056e-11  57734.08553107444      
382603.262549702       3.637978807091713e-11  -1.455191522836685e-11 57734.11678107444      
382418.8856595583      -1.455191522836685e-11 0                      57734.14803107444      
382233.9602984593      -7.275957614183426e-12 1.455191522836685e-11  57734.17928107444      
382048.4972080498      3.637978807091713e-11  1.455191522836685e-11  57734.21053107444      
381862.5072384375      -2.182787284255028e-11 0                      57734.24178107444      
381676.0013478652      -3.637978807091713e-11 -2.91038304567337e-11  57734.27303107444      
381488.9906021323      1.455191522836685e-11  0                      57734.30428107444      
381301.4861745263      0                      1.455191522836685e-11  57734.33553107444      
381113.4993449424      0                      0                      57734.36678107444      
380925.0414996084      -2.182787284255028e-11 1.455191522836685e-11  57734.39803107444      
380736.1241307954      0                      0                      57734.42928107444      
380546.7588359069      -2.182787284255028e-11 1.455191522836685e-11  57734.46053107444      
380356.9573171793      0                      0                      57734.49178107444      
380166.7313811652      7.275957614183426e-12  2.91038304567337e-11   57734.52303107444      
379976.0929380598      -7.275957614183426e-12 2.91038304567337e-11   57734.55428107444      
379785.0540011754      7.275957614183426e-12  0                      57734.58553107444      
379593.6266861582      0                      2.91038304567337e-11   57734.61678107444      
379401.8232107242      1.455191522836685e-11  0                      57734.64803107444      
379209.6558935641      0                      0                      57734.67928107444      
379017.1371539008      2.91038304567337e-11   2.91038304567337e-11   57734.71053107444      
378824.2795108244      7.275957614183426e-12  -2.91038304567337e-11  57734.74178107444      
378631.095582468       0                      0                      57734.77303107444      
378437.598085333       0                      0                      57734.80428107444      
378243.7998333517      -2.91038304567337e-11  0                      57734.83553107444      
378049.7137374755      0                      -2.91038304567337e-11  57734.86678107444      
377855.3528044192      -2.182787284255028e-11 0                      57734.89803107444      
377660.7301360672      7.275957614183426e-12  0                      57734.92928107444      
377465.8589286516      7.275957614183426e-12  0                      57734.96053107444      
377270.7524717706      -7.275957614183426e-12 0                      57734.99178107444      
377075.4241475541      7.275957614183426e-12  2.91038304567337e-11   57735.02303107444      
376879.8874296011      2.182787284255028e-11  0                      57735.05428107444      
376684.155882237       -7.275957614183426e-12 0                      57735.08553107444      
376488.2431594378      -7.275957614183426e-12 0                      57735.11678107444      
376292.1630037655      -2.91038304567337e-11  -2.91038304567337e-11  57735.14803107444      
376095.9292453812      0                      0                      57735.17928107444      
375899.5558012446      -1.455191522836685e-11 -2.91038304567337e-11  57735.21053107444      
375703.056673596       1.818989403545856e-11  0                      57735.24178107444      
375506.4459492446      1.455191522836685e-11  2.91038304567337e-11   57735.27303107444      
375309.7377982794      -1.455191522836685e-11 0                      57735.30428107444      
375112.9464729977      -3.637978807091713e-12 2.91038304567337e-11   57735.33553107444      
374916.086306636       -1.818989403545856e-11 2.91038304567337e-11   57735.36678107444      
374828.652961683       1.455191522836685e-11  -2.91038304567337e-11  57735.38065752242      
374742.308648499       2.182787284255028e-11  0                      57735.39435965641      
374685.6475420974      1.455191522836685e-11  0                      57735.40335060652      
374636.0690794635      3.637978807091713e-12  2.91038304567337e-11   57735.41121728145      
374604.0263897056      7.275957614183426e-12  2.91038304567337e-11   57735.41630135085      
374578.3641754472      7.275957614183426e-12  0                      57735.42037296324      
374556.7463608627      0                      -2.91038304567337e-11  57735.42380282206      
374541.5969229541      -1.091393642127514e-11 0                      57735.42620638333      
374527.6346100698      1.455191522836685e-11  0                      57735.42842157683      
374513.7490566244      -7.275957614183426e-12 2.91038304567337e-11   57735.43062457167      
374499.6895763332      3.637978807091713e-12  0                      57735.43285514078      
374487.0177402621      -1.091393642127514e-11 0                      57735.43486554048      
374470.0414216892      7.275957614183426e-12  2.91038304567337e-11   57735.4375588274       
374454.1548918344      -7.275957614183426e-12 0                      57735.44007919675      
374434.9530833137      -2.182787284255028e-11 0                      57735.4431255012       
374408.0016670725      -1.818989403545856e-11 0                      57735.44740120815      
374371.890115795       1.091393642127514e-11  0                      57735.45313004698      
374324.7416652959      -1.455191522836685e-11 2.91038304567337e-11   57735.46060969901      
374264.1307165522      1.091393642127514e-11  -2.91038304567337e-11  57735.47022490972      
374185.3032116058      2.546585164964199e-11  -2.91038304567337e-11  57735.48272983338      
374081.7019245534      -1.091393642127514e-11 0                      57735.49916479755      
373944.4792496283      3.637978807091713e-12  0                      57735.52093390932      
373761.6190280411      2.182787284255028e-11  2.91038304567337e-11   57735.54994526329      
373564.6792937369      0                      2.91038304567337e-11   57735.58119526329      
373367.7860763624      -1.091393642127514e-11 2.91038304567337e-11   57735.61244526329      
373170.954372108       7.275957614183426e-12  0                      57735.64369526329      
372974.1992456007      7.275957614183426e-12  -2.91038304567337e-11  57735.67494526329      
372777.5358280157      -1.455191522836685e-11 0                      57735.70619526329      
372580.9793158249      -3.637978807091713e-12 2.91038304567337e-11   57735.73744526329      
372384.54496952        -3.637978807091713e-12 0                      57735.76869526329      
372188.2481116846      1.091393642127514e-11  0                      57735.79994526329      
371992.1041257014      -3.637978807091713e-12 0                      57735.83119526329      
371796.1284542258      1.091393642127514e-11  -2.91038304567337e-11  57735.86244526329      
371600.3365974954      7.275957614183426e-12  0                      57735.89369526329      
371404.7441117882      3.637978807091713e-12  0                      57735.92494526329      
371209.3666076828      3.637978807091713e-12  0                      57735.95619526329      
371014.2197484312      0                      2.91038304567337e-11   57735.98744526329      
370819.3192485141      -1.455191522836685e-11 2.91038304567337e-11   57736.01869526329      
370624.6808714819      3.637978807091713e-12  -2.91038304567337e-11  57736.04994526329      
370430.3204285967      1.818989403545856e-11  0                      57736.08119526329      
370236.2537769011      3.637978807091713e-12  -2.91038304567337e-11  57736.11244526329      
370042.4968174999      -7.275957614183426e-12 2.91038304567337e-11   57736.14369526329      
369849.0654936486      7.275957614183426e-12  0                      57736.17494526329      
369655.9757889527      7.275957614183426e-12  -2.91038304567337e-11  57736.20619526329      
369463.2437257493      1.818989403545856e-12  2.91038304567337e-11   57736.23744526329      
369270.8853628135      9.094947017729282e-12  -2.91038304567337e-11  57736.26869526329      
369078.9167936918      1.818989403545856e-12  2.91038304567337e-11   57736.29994526329      
368887.3541448046      1.818989403545856e-12  0                      57736.33119526329      
368696.2135733905      -9.094947017729282e-12 -2.91038304567337e-11  57736.36244526329      
368505.511265596       -3.637978807091713e-12 2.91038304567337e-11   57736.39369526329      
368315.2634343064      -1.818989403545856e-12 2.91038304567337e-11   57736.42494526329      
368125.4863174917      -1.818989403545856e-12 0                      57736.45619526329      
367936.1961757229      0                      0                      57736.48744526329      
367747.4092903454      0                      0                      57736.51869526329      
367559.1419614232      1.818989403545856e-12  2.91038304567337e-11   57736.54994526329      
367371.4105054734      7.275957614183426e-12  2.91038304567337e-11   57736.58119526329      
367184.2312534427      -1.818989403545856e-12 2.91038304567337e-11   57736.61244526329      
366997.6205484516      1.818989403545856e-12  2.91038304567337e-11   57736.64369526329      
366811.5947436472      3.637978807091713e-12  0                      57736.67494526329      
366626.1702002301      -1.818989403545856e-12 0                      57736.70619526329      
366441.3632848058      0                      0                      57736.73744526329      
366257.190367536       0                      -2.91038304567337e-11  57736.76869526329      
366073.6678195823      9.094947017729282e-13  2.91038304567337e-11   57736.79994526329      
365890.8120110528      0                      2.91038304567337e-11   57736.83119526329      
365708.6393086032      1.364242052659392e-12  2.91038304567337e-11   57736.86244526329      
365527.1660730534      4.547473508864641e-13  0                      57736.89369526329      
365346.4086570826      -4.547473508864641e-13 -2.91038304567337e-11  57736.92494526329      
365166.3834030956      2.273736754432321e-13  0                      57736.95619526329      
364987.1066404346      1.13686837721616e-13   -2.91038304567337e-11  57736.98744526329      
364808.5946833388      -3.410605131648481e-13 -2.91038304567337e-11  57737.01869526329      
364630.8638283764      -1.70530256582424e-13  5.820766091346741e-11  57737.04994526329      
364453.930352084       0                      0                      57737.08119526329      
364277.8105084316      1.591615728102624e-12  5.820766091346741e-11  57737.11244526329      
364102.5205263995      -1.364242052659392e-12 2.91038304567337e-11   57737.14369526329      
363928.0766077228      0                      0                      57737.17494526329      
363754.4949240039      9.094947017729282e-13  -2.91038304567337e-11  57737.20619526329      
363581.7916145832      7.275957614183426e-12  0                      57737.23744526329      
363409.9827837204      -5.456968210637569e-12 0                      57737.26869526329      
363239.0844984328      -4.547473508864641e-12 0                      57737.29994526329      
363069.1127855631      4.547473508864641e-12  -2.91038304567337e-11  57737.33119526329      
362900.0836294713      0                      0                      57737.36244526329      
362732.0129693548      6.366462912410498e-12  5.820766091346741e-11  57737.39369526329      
362564.9166969129      2.728484105318785e-12  -2.91038304567337e-11  57737.42494526329      
362398.8106533795      -7.275957614183426e-12 -2.91038304567337e-11  57737.45619526329      
362233.7106272879      -1.818989403545856e-12 2.91038304567337e-11   57737.48744526329      
362069.6323515759      -5.456968210637569e-12 0                      57737.51869526329      
361906.5915013285      5.456968210637569e-12  2.91038304567337e-11   57737.54994526329      
361744.6036907849      5.456968210637569e-12  0                      57737.58119526329      
361583.6844709196      -7.275957614183426e-12 2.91038304567337e-11   57737.61244526329      
361423.8493268427      5.456968210637569e-12  0                      57737.64369526329      
361265.1136750795      -5.456968210637569e-12 2.91038304567337e-11   57737.67494526329      
361107.4928609895      -3.637978807091713e-12 2.91038304567337e-11   57737.70619526329      
360951.0021560406      5.456968210637569e-12  2.91038304567337e-11   57737.73744526329      
360795.6567551935      1.2732925824821e-11    -2.91038304567337e-11  57737.76869526329      
360641.471774444       -1.818989403545856e-12 0                      57737.79994526329      
360488.4622478183      -1.455191522836685e-11 0                      57737.83119526329      
360336.6431250499      0                      2.91038304567337e-11   57737.86244526329      
360186.0292686854      1.091393642127514e-11  0                      57737.89369526329      
360036.6354516227      0                      2.91038304567337e-11   57737.92494526329      
359888.4763543806      3.637978807091713e-12  2.91038304567337e-11   57737.95619526329      
359741.5665624016      7.275957614183426e-12  -2.91038304567337e-11  57737.98744526329      
359595.9205634349      3.637978807091713e-12  0                      57738.01869526329      
359451.5527450762      -1.455191522836685e-11 -2.91038304567337e-11  57738.04994526329      
359308.4773917991      -2.91038304567337e-11  2.91038304567337e-11   57738.08119526329      
359166.7086826314      -1.091393642127514e-11 -2.91038304567337e-11  57738.11244526329      
359026.2606882801      0                      0                      57738.14369526329      
358887.1473688136      2.182787284255028e-11  0                      57738.17494526329      
358749.3825707305      -1.455191522836685e-11 -2.91038304567337e-11  57738.20619526329      
358612.9800245353      1.455191522836685e-11  0                      57738.23744526329      
358477.9533421703      1.091393642127514e-11  0                      57738.26869526329      
358344.3160143643      -1.455191522836685e-11 0                      57738.29994526329      
358212.0814081117      1.091393642127514e-11  2.91038304567337e-11   57738.33119526329      
358081.2627640466      -1.455191522836685e-11 -2.91038304567337e-11  57738.36244526329      
357951.8731939257      -2.182787284255028e-11 -2.91038304567337e-11  57738.39369526329      
357823.9256782588      1.455191522836685e-11  0                      57738.42494526329      
357697.4330635204      -3.637978807091713e-12 0                      57738.45619526329      
357572.4080598138      -2.182787284255028e-11 0                      57738.48744526329      
357448.8632384103      -1.455191522836685e-11 0                      57738.51869526329      
357326.8110292188      1.455191522836685e-11  2.91038304567337e-11   57738.54994526329      
357206.2637183849      -3.637978807091713e-12 2.91038304567337e-11   57738.58119526329      
357087.2334458012      1.455191522836685e-11  2.91038304567337e-11   57738.61244526329      
356969.732202725       -7.275957614183426e-12 0                      57738.64369526329      
356853.7718295387      3.637978807091713e-12  0                      57738.67494526329      
356739.364013118       0                      0                      57738.70619526329      
356626.5202847404      -1.091393642127514e-11 0                      57738.73744526329      
356515.2520176067      3.637978807091713e-12  0                      57738.76869526329      
356405.5704245936      -2.182787284255028e-11 -2.91038304567337e-11  57738.79994526329      
356297.4865561225      -7.275957614183426e-12 2.91038304567337e-11   57738.83119526329      
356191.0112976697      7.275957614183426e-12  0                      57738.86244526329      
356086.1553677868      0                      -2.91038304567337e-11  57738.89369526329      
355982.9293157285      7.275957614183426e-12  2.91038304567337e-11   57738.92494526329      
355881.3435195212      7.275957614183426e-12  0                      57738.95619526329      
355781.4081836002      0                      -1.455191522836685e-11 57738.98744526329      
355683.1333368636      0                      -1.455191522836685e-11 57739.01869526329      
355586.5288305409      -1.455191522836685e-11 1.455191522836685e-11  57739.04994526329      
355491.6043362994      2.182787284255028e-11  0                      57739.08119526329      
355398.3693440275      1.455191522836685e-11  0                      57739.11244526329      
355306.8331600763      -1.455191522836685e-11 2.91038304567337e-11   57739.14369526329      
355217.0049051687      1.455191522836685e-11  0                      57739.17494526329      
355128.8935127002      1.455191522836685e-11  -1.455191522836685e-11 57739.20619526329      
355042.5077266783      4.365574568510056e-11  1.455191522836685e-11  57739.23744526329      
354957.8561000179      -7.275957614183426e-12 0                      57739.26869526329      
354874.9469927901      2.182787284255028e-11  0                      57739.29994526329      
354793.7885703641      0                      0                      57739.33119526329      
354714.3888018799      -1.455191522836685e-11 0                      57739.36244526329      
354636.7554584022      7.275957614183426e-12  -1.455191522836685e-11 57739.39369526329      
354560.8961114021      1.455191522836685e-11  1.455191522836685e-11  57739.42494526329      
354486.8181311912      1.455191522836685e-11  1.455191522836685e-11  57739.45619526329      
354414.5286853454      2.182787284255028e-11  1.455191522836685e-11  57739.48744526329      
354344.0347372388      1.455191522836685e-11  0                      57739.51869526329      
354275.3430445574      -2.91038304567337e-11  0                      57739.54994526329      
354208.4601579103      1.455191522836685e-11  0                      57739.58119526329      
354143.3924195507      -7.275957614183426e-12 -1.455191522836685e-11 57739.61244526329      
354080.145961921       1.455191522836685e-11  0                      57739.64369526329      
354018.7267064692      0                      -2.91038304567337e-11  57739.67494526329      
353959.1403624477      7.275957614183426e-12  -1.455191522836685e-11 57739.70619526329      
353901.392425654       0                      1.455191522836685e-11  57739.73744526329      
353845.4881774302      -7.275957614183426e-12 1.455191522836685e-11  57739.76869526329      
353791.432683451       -1.455191522836685e-11 0                      57739.79994526329      
353739.2307927695      -2.91038304567337e-11  -2.91038304567337e-11  57739.83119526329      
353688.8871368435      -1.455191522836685e-11 1.455191522836685e-11  57739.86244526329      
353640.4061285782      -7.275957614183426e-12 1.455191522836685e-11  57739.89369526329      
353593.7919614639      -7.275957614183426e-12 -1.455191522836685e-11 57739.92494526329      
353549.0486087219      -5.093170329928398e-11 1.455191522836685e-11  57739.95619526329      
353506.1798225444      -4.365574568510056e-11 0                      57739.98744526329      
353465.1891333818      -7.275957614183426e-12 0                      57740.01869526329      
353426.0798492442      -1.455191522836685e-11 -1.455191522836685e-11 57740.04994526329      
353388.8550550914      -2.91038304567337e-11  1.455191522836685e-11  57740.08119526329      
353353.517612243       -2.182787284255028e-11 -1.455191522836685e-11 57740.11244526329      
353320.0701578674      -3.637978807091713e-11 -1.455191522836685e-11 57740.14369526329      
353288.5151045566      -1.455191522836685e-11 0                      57740.17494526329      
353258.8546398412      2.91038304567337e-11   0                      57740.20619526329      
353231.090725874       -4.365574568510056e-11 0                      57740.23744526329      
353205.2250991301      -1.455191522836685e-11 1.455191522836685e-11  57740.26869526329      
353181.2592701162      -2.182787284255028e-11 1.455191522836685e-11  57740.29994526329      
353159.1945232238      -1.455191522836685e-11 0                      57740.33119526329      
353139.0319165271      -7.275957614183426e-12 -1.455191522836685e-11 57740.36244526329      
353120.7722817214      -3.637978807091713e-11 1.455191522836685e-11  57740.39369526329      
353104.4162240858      -2.91038304567337e-11  0                      57740.42494526329      
353089.9641224872      0                      1.455191522836685e-11  57740.45619526329      
353077.4161294536      -1.455191522836685e-11 -1.455191522836685e-11 57740.48744526329      
353066.7721712924      -7.275957614183426e-12 0                      57740.51869526329      
353058.031948295       1.455191522836685e-11  0                      57740.54994526329      
353051.1949349609      -7.275957614183426e-12 1.455191522836685e-11  57740.58119526329      
353046.2603802626      -1.455191522836685e-11 1.455191522836685e-11  57740.61244526329      
353043.2273079882      1.455191522836685e-11  0                      57740.64369526329      
353042.094517132       -7.275957614183426e-12 1.455191522836685e-11  57740.67494526329      
353042.8605823427      4.365574568510056e-11  -1.455191522836685e-11 57740.70619526329      
353045.5238544219      -3.637978807091713e-11 -1.455191522836685e-11 57740.73744526329      
353050.0824608715      7.275957614183426e-12  0                      57740.76869526329      
353056.5343065039      0                      0                      57740.79994526329      
353064.87707409        7.275957614183426e-12  1.455191522836685e-11  57740.83119526329      
353075.1082250787      2.91038304567337e-11   -1.455191522836685e-11 57740.86244526329      
353087.2250003365      -1.455191522836685e-11 -1.455191522836685e-11 57740.89369526329      
353101.2244209817      -1.455191522836685e-11 0                      57740.92494526329      
353117.1032892354      0                      0                      57740.95619526329      
353128.193853508       -7.275957614183426e-12 0                      57740.97609694462      
353136.4133223682      -3.637978807091713e-11 0                      57740.9900344881       
353142.697422104       1.455191522836685e-11  -1.455191522836685e-11 57741.00028713908      
353146.7978798785      0                      -1.455191522836685e-11 57741.00680624291      
353150.1067905071      0                      0                      57741.01197494534      
353152.6972397583      1.455191522836685e-11  0                      57741.01596669924      
353154.7306100117      1.455191522836685e-11  0                      57741.01906759169      
353156.3298493357      -1.455191522836685e-11 2.91038304567337e-11   57741.02148694873      
353157.5959481209      -7.275957614183426e-12 2.91038304567337e-11   57741.023390418        
353158.6160713474      7.275957614183426e-12  0                      57741.02491655848      
353159.4994229386      -7.275957614183426e-12 0                      57741.02623273166      
353160.1121987782      -1.455191522836685e-11 0                      57741.02714286641      
353160.5711041649      4.365574568510056e-11  -1.455191522836685e-11 57741.02782292692      
353160.9795419303      0                      1.455191522836685e-11  57741.02842709915      
353161.2446022595      -2.91038304567337e-11  0                      57741.02881863224      
353161.4860585603      -7.275957614183426e-12 1.455191522836685e-11  57741.02917492243      
353161.7267763761      1.455191522836685e-11  0                      57741.02952976694      
353161.944765105       3.637978807091713e-11  0                      57741.02985080051      
353162.1624769698      0                      -1.455191522836685e-11 57741.03017113708      
353162.419019329       7.275957614183426e-12  -1.455191522836685e-11 57741.03054823807      
353162.6821473745      -1.455191522836685e-11 0                      57741.03093460511      
353162.988853738       -3.637978807091713e-11 1.455191522836685e-11  57741.03138443291      
353163.3815300219      0                      0                      57741.03195952132      
353163.8864870936      -1.455191522836685e-11 0                      57741.0326976919       
353164.5397385018      -7.275957614183426e-12 1.455191522836685e-11  57741.03365039552      
353165.4143716665      0                      1.455191522836685e-11  57741.03492202045      
353166.5609717472      0                      -1.455191522836685e-11 57741.03658229358      
353168.0888891679      -7.275957614183426e-12 0                      57741.03878295714      
353170.1114253614      0                      1.455191522836685e-11  57741.04167574682      
353172.8101546006      -7.275957614183426e-12 1.455191522836685e-11  57741.0455005791       
353176.4373781093      0                      0                      57741.05058012746      
353181.3497607086      -1.455191522836685e-11 0                      57741.05735212235      
353188.0597121362      7.275957614183426e-12  0                      57741.06641346877      
353197.3085060507      7.275957614183426e-12  0                      57741.07857120505      
353210.1937983956      -7.275957614183426e-12 0                      57741.09492535231      
353228.3837372532      -7.275957614183426e-12 -1.455191522836685e-11 57741.11698879499      
353254.4535857282      -1.455191522836685e-11 0                      57741.1468264627       
353283.5660677964      2.91038304567337e-11   0                      57741.1780764627       
353314.5241511627      -1.455191522836685e-11 -1.455191522836685e-11 57741.2093264627       
353347.3226941208      2.91038304567337e-11   1.455191522836685e-11  57741.2405764627       
353381.9563475202      -1.455191522836685e-11 0                      57741.2718264627       
353418.4195562129      7.275957614183426e-12  -7.275957614183426e-12 57741.3030764627       
353456.706560421       -3.637978807091713e-12 0                      57741.3343264627       
353496.8113973088      -1.455191522836685e-11 2.182787284255028e-11  57741.3655764627       
353538.7279024701      -3.637978807091713e-12 -7.275957614183426e-12 57741.3968264627       
353582.4497114871      1.455191522836685e-11  -7.275957614183426e-12 57741.4280764627       
353627.9702616078      7.275957614183426e-12  2.182787284255028e-11  57741.4593264627       
353675.2827933112      -3.637978807091713e-12 0                      57741.4905764627       
353724.3803521121      7.275957614183426e-12  -7.275957614183426e-12 57741.5218264627       
353775.255790237       1.091393642127514e-11  -7.275957614183426e-12 57741.5530764627       
353827.9017684312      -1.455191522836685e-11 0                      57741.5843264627       
353882.3107577497      7.275957614183426e-12  0                      57741.6155764627       
353938.4750414413      -3.637978807091713e-12 7.275957614183426e-12  57741.6468264627       
353996.3867168255      -1.818989403545856e-11 -7.275957614183426e-12 57741.6780764627       
354056.0376972533      1.455191522836685e-11  0                      57741.7093264627       
354117.4197140563      1.091393642127514e-11  -1.455191522836685e-11 57741.7405764627       
354180.524318526       3.637978807091713e-12  0                      57741.7718264627       
354245.3428839815      0                      7.275957614183426e-12  57741.8030764627       
354311.8666078175      0                      0                      57741.8343264627       
354380.0865136412      -7.275957614183426e-12 7.275957614183426e-12  57741.8655764627       
354449.9934533841      3.637978807091713e-12  0                      57741.8968264627       
354521.5781094409      -7.275957614183426e-12 -1.455191522836685e-11 57741.9280764627       
354594.8309969003      0                      7.275957614183426e-12  57741.9593264627       
354669.7424657427      1.455191522836685e-11  0                      57741.9905764627       
354746.3027031322      -3.637978807091713e-12 7.275957614183426e-12  57742.0218264627       
354824.5017356696      0                      7.275957614183426e-12  57742.0530764627       
354904.3294316693      -3.637978807091713e-12 1.455191522836685e-11  57742.0843264627       
354985.7755035169      3.637978807091713e-12  0                      57742.1155764627       
355068.8295100678      -3.637978807091713e-12 0                      57742.1468264627       
355153.4808589253      1.455191522836685e-11  7.275957614183426e-12  57742.1780764627       
355239.7188089444      -1.455191522836685e-11 -7.275957614183426e-12 57742.2093264627       
355327.5324726122      -5.456968210637569e-12 3.637978807091713e-12  57742.2405764627       
355416.9108184609      1.818989403545856e-12  3.637978807091713e-12  57742.2718264627       
355507.8426735775      -1.818989403545856e-12 0                      57742.3030764627       
355600.3167260566      -3.637978807091713e-12 0                      57742.3343264627       
355694.3215275505      1.818989403545856e-12  -3.637978807091713e-12 57742.3655764627       
355789.8454957565      0                      3.637978807091713e-12  57742.3968264627       
355886.8769169193      3.637978807091713e-12  0                      57742.4280764627       
355985.4039484297      5.456968210637569e-12  0                      57742.4593264627       
356085.4146213572      -1.091393642127514e-11 0                      57742.4905764627       
356186.8968430812      0                      -3.637978807091713e-12 57742.5218264627       
356289.8383998485      -3.637978807091713e-12 0                      57742.5530764627       
356394.2269593398      -1.818989403545856e-12 3.637978807091713e-12  57742.5843264627       
356500.0500733377      -7.275957614183426e-12 -1.818989403545856e-12 57742.6155764627       
356607.2951803145      2.728484105318785e-12  1.818989403545856e-12  57742.6468264627       
356715.9496081219      -2.728484105318785e-12 -1.818989403545856e-12 57742.6780764627       
356826.0005765762      -3.637978807091713e-12 0                      57742.7093264627       
356937.4352001464      0                      0                      57742.7405764627       
357050.2404905499      2.728484105318785e-12  1.818989403545856e-12  57742.7718264627       
357164.4033594715      -4.547473508864641e-12 -1.818989403545856e-12 57742.8030764627       
357279.9106211903      0                      0                      57742.8343264627       
357396.7489953093      -4.547473508864641e-13 -1.818989403545856e-12 57742.8655764627       
357514.9051093883      -1.364242052659392e-12 9.094947017729282e-13  57742.8968264627       
357634.3655015765      -4.547473508864641e-13 0                      57742.9280764627       
357755.1166233497      -2.273736754432321e-13 0                      57742.9593264627       
357877.1448421453      2.273736754432321e-13  0                      57742.9905764627       
358000.4364441019      -1.989519660128281e-13 6.252776074688882e-13  57743.0218264627       
358124.9776366929      7.389644451905042e-13  1.13686837721616e-13   57743.0530764627       
358250.7545513323      -1.818989403545856e-12 9.094947017729282e-13  57743.0843264627       
358377.7532462218      4.547473508864641e-13  -9.094947017729282e-13 57743.1155764627       
358505.9597087497      0                      9.094947017729282e-13  57743.1468264627       
358635.3598584451      -1.364242052659392e-12 -9.094947017729282e-13 57743.1780764627       
358765.9395494782      2.728484105318785e-12  9.094947017729282e-13  57743.2093264627       
358897.6845732651      -1.818989403545856e-12 -9.094947017729282e-13 57743.2405764627       
359030.5806612743      -2.728484105318785e-12 -1.818989403545856e-12 57743.2718264627       
359164.6134875026      8.185452315956354e-12  1.818989403545856e-12  57743.3030764627       
359299.7686711732      -6.366462912410498e-12 0                      57743.3343264627       
359436.0317794057      -3.637978807091713e-12 0                      57743.3655764627       
359573.3883297812      -4.547473508864641e-12 -1.818989403545856e-12 57743.3968264627       
359711.8237928701      0                      1.818989403545856e-12  57743.4280764627       
359851.3235950185      -5.456968210637569e-12 3.637978807091713e-12  57743.4593264627       
359991.8731206336      1.818989403545856e-12  -3.637978807091713e-12 57743.4905764627       
360133.4577150713      5.456968210637569e-12  0                      57743.5218264627       
360276.0626870202      3.637978807091713e-12  7.275957614183426e-12  57743.5530764627       
360419.6733109911      5.456968210637569e-12  0                      57743.5843264627       
360564.2748299965      1.818989403545856e-12  0                      57743.6155764627       
360709.8524580158      7.275957614183426e-12  -3.637978807091713e-12 57743.6468264627       
360856.3913823125      -5.456968210637569e-12 0                      57743.6780764627       
361003.8767662522      9.094947017729282e-12  3.637978807091713e-12  57743.7093264627       
361152.2937514596      5.456968210637569e-12  0                      57743.7405764627       
361301.6274604772      1.2732925824821e-11    3.637978807091713e-12  57743.7718264627       
361451.8629991206      -1.091393642127514e-11 3.637978807091713e-12  57743.8030764627       
361602.9854588406      0                      3.637978807091713e-12  57743.8343264627       
361754.9799191725      -7.275957614183426e-12 -3.637978807091713e-12 57743.8655764627       
361907.8314501968      -1.455191522836685e-11 -7.275957614183426e-12 57743.8968264627       
362061.5251147104      0                      0                      57743.9280764627       
362216.0459707545      -3.637978807091713e-12 7.275957614183426e-12  57743.9593264627       
362371.3790738555      1.455191522836685e-11  -7.275957614183426e-12 57743.9905764627       
362527.5094792683      -1.455191522836685e-11 -1.455191522836685e-11 57744.0218264627       
362684.4222443379      -2.182787284255028e-11 0                      57744.0530764627       
362842.1024307011      3.637978807091713e-12  0                      57744.0843264627       
363000.535106607       2.182787284255028e-11  7.275957614183426e-12  57744.1155764627       
363159.705349075       -1.455191522836685e-11 0                      57744.1468264627       
363319.5982460019      -7.275957614183426e-12 0                      57744.1780764627       
363480.1988985573      1.091393642127514e-11  7.275957614183426e-12  57744.2093264627       
363641.4924229896      7.275957614183426e-12  0                      57744.2405764627       
363803.4639531173      7.275957614183426e-12  7.275957614183426e-12  57744.2718264627       
363966.0986422314      3.637978807091713e-12  0                      57744.3030764627       
364129.3816651122      -2.91038304567337e-11  0                      57744.3343264627       
364293.2982202537      1.091393642127514e-11  0                      57744.3655764627       
364457.8335318349      -2.91038304567337e-11  0                      57744.3968264627       
364622.9728515186      1.091393642127514e-11  7.275957614183426e-12  57744.4280764627       
364788.7014607793      -1.091393642127514e-11 7.275957614183426e-12  57744.4593264627       
364955.0046726547      2.546585164964199e-11  -7.275957614183426e-12 57744.4905764627       
365121.8678335992      -7.275957614183426e-12 -7.275957614183426e-12 57744.5218264627       
365289.2763255305      -3.637978807091713e-12 7.275957614183426e-12  57744.5530764627       
365457.2155677041      -7.275957614183426e-12 0                      57744.5843264627       
365625.6710183338      3.637978807091713e-12  -2.182787284255028e-11 57744.6155764627       
365794.628176799       1.455191522836685e-11  -7.275957614183426e-12 57744.6468264627       
365964.0725850847      -1.455191522836685e-11 -7.275957614183426e-12 57744.6780764627       
366133.9898297903      3.637978807091713e-12  0                      57744.7093264627       
366304.365543783       -1.091393642127514e-11 -1.455191522836685e-11 57744.7405764627       
366475.1854078253      3.637978807091713e-12  0                      57744.7718264627       
366646.4351525056      3.637978807091713e-12  -1.455191522836685e-11 57744.8030764627       
366818.100559539       7.275957614183426e-12  0                      57744.8343264627       
366990.1674637966      1.455191522836685e-11  0                      57744.8655764627       
367162.6217547031      2.91038304567337e-11   0                      57744.8968264627       
367335.4493777581      0                      0                      57744.9280764627       
367508.6363362726      0                      0                      57744.9593264627       
367682.168692837       7.275957614183426e-12  0                      57744.9905764627       
367856.0325706058      -1.455191522836685e-11 -1.455191522836685e-11 57745.0218264627       
368030.2141551391      1.455191522836685e-11  1.455191522836685e-11  57745.0530764627       
368204.6996956331      2.182787284255028e-11  -1.455191522836685e-11 57745.0843264627       
368379.4755062772      -7.275957614183426e-12 1.455191522836685e-11  57745.1155764627       
368554.5279678294      0                      1.455191522836685e-11  57745.1468264627       
368729.8435288873      0                      0                      57745.1780764627       
368905.4087071628      0                      1.455191522836685e-11  57745.2093264627       
369081.2100908837      0                      1.455191522836685e-11  57745.2405764627       
369257.2343400134      -7.275957614183426e-12 -1.455191522836685e-11 57745.2718264627       
369433.468187598       7.275957614183426e-12  0                      57745.3030764627       
369609.8984409325      0                      1.455191522836685e-11  57745.3343264627       
369786.5119826663      1.455191522836685e-11  0                      57745.3655764627       
369963.295772164       -2.182787284255028e-11 -1.455191522836685e-11 57745.3968264627       
370140.2368465887      7.275957614183426e-12  1.455191522836685e-11  57745.4280764627       
370317.3223218023      -1.455191522836685e-11 0                      57745.4593264627       
370494.5393938645      -1.455191522836685e-11 -1.455191522836685e-11 57745.4905764627       
370671.8753397225      -7.275957614183426e-12 1.455191522836685e-11  57745.5218264627       
370849.3175185005      0                      0                      57745.5530764627       
371026.853372418       -2.182787284255028e-11 0                      57745.5843264627       
371204.4704276815      -7.275957614183426e-12 1.455191522836685e-11  57745.6155764627       
371382.1562956633      -2.91038304567337e-11  0                      57745.6468264627       
371559.8986736156      -4.365574568510056e-11 -1.455191522836685e-11 57745.6780764627       
371737.6853456714      4.365574568510056e-11  1.455191522836685e-11  57745.7093264627       
371915.5041837887      -7.275957614183426e-12 0                      57745.7405764627       
372093.343148543       -7.275957614183426e-12 1.455191522836685e-11  57745.7718264627       
372271.1902898632      -1.455191522836685e-11 0                      57745.8030764627       
372449.0337480237      3.637978807091713e-11  -1.455191522836685e-11 57745.8343264627       
372626.8617543603      -2.182787284255028e-11 1.455191522836685e-11  57745.8655764627       
372804.6626318046      2.182787284255028e-11  0                      57745.8968264627       
372982.4247960204      7.275957614183426e-12  2.91038304567337e-11   57745.9280764627       
373160.1367557301      -7.275957614183426e-12 1.455191522836685e-11  57745.9593264627       
373337.7871136454      2.182787284255028e-11  -1.455191522836685e-11 57745.9905764627       
373515.364567027       7.275957614183426e-12  0                      57746.0218264627       
373692.8579082206      -1.455191522836685e-11 -1.455191522836685e-11 57746.0530764627       
373870.2560254508      0                      0                      57746.0843264627       
374047.5479033397      7.275957614183426e-12  1.455191522836685e-11  57746.1155764627       
374224.7226232456      2.182787284255028e-11  -1.455191522836685e-11 57746.1468264627       
374401.7693642051      7.275957614183426e-12  -1.455191522836685e-11 57746.1780764627       
374578.6774030668      -2.91038304567337e-11  0                      57746.2093264627       
374755.4361152301      2.182787284255028e-11  0                      57746.2405764627       
374932.0349749841      2.182787284255028e-11  1.455191522836685e-11  57746.2718264627       
375108.4635560113      2.182787284255028e-11  1.455191522836685e-11  57746.3030764627       
375284.7115317136      -2.182787284255028e-11 1.455191522836685e-11  57746.3343264627       
375460.7686757018      4.365574568510056e-11  1.455191522836685e-11  57746.3655764627       
375636.6248621071      -1.455191522836685e-11 -1.455191522836685e-11 57746.3968264627       
375812.2700660274      1.455191522836685e-11  0                      57746.4280764627       
375987.6943637945      0                      2.91038304567337e-11   57746.4593264627       
376162.8879331899      1.455191522836685e-11  0                      57746.4905764627       
376337.8410539182      -7.275957614183426e-12 0                      57746.5218264627       
376512.5441077802      7.275957614183426e-12  0                      57746.5530764627       
376686.9875788556      1.455191522836685e-11  -2.91038304567337e-11  57746.5843264627       
376861.1620538205      1.455191522836685e-11  0                      57746.6155764627       
377035.0582220895      7.275957614183426e-12  1.455191522836685e-11  57746.6468264627       
377208.6668760912      -2.182787284255028e-11 1.455191522836685e-11  57746.6780764627       
377381.9789113696      0                      1.455191522836685e-11  57746.7093264627       
377554.985326636       -7.275957614183426e-12 -1.455191522836685e-11 57746.7405764627       
377727.6772240769      0                      0                      57746.7718264627       
377900.0458093658      7.275957614183426e-12  2.91038304567337e-11   57746.8030764627       
378072.0823916874      -2.91038304567337e-11  1.455191522836685e-11  57746.8343264627       
378243.7783838656      7.275957614183426e-12  0                      57746.8655764627       
378415.1253025009      -4.365574568510056e-11 0                      57746.8968264627       
378586.1147677877      2.182787284255028e-11  1.455191522836685e-11  57746.9280764627       
378756.7385037364      -1.455191522836685e-11 -1.455191522836685e-11 57746.9593264627       
378926.9883380752      -4.365574568510056e-11 -1.455191522836685e-11 57746.9905764627       
379096.8562021341      -7.275957614183426e-12 0                      57747.0218264627       
379266.3341309835      -7.275957614183426e-12 0                      57747.0530764627       
379435.4142633114      0                      0                      57747.0843264627       
379604.0888411386      -2.182787284255028e-11 0                      57747.1155764627       
379772.3502101121      1.455191522836685e-11  0                      57747.1468264627       
379940.1908190345      -7.275957614183426e-12 0                      57747.1780764627       
380107.6032199759      1.455191522836685e-11  2.91038304567337e-11   57747.2093264627       
380274.5800680398      -2.91038304567337e-11  2.91038304567337e-11   57747.2405764627       
380441.114121115       1.455191522836685e-11  0                      57747.2718264627       
380607.1982398754      0                      -2.91038304567337e-11  57747.3030764627       
380772.8253875022      0                      0                      57747.3343264627       
380937.9886294154      1.455191522836685e-11  2.91038304567337e-11   57747.3655764627       
381102.6811331427      7.275957614183426e-12  -2.91038304567337e-11  57747.3968264627       
381266.8961680217      2.91038304567337e-11   2.91038304567337e-11   57747.4280764627       
381430.6271050373      1.455191522836685e-11  0                      57747.4593264627       
381593.8674164661      7.275957614183426e-12  2.91038304567337e-11   57747.4905764627       
381756.6106756555      -7.275957614183426e-12 2.91038304567337e-11   57747.5218264627       
381918.8505566127      7.275957614183426e-12  0                      57747.5530764627       
382080.58083387        -2.182787284255028e-11 -2.91038304567337e-11  57747.5843264627       
382241.7953820748      0                      0                      57747.6155764627       
382402.4881755986      2.182787284255028e-11  -2.91038304567337e-11  57747.6468264627       
382562.6532882727      7.275957614183426e-12  0                      57747.6780764627       
382722.2848929709      0                      -2.91038304567337e-11  57747.7093264627       
382881.3772613188      2.182787284255028e-11  -2.91038304567337e-11  57747.7405764627       
383039.9247632503      0                      2.91038304567337e-11   57747.7718264627       
383197.9218665238      -2.182787284255028e-11 0                      57747.8030764627       
383355.36313648        -7.275957614183426e-12 0                      57747.8343264627       
383512.243235533       -1.818989403545856e-11 0                      57747.8655764627       
383668.556922652       0                      0                      57747.8968264627       
383824.2990531371      -3.637978807091713e-12 2.91038304567337e-11   57747.9280764627       
383979.4645778287      1.818989403545856e-11  2.91038304567337e-11   57747.9593264627       
384134.0485429972      4.729372449219227e-11  0                      57747.9905764627       
384288.0460896693      -3.274180926382542e-11 0                      57748.0218264627       
384441.452453084       7.275957614183426e-12  0                      57748.0530764627       
384594.262962353       -3.637978807091713e-12 0                      57748.0843264627       
384746.4730398424      1.818989403545856e-11  2.91038304567337e-11   57748.1155764627       
384898.0782007021      -1.455191522836685e-11 0                      57748.1468264627       
385049.074052229       1.091393642127514e-11  0                      57748.1780764627       
385199.4562934849      -2.182787284255028e-11 -2.91038304567337e-11  57748.2093264627       
385349.2207146915      0                      0                      57748.2405764627       
385498.363196485       -3.274180926382542e-11 2.91038304567337e-11   57748.2718264627       
385646.8797096898      -1.818989403545856e-11 0                      57748.3030764627       
385794.7663144239      0                      2.91038304567337e-11   57748.3343264627       
385942.0191597207      -1.818989403545856e-11 2.91038304567337e-11   57748.3655764627       
386088.634482854       -1.091393642127514e-11 2.91038304567337e-11   57748.3968264627       
386234.6086086563      0                      -5.820766091346741e-11 57748.4280764627       
386379.937949061       0                      0                      57748.4593264627       
386524.6190024029      -1.091393642127514e-11 2.91038304567337e-11   57748.4905764627       
386668.6483527149      0                      0                      57748.5218264627       
386812.0226692976      -1.455191522836685e-11 0                      57748.5530764627       
386954.7387057659      -1.455191522836685e-11 2.91038304567337e-11   57748.5843264627       
387096.7932997285      7.275957614183426e-12  0                      57748.6155764627       
387238.1833719515      -3.637978807091713e-12 -2.91038304567337e-11  57748.6468264627       
387378.9059256439      3.637978807091713e-12  5.820766091346741e-11  57748.6780764627       
387518.9580459348      3.637978807091713e-12  -2.91038304567337e-11  57748.7093264627       
387658.336899119       -1.091393642127514e-11 -2.91038304567337e-11  57748.7405764627       
387797.0397318976      3.637978807091713e-12  0                      57748.7718264627       
387935.0638708341      -3.637978807091713e-12 0                      57748.8030764627       
388072.4067215571      -3.637978807091713e-12 -5.820766091346741e-11 57748.8343264627       
388209.0657681055      -3.637978807091713e-12 -2.91038304567337e-11  57748.8655764627       
388345.038572145       -1.818989403545856e-11 0                      57748.8968264627       
388480.3227723261      -3.637978807091713e-12 0                      57748.9280764627       
388614.9160835137      1.818989403545856e-12  0                      57748.9593264627       
388748.8162961325      1.091393642127514e-11  -2.91038304567337e-11  57748.9905764627       
388882.0212753866      -5.456968210637569e-12 2.91038304567337e-11   57749.0218264627       
389014.5289604524      1.2732925824821e-11    2.91038304567337e-11   57749.0530764627       
389146.337363878       5.456968210637569e-12  0                      57749.0843264627       
389277.4445707656      5.456968210637569e-12  0                      57749.1155764627       
389407.8487379509      -1.818989403545856e-12 -5.820766091346741e-11 57749.1468264627       
389537.5480933866      -1.818989403545856e-12 0                      57749.1780764627       
389666.5409353123      1.091393642127514e-11  -2.91038304567337e-11  57749.2093264627       
389794.8256314226      -1.818989403545856e-12 -2.91038304567337e-11  57749.2405764627       
389922.4006182801      1.818989403545856e-12  5.820766091346741e-11  57749.2718264627       
390049.2644002731      -2.728484105318785e-12 2.91038304567337e-11   57749.3030764627       
390175.4155491318      9.094947017729282e-13  0                      57749.3343264627       
390300.8527029919      2.728484105318785e-12  0                      57749.3655764627       
390425.574565567       -1.818989403545856e-12 0                      57749.3968264627       
390549.579905497       2.728484105318785e-12  2.91038304567337e-11   57749.4280764627       
390672.8675554693      -3.637978807091713e-12 -2.91038304567337e-11  57749.4593264627       
390795.4364114704      -1.818989403545856e-12 0                      57749.4905764627       
390917.2854319047      4.547473508864641e-13  0                      57749.5218264627       
391038.413636926       1.364242052659392e-12  -2.91038304567337e-11  57749.5530764627       
391158.8201075726      -9.094947017729282e-13 2.91038304567337e-11   57749.5843264627       
391278.5039849         -4.547473508864641e-13 -2.91038304567337e-11  57749.6155764627       
391397.4644693039      -2.273736754432321e-13 -2.91038304567337e-11  57749.6468264627       
391515.7008196693      2.273736754432321e-13  0                      57749.6780764627       
391633.2123524154      8.526512829121202e-14  -2.91038304567337e-11  57749.7093264627       
391749.9984409551      -1.4210854715202e-12   2.91038304567337e-11   57749.7405764627       
391866.0585146323      -1.023181539494544e-12 -2.91038304567337e-11  57749.7718264627       
391981.3920580729      -1.591615728102624e-12 0                      57749.8030764627       
392095.9986103051      9.094947017729282e-13  0                      57749.8343264627       
392209.8777638824      -3.637978807091713e-12 0                      57749.8655764627       
392323.0291641847      -2.728484105318785e-12 2.91038304567337e-11   57749.8968264627       
392435.4525085378      -1.364242052659392e-12 2.91038304567337e-11   57749.9280764627       
392547.147545332       -9.094947017729282e-13 -2.91038304567337e-11  57749.9593264627       
392658.1140733193      2.728484105318785e-12  2.91038304567337e-11   57749.9905764627       
392768.3519407301      9.094947017729282e-13  0                      57750.0218264627       
392877.8610443916      2.728484105318785e-12  5.820766091346741e-11  57750.0530764627       
392986.6413290196      0                      0                      57750.0843264627       
393094.6927863545      4.547473508864641e-12  -2.91038304567337e-11  57750.1155764627       
393202.0154542024      1.818989403545856e-12  0                      57750.1468264627       
393308.6094158392      -1.818989403545856e-12 0                      57750.1780764627       
393414.4747990507      -3.637978807091713e-12 0                      57750.2093264627       
393519.6117752703      -3.637978807091713e-12 0                      57750.2405764627       
393624.0205588661      -3.637978807091713e-12 0                      57750.2718264627       
393727.7014062594      0                      0                      57750.3030764627       
393830.6546150446      9.094947017729282e-12  0                      57750.3343264627       
393932.8805232758      1.2732925824821e-11    0                      57750.3655764627       
394034.3795085867      5.456968210637569e-12  -2.91038304567337e-11  57750.3968264627       
394135.1519873146      -7.275957614183426e-12 0                      57750.4280764627       
394235.198413786       3.637978807091713e-12  0                      57750.4593264627       
394334.5192794406      1.455191522836685e-11  -2.91038304567337e-11  57750.4905764627       
394433.1151119582      -3.637978807091713e-12 0                      57750.5218264627       
394530.9864745464      0                      -2.91038304567337e-11  57750.5530764627       
394628.1339650846      3.637978807091713e-12  0                      57750.5843264627       
394724.5582151891      7.275957614183426e-12  -2.91038304567337e-11  57750.6155764627       
394820.2598896205      3.637978807091713e-12  2.91038304567337e-11   57750.6468264627       
394915.2396852642      -3.637978807091713e-12 0                      57750.6780764627       
395009.4983304551      -7.275957614183426e-12 0                      57750.7093264627       
395103.0365840991      3.637978807091713e-12  -2.91038304567337e-11  57750.7405764627       
395195.8552348978      3.637978807091713e-12  0                      57750.7718264627       
395287.9551004771      1.818989403545856e-11  0                      57750.8030764627       
395379.3370266806      7.275957614183426e-12  2.91038304567337e-11   57750.8343264627       
395470.0018867174      -1.091393642127514e-11 -2.91038304567337e-11  57750.8655764627       
395559.950580315       -3.637978807091713e-12 2.91038304567337e-11   57750.8968264627       
395649.1840330177      0                      2.91038304567337e-11   57750.9280764627       
395737.703195342       -1.455191522836685e-11 -2.91038304567337e-11  57750.9593264627       
395825.5090419384      -1.818989403545856e-11 0                      57750.9905764627       
395912.6025708943      -1.818989403545856e-11 2.91038304567337e-11   57751.0218264627       
395998.9848029002      -3.637978807091713e-12 0                      57751.0530764627       
396084.6567804186      1.818989403545856e-11  0                      57751.0843264627       
396169.6195669952      7.275957614183426e-12  0                      57751.1155764627       
396253.874246448       3.637978807091713e-12  0                      57751.1468264627       
396337.4219219887      7.275957614183426e-12  0                      57751.1780764627       
396420.263715643       0                      2.91038304567337e-11   57751.2093264627       
396502.4007673047      3.637978807091713e-12  -2.91038304567337e-11  57751.2405764627       
396583.8342340875      7.275957614183426e-12  -2.91038304567337e-11  57751.2718264627       
396664.5652895178      0                      2.91038304567337e-11   57751.3030764627       
396744.595122735       -2.182787284255028e-11 -2.91038304567337e-11  57751.3343264627       
396823.9249378209      0                      2.91038304567337e-11   57751.3655764627       
396902.5559529923      0                      -2.91038304567337e-11  57751.3968264627       
396980.4893998813      1.455191522836685e-11  2.91038304567337e-11   57751.4280764627       
397057.7265227371      7.275957614183426e-12  -2.91038304567337e-11  57751.4593264627       
397134.2685777686      2.182787284255028e-11  -2.91038304567337e-11  57751.4905764627       
397210.1168323679      -3.637978807091713e-12 -2.91038304567337e-11  57751.5218264627       
397285.2725643393      1.091393642127514e-11  0                      57751.5530764627       
397359.7370612525      -4.365574568510056e-11 0                      57751.5843264627       
397433.5116196795      0                      0                      57751.6155764627       
397506.5975444374      -1.455191522836685e-11 -2.91038304567337e-11  57751.6468264627       
397578.9961479541      7.275957614183426e-12  2.91038304567337e-11   57751.6780764627       
397650.7087495183      3.637978807091713e-11  2.91038304567337e-11   57751.7093264627       
397721.7366745382      -7.275957614183426e-12 0                      57751.7405764627       
397792.0812539181      1.455191522836685e-11  0                      57751.7718264627       
397861.7438233247      7.275957614183426e-12  2.91038304567337e-11   57751.8030764627       
397930.7257224728      -1.455191522836685e-11 0                      57751.8343264627       
397999.0282944778      -2.182787284255028e-11 0                      57751.8655764627       
398066.6528851518      2.182787284255028e-11  2.91038304567337e-11   57751.8968264627       
398133.6008423641      2.91038304567337e-11   0                      57751.9280764627       
398199.8735153474      -2.91038304567337e-11  0                      57751.9593264627       
398265.4722539994      -7.275957614183426e-12 0                      57751.9905764627       
398330.3984082937      -1.455191522836685e-11 -2.91038304567337e-11  57752.0218264627       
398394.6533275798      -7.275957614183426e-12 -2.91038304567337e-11  57752.0530764627       
398458.2383599576      1.455191522836685e-11  -2.91038304567337e-11  57752.0843264627       
398521.154851591       2.182787284255028e-11  0                      57752.1155764627       
398583.4041461382      1.455191522836685e-11  2.91038304567337e-11   57752.1468264627       
398644.9875840865      -7.275957614183426e-12 0                      57752.1780764627       
398705.9065020955      -7.275957614183426e-12 2.91038304567337e-11   57752.2093264627       
398766.1622324423      2.182787284255028e-11  -2.91038304567337e-11  57752.2405764627       
398825.7561023765      7.275957614183426e-12  -2.91038304567337e-11  57752.2718264627       
398884.6894334798      0                      0                      57752.3030764627       
398942.96354113        -1.455191522836685e-11 0                      57752.3343264627       
399000.5797338723      -3.637978807091713e-11 0                      57752.3655764627       
399057.5393128015      -2.182787284255028e-11 2.91038304567337e-11   57752.3968264627       
399113.8435710398      -2.91038304567337e-11  0                      57752.4280764627       
399169.4937931296      -2.182787284255028e-11 0                      57752.4593264627       
399224.4912544351      0                      0                      57752.4905764627       
399278.8372206375      -2.182787284255028e-11 -2.91038304567337e-11  57752.5218264627       
399332.532947148       -1.455191522836685e-11 0                      57752.5530764627       
399385.5796785301      5.093170329928398e-11  -2.91038304567337e-11  57752.5843264627       
399437.9786480126      -2.182787284255028e-11 -2.91038304567337e-11  57752.6155764627       
399489.731076924       -2.182787284255028e-11 0                      57752.6468264627       
399540.8381741352      -1.455191522836685e-11 0                      57752.6780764627       
399591.3011355916      -7.275957614183426e-11 0                      57752.7093264627       
399641.1211437591      -7.275957614183426e-12 0                      57752.7405764627       
399690.2993671335      0                      0                      57752.7718264627       
399738.8369597029      7.275957614183426e-12  -2.91038304567337e-11  57752.8030764627       
399786.7350605046      -7.275957614183426e-12 0                      57752.8343264627       
399833.9947931103      -7.275957614183426e-12 0                      57752.8655764627       
399880.6172651285      7.275957614183426e-12  -2.91038304567337e-11  57752.8968264627       
399926.6035677561      -1.455191522836685e-11 0                      57752.9280764627       
399971.9547752959      -2.182787284255028e-11 -4.365574568510056e-11 57752.9593264627       
400016.6719447196      3.637978807091713e-11  1.455191522836685e-11  57752.9905764627       
400060.756115202       -1.455191522836685e-11 2.91038304567337e-11   57753.0218264627       
400104.2083076512      7.275957614183426e-12  0                      57753.0530764627       
400147.02952432        3.637978807091713e-11  1.455191522836685e-11  57753.0843264627       
400189.2207483517      4.365574568510056e-11  0                      57753.1155764627       
400230.7829433367      -2.182787284255028e-11 1.455191522836685e-11  57753.1468264627       
400271.717052943       7.275957614183426e-12  -1.455191522836685e-11 57753.1780764627       
400312.024000486       -7.275957614183426e-12 1.455191522836685e-11  57753.2093264627       
400351.7046885099      -2.91038304567337e-11  0                      57753.2405764627       
400390.7599984381      2.91038304567337e-11   0                      57753.2718264627       
400429.1907901691      -2.182787284255028e-11 0                      57753.3030764627       
400466.9979016796      1.455191522836685e-11  0                      57753.3343264627       
400504.1821486988      -1.455191522836685e-11 -1.455191522836685e-11 57753.3655764627       
400540.7443243213      -3.637978807091713e-11 1.455191522836685e-11  57753.3968264627       
400576.6851986673      2.91038304567337e-11   -2.91038304567337e-11  57753.4280764627       
400612.0055185148      -1.455191522836685e-11 0                      57753.4593264627       
400646.706007001       2.182787284255028e-11  0                      57753.4905764627       
400680.7873632754      0                      -1.455191522836685e-11 57753.5218264627       
400714.2502621624      -7.275957614183426e-12 0                      57753.5530764627       
400747.0953538863      4.365574568510056e-11  0                      57753.5843264627       
400779.3232637487      1.455191522836685e-11  0                      57753.6155764627       
400810.9345918173      -7.275957614183426e-12 1.455191522836685e-11  57753.6468264627       
400841.9299126729      0                      0                      57753.6780764627       
400872.3097751131      -2.182787284255028e-11 0                      57753.7093264627       
400902.0747018665      -1.455191522836685e-11 1.455191522836685e-11  57753.7405764627       
400931.2251893625      7.275957614183426e-12  1.455191522836685e-11  57753.7718264627       
400959.7617074616      -7.275957614183426e-12 -2.91038304567337e-11  57753.8030764627       
400987.6846991942      -7.275957614183426e-12 0                      57753.8343264627       
401014.9945805553      4.365574568510056e-11  0                      57753.8655764627       
401041.6917402594      7.275957614183426e-12  -1.455191522836685e-11 57753.8968264627       
401067.7765395067      -1.455191522836685e-11 0                      57753.9280764627       
401093.2493118006      -2.182787284255028e-11 0                      57753.9593264627       
401118.1103627286      1.455191522836685e-11  0                      57753.9905764627       
401142.3599697561      -2.91038304567337e-11  -1.455191522836685e-11 57754.0218264627       
401165.998382066       3.637978807091713e-11  0                      57754.0530764627       
401189.0258203636      -7.275957614183426e-12 0                      57754.0843264627       
401211.4424767158      -2.182787284255028e-11 1.455191522836685e-11  57754.1155764627       
401233.2485143752      -7.275957614183426e-12 -1.455191522836685e-11 57754.1468264627       
401254.4440676516      2.182787284255028e-11  1.455191522836685e-11  57754.1780764627       
401275.0292417564      -2.182787284255028e-11 0                      57754.2093264627       
401295.004112658       1.455191522836685e-11  -1.455191522836685e-11 57754.2405764627       
401314.3687269771      -1.455191522836685e-11 0                      57754.2718264627       
401333.1231018584      -7.275957614183426e-12 2.91038304567337e-11   57754.3030764627       
401351.2672248516      -3.637978807091713e-11 -1.455191522836685e-11 57754.3343264627       
401368.8010538323      0                      1.455191522836685e-11  57754.3655764627       
401385.7245168996      7.275957614183426e-12  2.91038304567337e-11   57754.3968264627       
401402.0375122845      -7.275957614183426e-12 0                      57754.4280764627       
401417.7399082952      -1.455191522836685e-11 -1.455191522836685e-11 57754.4593264627       
401432.8315432406      2.182787284255028e-11  1.455191522836685e-11  57754.4905764627       
401447.3122253672      1.455191522836685e-11  0                      57754.5218264627       
401461.1817328273      7.275957614183426e-12  0                      57754.5530764627       
401474.4398136305      1.455191522836685e-11  -2.91038304567337e-11  57754.5843264627       
401487.0861856072      -2.91038304567337e-11  -1.455191522836685e-11 57754.6155764627       
401499.1205364002      -7.275957614183426e-12 -1.455191522836685e-11 57754.6468264627       
401510.5425234455      0                      0                      57754.6780764627       
401521.3517739601      0                      0                      57754.7093264627       
401531.54788496        3.637978807091713e-11  0                      57754.7405764627       
401541.1304232646      0                      0                      57754.7718264627       
401550.0989255218      0                      -1.455191522836685e-11 57754.8030764627       
401558.4528982316      -1.455191522836685e-11 0                      57754.8343264627       
401566.1918177955      2.182787284255028e-11  1.455191522836685e-11  57754.8655764627       
401573.3151305582      1.455191522836685e-11  1.455191522836685e-11  57754.8968264627       
401579.8222528608      1.455191522836685e-11  -1.455191522836685e-11 57754.9280764627       
401585.7125711133      7.275957614183426e-12  0                      57754.9593264627       
401590.9854418642      -1.455191522836685e-11 -1.455191522836685e-11 57754.9905764627       
401595.6401918795      2.182787284255028e-11  1.455191522836685e-11  57755.0218264627       
401599.6761182402      7.275957614183426e-12  0                      57755.0530764627       
401603.0924884374      0                      1.455191522836685e-11  57755.0843264627       
401605.8885404798      0                      2.91038304567337e-11   57755.1155764627       
401608.0634830126      -2.91038304567337e-11  0                      57755.1468264627       
401609.6164954425      -7.275957614183426e-12 0                      57755.1780764627       
401610.5467280688      0                      -1.455191522836685e-11 57755.2093264627       
401610.8533022274      -2.182787284255028e-11 -1.455191522836685e-11 57755.2405764627       
401610.5353104414      0                      0                      57755.2718264627       
401609.5918165792      7.275957614183426e-12  0                      57755.3030764627       
401608.0218560235      2.91038304567337e-11   -1.455191522836685e-11 57755.3343264627       
401605.8244358456      1.455191522836685e-11  0                      57755.3655764627       
401602.9985349904      -1.455191522836685e-11 7.275957614183426e-12  57755.3968264627       
401599.5431044702      3.637978807091713e-12  -1.455191522836685e-11 57755.4280764627       
401595.4570675635      -1.455191522836685e-11 -7.275957614183426e-12 57755.4593264627       
401590.7393200263      -1.455191522836685e-11 0                      57755.4905764627       
401585.3887303077      2.91038304567337e-11   0                      57755.5218264627       
401579.4041397806      3.637978807091713e-12  -7.275957614183426e-12 57755.5530764627       
401572.784362969       0                      0                      57755.5843264627       
401565.528187794       7.275957614183426e-12  -1.455191522836685e-11 57755.6155764627       
401557.6343758281      0                      7.275957614183426e-12  57755.6468264627       
401549.101662546       -3.637978807091713e-12 0                      57755.6780764627       
401539.9287575951      1.455191522836685e-11  0                      57755.7093264627       
401530.114345076       -1.091393642127514e-11 7.275957614183426e-12  57755.7405764627       
401519.6570838151      -1.455191522836685e-11 7.275957614183426e-12  57755.7718264627       
401508.5556076603      -3.637978807091713e-12 0                      57755.8030764627       
401496.8085257862      3.274180926382542e-11  0                      57755.8343264627       
401484.4144229894      2.182787284255028e-11  0                      57755.8655764627       
401471.371860008       -3.637978807091713e-12 0                      57755.8968264627       
401457.6793738529      3.637978807091713e-12  0                      57755.9280764627       
401443.3354781228      -3.637978807091713e-12 0                      57755.9593264627       
401428.3386633504      3.637978807091713e-12  0                      57755.9905764627       
401412.6873973552      7.275957614183426e-12  7.275957614183426e-12  57756.0218264627       
401396.3801255828      -7.275957614183426e-12 7.275957614183426e-12  57756.0530764627       
401379.4152714727      -1.455191522836685e-11 7.275957614183426e-12  57756.0843264627       
401361.7912368368      -3.637978807091713e-12 7.275957614183426e-12  57756.1155764627       
401343.5064022184      -1.091393642127514e-11 7.275957614183426e-12  57756.1468264627       
401324.5591272907      -3.637978807091713e-12 -7.275957614183426e-12 57756.1780764627       
401304.9477512328      -3.637978807091713e-12 -7.275957614183426e-12 57756.2093264627       
401284.6705931441      7.275957614183426e-12  0                      57756.2405764627       
401263.7259524525      -7.275957614183426e-12 0                      57756.2718264627       
401242.1121093089      3.637978807091713e-12  0                      57756.3030764627       
401219.8273250198      1.455191522836685e-11  -3.637978807091713e-12 57756.3343264627       
401196.869842486       -5.456968210637569e-12 0                      57756.3655764627       
401173.2378866159      0                      0                      57756.3968264627       
401148.9296647781      5.456968210637569e-12  -3.637978807091713e-12 57756.4280764627       
401123.943367265       -3.637978807091713e-12 3.637978807091713e-12  57756.4593264627       
401098.2771677229      -3.637978807091713e-12 -7.275957614183426e-12 57756.4905764627       
401076.1254885662      -1.818989403545856e-12 -3.637978807091713e-12 57756.516903228        
