-77308806.27796108     113641629.8818076      49177949.73091629      57727                  
-77310311.11043769     113640787.3385896      49177588.86108229      57727.00069444445      
-77322687.0748837      113633857.5519495      49174620.78134825      57727.00640573971      
-77341422.01322046     113623365.1353848      49170126.86276745      57727.01505186895      
-77342926.74475566     113622522.3132673      49169765.88397618      57727.01574631339      
-77343954.93931662     113621946.3975676      49169519.22087293      57727.01622083383      
-77345459.66300972     113621103.5537813      49169158.23361409      57727.01691527828      
-77357353.35244849     113614440.9736508      49166304.68914914      57727.02240440577      
-77425059.46196379     113576495.0748291      49150053.25298299      57727.05365440577      
-77492756.20285437     113538523.0139539      49133791.57908208      57727.08490440577      
-77560443.61671247     113500524.7188389      49117519.62755214      57727.11615440577      
-77628121.74463627     113462500.116977       49101237.35832033      57727.14740440577      
-77695790.62709749     113424449.1356168      49084944.73116835      57727.17865440577      
-77763450.30398828     113386371.7017384      49068641.7057225       57727.20990440577      
-77831100.81465603     113348267.7420361      49052328.24144653      57727.24115440577      
-77898742.1978308      113310137.1829619      49036004.2976604       57727.27240440577      
-77966374.49167222     113271979.9507004      49019669.83353028      57727.30365440577      
-78033997.73375662     113233795.9711796      49003324.80807294      57727.33490440577      
-78101611.96107613     113195585.1700723      48986969.18015722      57727.36615440577      
-78169217.21002598     113157347.4728068      48970602.90850843      57727.39740440577      
-78236813.51646319     113119082.8045348      48954225.9516953       57727.42865440577      
-78304400.91557446     113080791.0902092      48937838.26816336      57727.45990440577      
-78371979.4420307      113042472.2544987      48921439.81619877      57727.49115440577      
-78439549.1299143      113004126.2218308      48905030.55394705      57727.52240440577      
-78507110.0126469      112965752.9164354      48888610.43943212      57727.55365440577      
-78574662.12314375     112927352.2622594      48872179.43051982      57727.58490440577      
-78642205.49368161     112888924.1830437      48855737.4849515       57727.61615440577      
-78709740.15595768     112850468.6022922      48839284.56033075      57727.64740440577      
-78777266.141065       112811985.4432878      48822820.61413079      57727.67865440577      
-78844783.47953936     112773474.6290682      48806345.60368419      57727.70990440577      
-78912292.20128703     112734936.0824685      48789859.48620173      57727.74115440577      
-78979792.33563174     112696369.7260975      48773362.2187622       57727.77240440577      
-79047283.91130215     112657775.4823468      48756853.75831681      57727.80365440577      
-79114766.95641904     112619153.2733998      48740334.06169336      57727.83490440577      
-79182241.49855435     112580503.0212008      48723803.08558306      57727.86615440577      
-79249707.56459938     112541824.6475321      48707260.78657419      57727.89740440577      
-79317165.18091895     112503118.0739279      48690707.12111535      57727.92865440577      
-79384614.37327935     112464383.2217181      48674142.04553447      57727.95990440577      
-79452055.16677614     112425620.0120715      48657565.51605765      57727.99115440577      
-79519487.58605041     112386828.3658618      48640977.48878137      57728.02240440577      
-79586911.65499227     112348008.2038723      48624377.91968255      57728.05365440577      
-79654327.39691962     112309159.4466715      48607766.76462236      57728.08490440577      
-79721734.83455972     112270282.0146255      48591143.97935434      57728.11615440577      
-79789133.99008514     112231375.8278827      48574509.51950772      57728.14740440577      
-79856524.88498205     112192440.806453       48557863.34062107      57728.17865440577      
-79923907.54020445     112153476.8701202      48541205.39810544      57728.20990440577      
-79991281.97610208     112114483.9384855      48524535.64726331      57728.24115440577      
-80058648.21234857     112075461.9310119      48507854.04330759      57728.27240440577      
-80126006.26810724     112036410.7669297      48491160.54132164      57728.30365440577      
-80193356.16184027     111997330.3653491      48474455.09630784      57728.33490440577      
-80260697.91147466     111958220.6451664      48457737.66314752      57728.36615440577      
-80328031.5343302      111919081.5251075      48441008.19661997      57728.39740440577      
-80395357.0470476      111879912.9237717      48424266.65142144      57728.42865440577      
-80462674.46574248     111840714.7595443      48407512.98212805      57728.45990440577      
-80529983.80587406     111801486.9506749      48390747.14322957      57728.49115440577      
-80597285.0823039      111762229.4152453      48373969.08911587      57728.52240440577      
-80664578.30927165     111722942.0711855      48357178.77408415      57728.55365440577      
-80731863.50045395     111683624.8362415      48340376.15232534      57728.58490440577      
-80799140.66883305     111644277.6280534      48323561.17795803      57728.61615440577      
-80866409.82685073     111604900.3640684      48306733.80499108      57728.64740440577      
-80933670.98633648     111565492.9615838      48289893.98734268      57728.67865440577      
-81000924.1584356      111526055.3377914      48273041.67885949      57728.70990440577      
-81068169.35375127     111486587.4096963      48256176.8332821       57728.74115440577      
-81135406.58227259     111447089.0941608      48239299.40426414      57728.77240440577      
-81202635.85330288     111407560.3079484      48222409.34539139      57728.80365440577      
-81269857.17561337     111368000.9676356      48205506.61014424      57728.83490440577      
-81337070.55731213     111328410.9896905      48188591.15193168      57728.86615440577      
-81404276.00590271     111288790.2904405      48171662.92407759      57728.89740440577      
-81471473.52827182     111249138.7860811      48154721.87982497      57728.92865440577      
-81538663.13068876     111209456.3926784      48137767.97233706      57728.95990440577      
-81605844.81879285     111169743.0261781      48120801.15470159      57728.99115440577      
-81673018.59762198     111129998.6023926      48103821.37992217      57729.02240440577      
-81740184.47156239     111090223.037027       48086828.60093845      57729.05365440577      
-81807342.444443       111050416.2456293      48069822.77059865      57729.08490440577      
-81874492.51946086     111010578.1436357      48052803.84167908      57729.11615440577      
-81941634.69912088     110970708.6464087      48035771.76690146      57729.14740440577      
-82008768.98538929     110930807.6691466      48018726.4988949       57729.17865440577      
-82075895.37956271     110890875.1269635      48001667.99023028      57729.20990440577      
-82143013.88231471     110850910.9348634      47984596.19340923      57729.24115440577      
-82210124.49373111     110810915.0077211      47967511.06085635      57729.27240440577      
-82277227.21323782     110770887.2603261      47950412.54493832      57729.30365440577      
-82344322.03964795     110730827.6073573      47933300.59795312      57729.33490440577      
-82411408.97113729     110690735.9633986      47916175.17213708      57729.36615440577      
-82478488.00530292     110650612.2429058      47899036.21965094      57729.39740440577      
-82545559.13903232     110610456.3602865      47881883.69261429      57729.42865440577      
-82612622.36865653     110570268.2298102      47864717.54306732      57729.45990440577      
-82679677.68987858     110530047.7656527      47847537.72299008      57729.49115440577      
-82746725.09770162     110489794.8819408      47830344.18432181      57729.52240440577      
-82806307.92027788     110453992.1995374      47815051.59509772      57729.55017834913      
-82840693.10716145     110433317.0864222      47806220.56373157      57729.56620799169      
-82867178.92493542     110417384.9953668      47799415.45379014      57729.57855577947      
-82883902.81632191     110407322.0144826      47795117.23793535      57729.58635281778      
-82897248.78082614     110399289.9029264      47791686.47449776      57729.59257515902      
-82907658.98749785     110393023.6112185      47789009.94989863      57729.59742885221      
-82915887.21762049     110388070.092688       47786894.15236101      57729.60126527575      
-82922549.53536984     110384058.8629259      47785180.83582568      57729.60437163135      
-82928158.66563122     110380681.4459782      47783738.24042243      57729.60698695875      
-82931867.32557514     110378448.2119803      47782784.35997897      57729.60871618224      
-82934889.56295043     110376628.2342889      47782006.99374909      57729.61012535834      
-82937291.36383006     110375181.8262324      47781389.19026832      57729.6112452494       
-82939045.72932898     110374125.2850447      47780937.91047853      57729.61206326286      
-82940843.70135821     110373042.4557712      47780475.40233486      57729.6129016115       
-82942472.9091552      110372061.2414845      47780056.29698493      57729.61366127198      
-82944057.98448502     110371106.5853338      47779648.53544004      57729.61440035664      
-82945551.41833033     110370207.1036291      47779264.34055653      57729.61509671286      
-82947375.48058975     110369108.4621298      47778795.07876933      57729.61594723651      
-82949232.5972399      110367989.883239       47778317.30120469      57729.61681317558      
-82951530.56230268     110366605.7325297      47777726.09028337      57729.61788467803      
-82954480.06854257     110364829.0693867      47776967.22605697      57729.61925998955      
-82958269.57599266     110362546.3167574      47775992.19660262      57729.62102699184      
-82963187.78206635     110359583.4708988      47774726.68011157      57729.62332031055      
-82969769.55975139     110355618.1328516      47773032.9711147       57729.6263893701       
-82978259.15153803     110350502.854581       47770848.09097201      57729.63034808933      
-82989306.28505568     110343845.6640521      47768004.61832397      57729.63549948609      
-83003792.69415818     110335114.3588558      47764275.23628979      57729.64225480647      
-83022898.09825435     110323596.3861298      47759355.59667548      57729.65116432714      
-83048210.39630364     110308331.7822517      47752835.67766303      57729.66296880446      
-83081883.34515348     110288016.9433419      47744158.68315023      57729.67867312032      
-83126842.96266145     110260878.0135283      47732566.96579313      57729.69964274904      
-83187076.85264245     110224492.403405       47717025.79565682      57729.72773907735      
-83254064.12476508     110183991.2847121      47699726.83203418      57729.75898907735      
-83321043.41520146     110143457.0067524      47682413.73553687      57729.79023907735      
-83388014.71294796     110102889.4828509      47665086.45758349      57729.82148907735      
-83454978.00635275     110062288.6262695      47647744.94954842      57729.85273907735      
-83521933.28317381     110021654.3501736      47630389.16274751      57729.88398907735      
-83588880.53044824     109980986.5677124      47613019.04847298      57729.91523907735      
-83655819.73464499     109940285.1919281      47595634.5579546       57729.94648907735      
-83722750.88159339     109899550.1358005      47578235.64237917      57729.97773907735      
-83789673.95641093     109858781.3122929      47560822.2529101       57730.00898907735      
-83856588.94364469     109817978.634267       47543394.34065157      57730.04023907735      
-83923495.82719919     109777142.0145283      47525951.85666808      57730.07148907735      
-83990394.59026492     109736271.3658718      47508494.75200403      57730.10273907735      
-84057285.21547078     109695366.6009898      47491022.97764475      57730.13398907735      
-84124167.68475337     109654427.632553       47473536.48455147      57730.16523907735      
-84191041.97941509     109613454.3731774      47456035.22364707      57730.19648907735      
-84257908.08009955     109572446.7354399      47438519.14582328      57730.22773907735      
-84324765.96684974     109531404.6318442      47420988.2019263       57730.25898907735      
-84391615.61897704     109490327.9749029      47403442.342792        57730.29023907735      
-84458457.01521397     109449216.6770451      47385881.5192067       57730.32148907735      
-84525290.13364202     109408070.6506618      47368305.68192691      57730.35273907735      
-84592114.95162012     109366889.8081514      47350714.78169894      57730.38398907735      
-84658931.44593689     109325674.061828       47333108.76921979      57730.41523907735      
-84725739.59267984     109284423.3240022      47315487.59517232      57730.44648907735      
-84792539.3672933      109243137.5069479      47297851.21021084      57730.47773907735      
-84859330.74455376     109201816.5229183      47280199.56496848      57730.50898907735      
-84926113.69861595     109160460.2841189      47262532.61004578      57730.54023907735      
-84992888.20294103     109119068.7027534      47244850.29603054      57730.57148907735      
-85059654.23033072     109077641.6910039      47227152.57348957      57730.60273907735      
-85126411.75297353     109036179.1610034      47209439.39295735      57730.63398907735      
-85193160.7423137      108994681.0249188      47191710.70497151      57730.66523907735      
-85259901.16920346     108953147.1948576      47173966.46003329      57730.69648907735      
-85326633.00383106     108911577.5829138      47156206.60862746      57730.72773907735      
-85393356.21564883     108869972.1012142      47138431.10124229      57730.75898907735      
-85460070.77352521     108828330.6618252      47120639.88832988      57730.79023907735      
-85526776.64561391     108786653.1768354      47102832.92034189      57730.82148907735      
-85593473.79941146     108744939.5583213      47085010.14771494      57730.85273907735      
-85660162.20173259     108703189.7183639      47067171.52087807      57730.88398907735      
-85726841.81876767     108661403.5690142      47049316.99023818      57730.91523907735      
-85793512.61595187     108619581.0223764      47031446.50621589      57730.94648907735      
-85860174.55811705     108577721.990514       47013560.01920566      57730.97773907735      
-85926827.60939164     108535826.38552        46995657.47959353      57731.00898907735      
-85993471.73314913     108493894.119546       46977738.83777907      57731.04023907735      
-86060106.89225742     108451925.1046253      46959804.04414808      57731.07148907735      
-86126733.04883941     108409919.2528579      46941853.04907823      57731.10273907735      
-86193350.1642665      108367876.4764032      46923885.802965        57731.13398907735      
-86259958.19931018     108325796.6873858      46905902.25618175      57731.16523907735      
-86326557.11399934     108283679.7979871      46887902.35911895      57731.19648907735      
-86393146.86773649     108241525.7203726      46869886.06215366      57731.22773907735      
-86459727.41915514     108199334.3667842      46851853.31568904      57731.25898907735      
-86526298.72627126     108157105.6494455      46833804.07011416      57731.29023907735      
-86592860.74641106     108114839.4806088      46815738.27582435      57731.32148907735      
-86659413.43613912     108072535.7726022      46797655.88324169      57731.35273907735      
-86725956.75140962     108030194.437735       46779556.84277478      57731.38398907735      
-86792490.64743537     107987815.3883823      46761441.10485515      57731.41523907735      
-86859015.07874523     107945398.5369501      46743308.61992267      57731.44648907735      
-86925529.99915881     107902943.7958927      46725159.33843319      57731.47773907735      
-86992035.36184376     107860451.0776774      46706993.21084391      57731.50898907735      
-87058531.11918491     107817920.2948699      46688810.18764999      57731.54023907735      
-87125017.22293518     107775351.3600393      46670610.21934415      57731.57148907735      
-87191493.62414384     107732744.1858051      46652393.2564374       57731.60273907735      
-87257960.27308396     107690098.6848855      46634159.24947959      57731.63398907735      
-87324417.11939186     107647414.7700095      46615908.14902239      57731.66523907735      
-87390864.111995       107604692.3539644      46597639.90563978      57731.69648907735      
-87457301.19903979     107561931.3496443      46579354.46994904      57731.72773907735      
-87523728.32804242     107519131.6699539      46561051.79257012      57731.75898907735      
-87590145.44575809     107476293.2278948      46542731.82416267      57731.79023907735      
-87656552.49823792     107433415.9365304      46524394.5154113       57731.82148907735      
-87722949.43080375     107390499.7090035      46506039.81703361      57731.85273907735      
-87789336.18810488     107347544.4585014      46487667.67976546      57731.88398907735      
-87855712.71398754     107304550.0983421      46469278.05439811      57731.91523907735      
-87922078.95164527     107261516.5418783      46450870.89173764      57731.94648907735      
-87988434.84354681     107218443.702546       46432446.14262594      57731.97773907735      
-88054780.33137588     107175331.4939052      46414003.75795762      57732.00898907735      
-88121115.35617267     107132179.8295495      46395543.68864252      57732.04023907735      
-88187439.85814588     107088988.6232313      46377065.88566229      57732.07148907735      
-88253753.77684675     107045757.7887489      46358570.30001802      57732.10273907735      
-88320057.05105729     107002487.2400214      46340056.88276438      57732.13398907735      
-88386349.61882366     106959176.8910692      46321525.58500151      57732.16523907735      
-88452631.41750117     106915826.6559862      46302976.35786364      57732.19648907735      
-88518902.38362351     106872436.4490269      46284409.15255675      57732.22773907735      
-88585162.45305303     106829006.1845105      46265823.92031772      57732.25898907735      
-88651411.56090862     106785535.7768698      46247220.61243571      57732.29023907735      
-88717649.6414936      106742025.1407004      46228599.18027364      57732.32148907735      
-88783876.62844574     106698474.1906644      46209959.57522723      57732.35273907735      
-88850092.45460688     106654882.8415778      46191301.74876299      57732.38398907735      
-88916297.0520792      106611251.008376       46172625.65240353      57732.41523907735      
-88982490.35220006     106567578.606132       46153931.23773609      57732.44648907735      
-89048672.28559843     106523865.5500218      46135218.45639779      57732.47773907735      
-89114842.78206429     106480111.7554123      46116487.26011389      57732.50898907735      
-89131598.82354045     106469024.5084287      46111740.60370748      57732.516903228        
-89133069.08376741     106468051.5087067      46111324.04142595      57732.51759767245      
-89144572.3484904      106460437.9663566      46108064.50196366      57732.52303107444      
-89210726.14286608     106416624.9776328      46089306.53050499      57732.55428107444      
-89276868.32526803     106372771.0436242      46070530.02610697      57732.58553107444      
-89342998.82289456     106328876.0801744      46051734.94072398      57732.61678107444      
-89409117.56222481     106284940.0032493      46032921.22637078      57732.64803107444      
-89475224.46888818     106240962.7290255      46014088.8351611       57732.67928107444      
-89541319.46781424     106196944.1737936      45995237.71926646      57732.71053107444      
-89607402.48316069     106152884.2540085      45976367.83093807      57732.74178107444      
-89673473.43824114     106108782.8863396      45957479.12252904      57732.77303107444      
-89739532.2556752      106064639.987574       45938571.54645312      57732.80428107444      
-89805578.85725774     106020455.4747057      45919645.0552235       57732.83553107444      
-89871613.16400391     105976229.2649086      45900699.60144164      57732.86678107444      
-89937635.09618184     105931961.2755172      45881735.13778942      57732.89803107444      
-90003644.5732293      105887651.4240849      45862751.61705481      57732.92928107444      
-90069641.5138564      105843299.6283183      45843748.99210389      57732.96053107444      
-90135625.83590393     105798905.8061751      45824727.21592347      57732.99178107444      
-90201597.45649283     105754469.8757665      45805686.24157966      57733.02303107444      
-90267556.29195231     105709991.7554083      45786626.02224037      57733.05428107444      
-90333502.25774792     105665471.3636724      45767546.51119792      57733.08553107444      
-90399435.26863126     105620908.6192896      45748447.66182753      57733.11678107444      
-90465355.23850963     105576303.4412397      45729329.42762692      57733.14803107444      
-90531262.08050257     105531655.7487172      45710191.76220183      57733.17928107444      
-90597155.70691654     105486965.4611514      45691034.61927523      57733.21053107444      
-90663036.02930121     105442232.4981716      45671857.95267294      57733.24178107444      
-90728902.95831968     105397456.7796984      45652661.71636339      57733.27303107444      
-90794756.40389767     105352638.2258462      45633445.86441615      57733.30428107444      
-90860596.27514045     105307776.7569827      45614210.35102826      57733.33553107444      
-90926422.4803191      105262872.2937421      45594955.13053019      57733.36678107444      
-90992234.92689222     105217924.7570138      45575680.15738174      57733.39803107444      
-91058033.52153882     105172934.0679238      45556385.38616461      57733.42928107444      
-91123818.17008679     105127900.1478873      45537070.77160536      57733.46053107444      
-91189588.7775577      105082822.9185819      45517736.26856466      57733.49178107444      
-91255345.24814187     105037702.3019682      45498381.83204688      57733.52303107444      
-91321087.48525444     104992538.2202563      45479007.41718584      57733.55428107444      
-91386815.39140627     104947330.5959972      45459612.97928517      57733.58553107444      
-91452528.86835301     104902079.3519858      45440198.47377682      57733.61678107444      
-91518227.81701224     104856784.4113212      45420763.85624788      57733.64803107444      
-91583912.1374502      104811445.6974203      45401309.08244698      57733.67928107444      
-91649581.72891511     104766063.1339996      45381834.10827699      57733.71053107444      
-91715236.48981231     104720636.6450965      45362338.88980484      57733.74178107444      
-91780876.31776074     104675166.1550348      45342823.38324746      57733.77303107444      
-91846501.10946397     104629651.5885185      45323287.54501272      57733.80428107444      
-91912110.76085936     104584092.8705338      45303731.33165767      57733.83553107444      
-91977705.16704708     104538489.926402       45284154.69991247      57733.86678107444      
-92043284.2222193      104492842.6818346      45264557.60670423      57733.89803107444      
-92108847.81979769     104447151.0628422      45244940.00911885      57733.92928107444      
-92174395.85235126     104401414.9957967      45225301.86442839      57733.96053107444      
-92239928.21158327     104355634.4074459      45205643.13009793      57733.99178107444      
-92305444.78837954     104309809.2248728      45185963.76379924      57734.02303107444      
-92370945.47274472     104263939.3755779      45166263.72336476      57734.05428107444      
-92436430.15388872     104218024.7873991      45146542.96681657      57734.08553107444      
-92501898.72009823     104172065.3886085      45126801.45240774      57734.11678107444      
-92567351.05888127     104126061.1078198      45107039.13857353      57734.14803107444      
-92632787.05688505     104080011.8740521      45087255.98395919      57734.17928107444      
-92698206.5998836      104033917.6167443      45067451.94742703      57734.21053107444      
-92763609.57281163     103987778.2657371      45047626.98804963      57734.24178107444      
-92828995.85974036     103941593.7512963      45027781.06512024      57734.27303107444      
-92894365.34393474     103895364.0040786      45007914.13813911      57734.30428107444      
-92959717.90772563     103849088.9552279      44988026.16685566      57734.33553107444      
-93025053.43265903     103802768.5362762      44968117.11122657      57734.36678107444      
-93090371.79942667     103756402.6791994      44948186.93144068      57734.39803107444      
-93155672.88779581     103709991.3164734      44928235.58794377      57734.42928107444      
-93220956.57674743     103663534.3809828      44908263.04140027      57734.46053107444      
-93286222.74439511     103617031.8060856      44888269.25272174      57734.49178107444      
-93351471.26797307     103570483.525628       44868254.1830743       57734.52303107444      
-93416702.02387053     103523889.4739276      44848217.79387193      57734.55428107444      
-93481914.88760854     103477249.5857969      44828160.04678766      57734.58553107444      
-93547109.7338974      103430563.7965094      44808080.90373972      57734.61678107444      
-93612286.43650995     103383832.0418975      44787980.32693464      57734.64803107444      
-93677444.86843131     103337054.2582533      44767858.27882524      57734.67928107444      
-93742584.9017784      103290230.3823934      44747714.72213954      57734.71053107444      
-93807706.40778866     103243360.3516749      44727549.61988851      57734.74178107444      
-93872809.25685485     103196444.1039785      44707362.93535957      57734.77303107444      
-93937893.31850235     103149481.5777323      44687154.63212795      57734.80428107444      
-94002958.46144724     103102472.7118787      44666924.67404304      57734.83553107444      
-94068004.55347024     103055417.4459733      44646673.0252721       57734.86678107444      
-94133031.46156695     103008315.7200845      44626399.65025801      57734.89803107444      
-94198039.05186789     102961167.4748604      44606104.51374868      57734.92928107444      
-94263027.18962805     102913972.6515443      44585787.58080501      57734.96053107444      
-94327995.73926218     102866731.1919586      44565448.81679464      57734.99178107444      
-94392944.56431991     102819443.0385263      44545088.18741623      57735.02303107444      
-94457873.52754079     102772108.1342536      44524705.65865522      57735.05428107444      
-94522782.49078058     102724726.4227826      44504301.19683616      57735.08553107444      
-94587671.31504692     102677297.8483744      44483874.76861616      57735.11678107444      
-94652539.86052494     102629822.3559017      44463426.34097812      57735.14803107444      
-94717387.98656702     102582299.8908659      44442955.88123872      57735.17928107444      
-94782215.55161452     102534730.399464       44422463.35707855      57735.21053107444      
-94847022.41334827     102487113.8284881      44401948.73649974      57735.24178107444      
-94911808.42856459     102439450.1254267      44381411.9878704       57735.27303107444      
-94976573.45323451     102391739.2384307      44360853.07991137      57735.30428107444      
-95041317.34248291     102343981.1163396      44340271.98170812      57735.33553107444      
-95106039.95062524     102296175.7086645      44319668.66270475      57735.36678107444      
-95134772.92637999     102274932.7192274      44310512.70225593      57735.38065752242      
-95163140.80418591     102253947.4186986      44301467.45007346      57735.39435965641      
-95181752.74651052     102240172.5129669      44295529.88614661      57735.40335060652      
-95198035.8882314      102228116.8752888      44290333.27296778      57735.41121728145      
-95208558.61687286     102220323.9678126      44286974.05777848      57735.41630135085      
-95216985.40399015     102214082.0586414      44284283.38130864      57735.42037296324      
-95224083.70427835     102208823.3530909      44282016.50623495      57735.42380282206      
-95229057.86392993     102205137.8402917      44280427.7754532       57735.42620638333      
-95233642.08360051     102201740.9136947      44278963.43708396      57735.42842157683      
-95238200.95057884     102198362.4569784      44277507.05138032      57735.43062457167      
-95242816.76959033     102194941.4728882      44276032.32353472      57735.43285514078      
-95246976.88704045     102191857.9516125      44274703.06201231      57735.43486554048      
-95252549.96103516     102187726.7203183      44272922.13572927      57735.4375588274       
-95257765.07956974     102183860.4079854      44271255.40041701      57735.44007919675      
-95264068.26777124     102179186.8854958      44269240.66727804      57735.4431255012       
-95272914.89553024     102172626.5005884      44266412.48688584      57735.44740120815      
-95284767.47769274     102163835.1256741      44262622.4724382       57735.45313004698      
-95300241.26986247     102152354.5825674      44257673.04695123      57735.46060969901      
-95320131.23286413     102137592.1672731      44251308.60229386      57735.47022490972      
-95345995.73259766     102118386.3942392      44243028.25038221      57735.48272983338      
-95379983.55932751     102093133.0703498      44232140.10870131      57735.49916479755      
-95424993.11137658     102059663.2600131      44217708.57327714      57735.52093390932      
-95484959.91016242     102015022.6842267      44198458.99899342      57735.54994526329      
-95549532.50814238     101966891.5333281      44177702.42356227      57735.58119526329      
-95614082.65095298     101918712.7250172      44156923.40045504      57735.61244526329      
-95678610.18567377     101870486.2152802      44136121.90256386      57735.64369526329      
-95743114.95850104     101822211.9609402      44115297.90322107      57735.67494526329      
-95807596.81489962     101773889.9195558      44094451.37615653      57735.70619526329      
-95872055.59953828     101725520.0494814      44073582.29552467      57735.73744526329      
-95936491.15622541     101677102.3099278      44052690.63593179      57735.76869526329      
-96000903.32804973     101628636.6608689      44031776.37239684      57735.79994526329      
-96065291.95730492     101580123.0631112      44010839.48038246      57735.83119526329      
-96129656.88548249     101531561.4783112      43989879.93580374      57735.86244526329      
-96193997.9533107      101482951.8689594      43968897.71502241      57735.89369526329      
-96258315.00073637     101434294.198407       43947892.79485925      57735.92494526329      
-96322607.86696388     101385588.4308495      43926865.15258837      57735.95619526329      
-96386876.39044887     101336834.5313445      43905814.76594588      57735.98744526329      
-96451120.40882385     101288032.4658817      43884741.61316133      57736.01869526329      
-96515339.75905123     101239182.2012802      43863645.67291445      57736.04994526329      
-96579534.27730401     101190283.7052931      43842526.92438139      57736.08119526329      
-96643703.79902802     101141336.9465738      43821385.3472213       57736.11244526329      
-96707848.15892531     101092341.8947027      43800220.92158907      57736.14369526329      
-96771967.19099402     101043298.5201707      43779033.62812937      57736.17494526329      
-96836060.72852324     100994206.7943978      43757823.44798557      57736.20619526329      
-96900128.60402016     100945066.6898028      43736590.36283135      57736.23744526329      
-96964170.64935245     100895878.1797091      43715334.35483086      57736.26869526329      
-97028186.69567561     100846641.238415       43694055.40667033      57736.29994526329      
-97092176.57342868     100797355.8412118      43672753.50156699      57736.33119526329      
-97156140.1123752      100748021.9643671      43651428.6232632       57736.36244526329      
-97220077.14158782     100698639.5851523      43630080.7560391       57736.39369526329      
-97283987.48951221     100649208.6818077      43608709.88469907      57736.42494526329      
-97347870.9838503      100599729.2336489      43587315.99461848      57736.45619526329      
-97411727.45171514     100550201.2209619      43565899.07169987      57736.48744526329      
-97475556.71955948     100500624.6250742      43544459.10240451      57736.51869526329      
-97539358.61317289     100450999.4283731      43522996.0737616       57736.54994526329      
-97603132.95772384     100401325.6142883      43501509.9733619       57736.58119526329      
-97666879.57774575     100351603.1673194      43480000.78937069      57736.61244526329      
-97730598.29717939     100301832.0730186      43458468.51052147      57736.64369526329      
-97794288.93937053     100252012.3180088      43436913.12612489      57736.67494526329      
-97857951.32700023     100202143.8900544      43415334.62610061      57736.70619526329      
-97921585.28224048     100152226.7779566      43393733.00093289      57736.73744526329      
-97985190.62662855     100102260.9716675      43372108.24172141      57736.76869526329      
-98048767.18117799     100052246.4622205      43350460.34015198      57736.79994526329      
-98112314.76630969     100002183.2418011      43328789.28852845      57736.83119526329      
-98175833.20189565     99952071.30372924      43307095.07976614      57736.86244526329      
-98239322.30729172     99901910.64245053      43285377.70738924      57736.89369526329      
-98302781.90133666     99851701.2535544       43263637.16553961      57736.92494526329      
-98366211.80228448     99801443.13384475      43241873.44900855      57736.95619526329      
-98429611.82796077     99751136.28123342      43220086.55319182      57736.98744526329      
-98492981.79562263     99700780.69487695      43198276.47413069      57737.01869526329      
-98556321.52209316     99650376.3750678       43176443.20851267      57737.04994526329      
-98619630.82371801     99599923.32329604      43154586.75367603      57737.08119526329      
-98682909.51638559     99549421.54225813      43132707.10759788      57737.11244526329      
-98746157.41554566     99498871.03585458      43110804.26890671      57737.14369526329      
-98809374.33614314     99448271.80926086      43088878.23691422      57737.17494526329      
-98872560.09277539     99397623.86881968      43066929.01156956      57737.20619526329      
-98935714.49957076     99346927.22215623      43044956.59351036      57737.23744526329      
-98998837.37031245     99296181.87809674      43022960.98402852      57737.26869526329      
-99061928.51831782     99245387.84678404      43000942.18512126      57737.29994526329      
-99124987.75659591     99194545.13956895      42978900.19944505      57737.33119526329      
-99188014.8977716      99143653.76908958      42956835.03035097      57737.36244526329      
-99251009.75414342     99092713.74924317      42934746.68187355      57737.39369526329      
-99313972.13760799     99041725.09526551      42912635.15876618      57737.42494526329      
-99376901.85981847     98990687.82362144      42890500.46645448      57737.45619526329      
-99439798.73206489     98939601.95212014      42868342.61108746      57737.48744526329      
-99502662.56539941     98888467.49983217      42846161.59950224      57737.51869526329      
-99565493.17051721     98837284.48720478      42823957.4392752       57737.54994526329      
-99628290.35791551     98786052.93595137      42801730.13867489      57737.58119526329      
-99691053.93783011     98734772.86912161      42779479.70669328      57737.61244526329      
-99753783.72023943     98683444.31111699      42757206.1530535       57737.64369526329      
-99816479.51491255     98632067.28767027      42734909.48820176      57737.67494526329      
-99879141.13140242     98580641.82586984      42712589.72331878      57737.70619526329      
-99941768.37909424     98529167.95413885      42690246.8703116       57737.73744526329      
-100004361.0672099     98477645.70225         42667880.94182082      57737.76869526329      
-100066919.0047462     98426075.1013954       42645491.95125176      57737.79994526329      
-100129442.0006346     98374456.18407384      42623079.91272632      57737.83119526329      
-100191929.8636247     98322788.9842056       42600644.84113362      57737.86244526329      
-100254382.4023992     98271073.53705585      42578186.75209751      57737.89369526329      
-100316799.4255137     98219309.87930374      42555705.66200727      57737.92494526329      
-100379180.741446      98167498.04902004      42533201.58800875      57737.95619526329      
-100441526.1586346     98115638.08565362      42510674.54799911      57737.98744526329      
-100503835.4855467     98063730.02997498      42488124.56065009      57738.01869526329      
-100566108.5304687     98011773.92431444      42465551.64539875      57738.04994526329      
-100628345.1017388     97959769.81236547      42442955.82241748      57738.08119526329      
-100690545.0076869     97907717.739236        42420337.11267889      57738.11244526329      
-100752708.0567224     97855617.75140604      42397695.53790765      57738.14369526329      
-100814834.0572197     97803469.89684162      42375031.12063061      57738.17494526329      
-100876922.8176787     97751274.22487871      42352343.88412695      57738.20619526329      
-100938974.1466658     97699030.78629093      42329633.85245823      57738.23744526329      
-101000987.8528208     97646739.63330191      42306901.05047418      57738.26869526329      
-101062963.7449078     97594400.81956063      42284145.50380258      57738.29994526329      
-101124901.6318118     97542014.40016243      42261367.23885887      57738.33119526329      
-101186801.3225893     97489580.43162382      42238566.28283572      57738.36244526329      
-101248662.6264761     97437098.97189394      42215742.66370835      57738.39369526329      
-101310485.3528292     97384570.08042148      42192896.41026414      57738.42494526329      
-101372269.3112766     97331993.81804526      42170027.55205542      57738.45619526329      
-101434014.3116595     97279370.24706063      42147136.11942878      57738.48744526329      
-101495720.1640402     97226699.43123029      42124222.14353         57738.51869526329      
-101557386.6787537     97173981.43575741      42101285.6562928       57738.54994526329      
-101619013.6664051     97121216.32730514      42078326.69044763      57738.58119526329      
-101680600.937921      97068404.17396943      42055345.27951004      57738.61244526329      
-101742148.3045581     97015545.04528853      42032341.45778515      57738.64369526329      
-101803655.5778462     96962639.01230876      42009315.2603964       57738.67494526329      
-101865122.5697486     96909686.1474628       41986266.72323289      57738.70619526329      
-101926549.0925513     96856686.52468167      41963195.88299823      57738.73744526329      
-101987934.9589695     96803640.2193193       41940102.77717782      57738.76869526329      
-102049279.9821447     96750547.30817042      41916987.44404685      57738.79994526329      
-102110583.9755892     96697407.86953506      41893849.92269839      57738.83119526329      
-102171846.7533457     96644221.98309542      41870690.25298982      57738.86244526329      
-102233068.1298775     96590989.73002686      41847508.47559135      57738.89369526329      
-102294247.9201963     96537711.19290207      41824304.63194412      57738.92494526329      
-102355385.939752      96484386.45580196      41801078.76430852      57738.95619526329      
-102416482.0045927     96431015.60419087      41777830.91570991      57738.98744526329      
-102477535.9312984     96377598.72498943      41754561.12997004      57739.01869526329      
-102538547.5370436     96324135.90653373      41731269.45168944      57739.04994526329      
-102599516.6395311     96270627.23864801      41707955.92627873      57739.08119526329      
-102660443.0571513     96217072.81251831      41684620.59990344      57739.11244526329      
-102721326.6088732     96163472.72080225      41661263.51953185      57739.14369526329      
-102782167.1143714     96109827.05753055      41637884.73289154      57739.17494526329      
-102842964.3939171     96056135.9182165       41614484.28851708      57739.20619526329      
-102903718.268537      96002399.39972818      41591062.23569402      57739.23744526329      
-102964428.5599585     95948617.60035037      41567618.62448543      57739.26869526329      
-103025095.090607      95894790.61979826      41544153.50573771      57739.29994526329      
-103085717.6837119     95840918.55913641      41520666.93104478      57739.33119526329      
-103146296.1631974     95787001.52088726      41497158.95279504      57739.36244526329      
-103206830.3538412     95733039.60890177      41473629.62411449      57739.39369526329      
-103267320.0812189     95679032.92841977      41450078.99889266      57739.42494526329      
-103327765.1717128     95624981.58607338      41426507.13178351      57739.45619526329      
-103388165.4525632     95570885.68985178      41402914.07818965      57739.48744526329      
-103448520.7518665     95516745.34911339      41379299.89426706      57739.51869526329      
-103508830.8986262     95462560.67455027      41355664.63690894      57739.54994526329      
-103569095.722761      95408331.77819002      41332008.36374602      57739.58119526329      
-103629315.0550499     95354058.77345535      41308331.13317186      57739.61244526329      
-103689488.7272781     95299741.7750413       41284633.00428855      57739.64369526329      
-103749616.5721819     95245380.89897391      41260914.03693181      57739.67494526329      
-103809698.4234458     95190976.26262127      41237174.29167484      57739.70619526329      
-103869734.1158061     95136527.9846078       41213413.82979033      57739.73744526329      
-103929723.4849418     95082036.18492083      41189632.71329615      57739.76869526329      
-103989666.3676315     95027500.98477627      41165831.00489584      57739.79994526329      
-104049562.6016962     94972922.50667651      41142008.76800317      57739.83119526329      
-104109412.0260078     94918300.87441048      41118166.06674115      57739.86244526329      
-104169214.4805384     94863636.21301465      41094302.96592426      57739.89369526329      
-104228969.8063567     94808928.64878222      41070419.53106136      57739.92494526329      
-104288677.8456775     94754178.3092237       41046515.82833771      57739.95619526329      
-104348338.4418582     94699385.32307553      41022591.92461759      57739.98744526329      
-104407951.4394816     94644549.82022572      40998647.88741644      57740.01869526329      
-104467516.6841969     94589671.93187119      40974683.78495537      57740.04994526329      
-104527034.0228138     94534751.79043284      40950699.68612907      57740.08119526329      
-104586503.3034289     94479789.52944027      40926695.66045952      57740.11244526329      
-104645924.3753767     94424785.28358224      40902671.77811322      57740.14369526329      
-104705297.0891719     94369739.18876259      40878628.10992462      57740.17494526329      
-104764621.2966517     94314651.3819714       40854564.7273386       57740.20619526329      
-104823896.8509186     94259522.00134042      40830481.70243349      57740.23744526329      
-104883123.6063351     94204351.18614982      40806379.10792278      57740.26869526329      
-104942301.4186228     94149139.07673724      40782257.01711419      57740.29994526329      
-105001430.1447524     94093885.81460169      40758115.50395381      57740.33119526329      
-105060509.643095      94038591.5422633       40733954.64296336      57740.36244526329      
-105119539.7733633     93983256.40331799      40709774.509263        57740.39369526329      
-105178520.3966161     93927880.5424335       40685575.17856808      57740.42494526329      
-105237451.3753044     93872464.10530612      40661356.72716888      57740.45619526329      
-105296332.573264      93817007.23866597      40637119.23193162      57740.48744526329      
-105355163.8557616     93761510.09023337      40612862.7702779       57740.51869526329      
-105413945.0894867     93705972.80872388      40588587.42018547      57740.54994526329      
-105472676.1425452     93650395.54385298      40564293.26018889      57740.58119526329      
-105531356.884503      93594778.44629206      40539980.36935868      57740.61244526329      
-105589987.186379      93539121.66767268      40515648.82730184      57740.64369526329      
-105648566.9206881     93483425.36054198      40491298.71414074      57740.67494526329      
-105707095.961423      93427689.67837682      40466930.11051778      57740.70619526329      
-105765574.1840972     93371914.77553852      40442543.09757408      57740.73744526329      
-105824001.4656744     93316100.80733606      40418137.75697546      57740.76869526329      
-105882377.6847142     93260247.92988215      40393714.17084802      57740.79994526329      
-105940702.7212596     93204356.30019537      40369272.4218211       57740.83119526329      
-105998976.4569511     93148426.07608555      40344812.59297554      57740.86244526329      
-106057198.7749142     93092457.41625574      40320334.76788669      57740.89369526329      
-106115369.5599033     93036450.48015764      40295839.03055943      57740.92494526329      
-106173488.6982399     92980405.42804402      40271325.46544948      57740.95619526329      
-106210475.1218856     92944693.13047323      40255704.65500578      57740.97609694462      
-106236364.9364373     92919673.95491911      40244760.81789146      57740.9900344881       
-106255403.2572754     92901264.70291311      40236708.1372305       57741.00028713908      
-106267505.7853587     92889557.14727657      40231586.88832525      57741.00680624291      
-106277099.7258541     92880273.59026258      40227525.93725362      57741.01197494534      
-106284508.0884939     92873103.25679821      40224389.36288042      57741.01596669924      
-106290262.5013163     92867532.7417656       40221952.59692191      57741.01906759169      
-106294751.8143961     92863186.29541424      40220051.27994286      57741.02148694873      
-106298283.6368677     92859766.49821325      40218555.31329067      57741.023390418        
-106301115.1992833     92857024.51394293      40217355.84825046      57741.02491655848      
-106303557.0940753     92854659.70146772      40216321.37269256      57741.02623273166      
-106305245.6122394     92853024.39283459      40215606.0138452       57741.02714286641      
-106306507.258709      92851802.45537566      40215071.48185757      57741.02782292692      
-106307628.0967978     92850716.85955884      40214596.59157375      57741.02842709915      
-106308354.4441892     92850013.33299638      40214288.83599532      57741.02881863224      
-106309015.4040954     92849373.12753601      40214008.77989168      57741.02917492243      
-106309673.6753807     92848735.51490858      40213729.85787281      57741.02952976694      
-106310269.2182676     92848158.65229025      40213477.5106678       57741.02985080051      
-106310863.4627042     92847583.03814162      40213225.70948669      57741.03017113708      
-106311563.0017018     92846905.41870062      40212929.28615929      57741.03054823807      
-106312279.7217745     92846211.14325699      40212625.57652857      57741.03093460511      
-106313114.1530442     92845402.82589182      40212271.97923742      57741.03138443291      
-106314180.9272257     92844369.41034719      40211819.91273195      57741.03195952132      
-106315550.1888366     92843042.92267033      40211239.64159313      57741.0326976919       
-106317317.3532975     92841330.889559        40210490.71295398      57741.03365039552      
-106319676.0077156     92839045.69219545      40209491.05209716      57741.03492202045      
-106322755.410708      92836061.97376227      40208185.82006228      57741.03658229358      
-106326836.880193      92832106.9428363       40206455.6811502       57741.03878295714      
-106332201.6114992     92826907.74028327      40204181.26771174      57741.04167574682      
-106339294.1480014     92820032.88680476      40201173.81913513      57741.0455005791       
-106348712.1478618     92810901.90570907      40197179.38770906      57741.05058012746      
-106361265.9754035     92798727.04839303      40191853.3397316       57741.05735212235      
-106378059.9420613     92782433.5900241       40184725.47657568      57741.06641346877      
-106400585.7564859     92760567.49041191      40175159.61887226      57741.07857120505      
-106430874.2084855     92731145.09648043      40162287.81829356      57741.09492535231      
-106471713.802214      92691435.07883528      40144914.89078924      57741.11698879499      
-106526902.0604857     92637703.51172362      40121406.76682448      57741.1468264627       
-106584651.3676943     92581392.50233126      40096769.08665275      57741.1780764627       
-106642348.166642      92525044.70216568      40072114.27817829      57741.2093264627       
-106699992.3584235     92468660.27790168      40047442.42950027      57741.2405764627       
-106757583.8457671     92412239.39686236      40022753.62908405      57741.2718264627       
-106815122.5331222     92355782.22692168      39998047.96571682      57741.3030764627       
-106872608.3265446     92299288.93660672      39973325.52855039      57741.3343264627       
-106930041.133834      92242759.6949501       39948586.40703489      57741.3655764627       
-106987420.8644698     92186194.67154215      39923830.69093962      57741.3968264627       
-107044747.4295953     92129594.03653307      39899058.47035228      57741.4280764627       
-107102020.742105      92072957.96053524      39874269.83563423      57741.4593264627       
-107159240.716528      92016286.61472511      39849464.87746335      57741.4905764627       
-107216407.2691635     91959580.17069562      39824643.6867674       57741.5218264627       
-107273520.3180052     91902838.80051787      39799806.35474933      57741.5530764627       
-107330579.782775      91846062.67669357      39774952.97286435      57741.5843264627       
-107387585.5848967     91789251.97216676      39750083.63282345      57741.6155764627       
-107444537.6475299     91732406.86027603      39725198.42657032      57741.6468264627       
-107501435.8955526     91675527.51475649      39700297.44628049      57741.6780764627       
-107558280.2555946     91618614.10969159      39675380.78433833      57741.7093264627       
-107615070.6560195     91561666.81951542      39650448.53333604      57741.7405764627       
-107671807.0269071     91504685.81901464      39625500.78607271      57741.7718264627       
-107728489.3000854     91447671.28328049      39600537.63553134      57741.8030764627       
-107785117.4091121     91390623.38771099      39575559.17487797      57741.8343264627       
-107841691.2893059     91333542.30796272      39550565.49743855      57741.8655764627       
-107898210.8777274     91276428.21995306      39525556.69669817      57741.8968264627       
-107954676.1131601     91219281.29986273      39500532.86630012      57741.9280764627       
-108011086.9361403     91162101.72408746      39475494.10002291      57741.9593264627       
-108067443.2889378     91104889.66924064      39450440.4917795       57741.9905764627       
-108123745.1155852     91047645.31210501      39425372.13559435      57742.0218264627       
-108179992.3618575     90990368.82963558      39400289.12560262      57742.0530764627       
-108236184.9752518     90933060.3989619       39375191.55604941      57742.0843264627       
-108292322.9050055     90875720.19735049      39350079.52127144      57742.1155764627       
-108348406.1021255     90818348.40215693      39324953.11567405      57742.1468264627       
-108404434.5193163     90760945.19087937      39299812.43375292      57742.1780764627       
-108460408.1110482     90703510.7410702       39274657.57005341      57742.2093264627       
-108516326.8335249     90646045.23034923      39249488.61917453      57742.2405764627       
-108572190.6446613     90588548.83640687      39224305.67576841      57742.2718264627       
-108627999.5041108     90531021.73695651      39199108.83451767      57742.3030764627       
-108683753.3732422     90473464.10973792      39173898.19013499      57742.3343264627       
-108739452.2151659     90415876.1324698       39148673.83734057      57742.3655764627       
-108795095.994711      90358257.98285328      39123435.8708618       57742.3968264627       
-108850684.6784015     90300609.83857572      39098184.38543304      57742.4280764627       
-108906218.2344821     90242931.87726337      39072919.47577317      57742.4593264627       
-108961696.6328939     90185224.2764854       39047641.23658558      57742.4905764627       
-109017119.8452993     90127487.21370699      39022349.7625357       57742.5218264627       
-109072487.8450578     90069720.86629331      38997045.14825105      57742.5530764627       
-109127800.6072012     90011925.41151385      38971727.48832141      57742.5843264627       
-109183058.1084577     89954101.0264959       38946396.87727656      57742.6155764627       
-109238260.3272271     89896247.888229        38921053.40958656      57742.6468264627       
-109293407.2436035     89838366.17351845      38895697.17963971      57742.6780764627       
-109348498.8393411     89780456.05900048      38870328.28174733      57742.7093264627       
-109403535.0978667     89722517.72110628      38844946.81012639      57742.7405764627       
-109458516.0042444     89664551.33607727      38819552.8589045       57742.7718264627       
-109513441.5451981     89606557.07991932      38794146.52209807      57742.8030764627       
-109568311.7090851     89548535.128408        38768727.89361309      57742.8343264627       
-109623126.4859183     89490485.65704302      38743297.06722342      57742.8655764627       
-109677885.8673394     89432408.84105399      38717854.13657165      57742.8968264627       
-109732589.8465919     89374304.85540615      38692399.19517003      57742.9280764627       
-109787238.4185429     89316173.87475532      38666932.33637912      57742.9593264627       
-109841831.5796553     89258016.07345399      38641453.6534088       57742.9905764627       
-109896369.3281336     89199831.62534176      38615963.23932403      57743.0218264627       
-109950851.6635695     89141620.704184        38590461.1869749       57743.0530764627       
-110005278.5871327     89083383.48338738      38564947.5890527       57743.0843264627       
-110059650.1016642     89025120.13587074      38539422.5380515       57743.1155764627       
-110113966.2115016     88966830.83424206      38513886.12630377      57743.1468264627       
-110168226.9225949     88908515.75065136      38488338.44591435      57743.1780764627       
-110222432.24243       88850175.05684961      38462779.58878478      57743.2093264627       
-110276582.1800007     88791808.92419632      38437209.64661514      57743.2405764627       
-110330676.745866      88733417.52357449      38411628.71086538      57743.2718264627       
-110384715.9520738     88675001.02545013      38386036.87277997      57743.3030764627       
-110438699.8121797     88616559.59982893      38360434.22336739      57743.3343264627       
-110492628.3412563     88558093.41622321      38334820.85338431      57743.3655764627       
-110546501.555864      88499602.64366035      38309196.85333792      57743.3968264627       
-110600319.4740124     88441087.45070194      38283562.31349292      57743.4280764627       
-110654082.1152263     88382548.0053492       38257917.32382871      57743.4593264627       
-110707789.500421      88323984.47515555      38232261.97408738      57743.4905764627       
-110761441.6520155     88265397.02708068      38206596.35370844      57743.5218264627       
-110815038.593855      88206785.82755168      38180920.5518543       57743.5530764627       
-110868580.3511819     88148151.0424726       38155234.65741327      57743.5843264627       
-110922066.9506813     88089492.83715162      38129538.75896621      57743.6155764627       
-110975498.4204509     88030811.37631091      38103832.94478972      57743.6468264627       
-111028874.7899243     87972106.8241487       38078117.30288203      57743.6780764627       
-111082196.0899827     87913379.34419413      38052391.92089827      57743.7093264627       
-111135462.3528297     87854629.09942155      38026656.88619926      57743.7405764627       
-111188673.6120561     87795856.25215751      38000912.28580965      57743.7718264627       
-111241829.9025998     87737060.96410215      37975158.20642607      57743.8030764627       
-111294931.2607158     87678243.39634027      37949394.73442087      57743.8343264627       
-111347977.7239831     87619403.70931116      37923621.9558278       57743.8655764627       
-111400969.3313217     87560542.06276815      37897839.95632312      57743.8968264627       
-111453906.1229144     87501658.61584239      37872048.82125243      57743.9280764627       
-111506788.1402617     87442753.52696092      37846248.63559386      57743.9593264627       
-111559615.4261409     87383826.95386949      37820439.48396681      57743.9905764627       
-111612388.0245095     87324879.05372958      37794621.45063607      57744.0218264627       
-111665105.9806967     87265909.9828548       37768794.6194941       57744.0530764627       
-111717769.3412492     87206919.896881        37742959.07406508      57744.0843264627       
-111770378.1539343     87147908.95074359      37717114.89748669      57744.1155764627       
-111822932.4677363     87088877.29865569      37691262.17251505      57744.1468264627       
-111875432.3328168     87029825.09413171      37665400.98153396      57744.1780764627       
-111927877.8005765     86970752.4898966       37639531.4065143       57744.2093264627       
-111980268.9235318     86911659.63800347      37613653.52906464      57744.2405764627       
-112032605.7554234     86852546.68969119      37587767.43036791      57744.2718264627       
-112084888.3511386     86793413.79545017      37561873.19120941      57744.3030764627       
-112137116.7666808     86734261.10503659      37535970.89198214      57744.3343264627       
-112189291.059213      86675088.76740322      37510060.61265562      57744.3655764627       
-112241411.2870264     86615896.93071376      37484142.43278143      57744.3968264627       
-112293477.5094639     86556685.74240968      37458216.43152165      57744.4280764627       
-112345489.7870184     86497455.34907888      37432282.68759051      57744.4593264627       
-112397448.1812558     86438205.89652273      37406341.27928302      57744.4905764627       
-112449352.7547842     86378937.52977136      37380392.28448088      57744.5218264627       
-112501203.5712971     86319650.39301524      37354435.7806218       57744.5530764627       
-112553000.6955422     86260344.62962064      37328471.84470557      57744.5843264627       
-112604744.1932452     86201020.38219763      37302500.5533231       57744.6155764627       
-112656434.1312166     86141677.79245885      37276521.98259389      57744.6468264627       
-112708070.5772291     86082317.00134026      37250536.20821822      57744.6780764627       
-112759653.6000792     86022938.14891234      37224543.30543775      57744.7093264627       
-112811183.2695467     85963541.37440714      37198543.34904651      57744.7405764627       
-112862659.6563557     85904126.81624502      37172536.41340212      57744.7718264627       
-112914082.8322349     85844694.61194642      37146522.57238657      57744.8030764627       
-112965452.8697962     85785244.89825366      37120501.89945891      57744.8343264627       
-113016769.8426409     85725777.81099035      37094474.46759313      57744.8655764627       
-113068033.8252838     85666293.48513097      37068440.34930813      57744.8968264627       
-113119244.8931228     85606792.05481823      37042399.61667463      57744.9280764627       
-113170403.1224814     85547273.6532962       37016352.34128559      57744.9593264627       
-113221508.5905783     85487738.41292809      36990298.59426329      57744.9905764627       
-113272561.3754522     85428186.46526629      36964238.44628959      57745.0218264627       
-113323561.5560584     85368617.94092312      36938171.9675489       57745.0530764627       
-113374509.2121931     85309032.96964131      36912099.2277585       57745.0843264627       
-113425404.4244641     85249431.68031222      36886020.29617608      57745.1155764627       
-113476247.2743327     85189814.2009097       36859935.24157044      57745.1468264627       
-113527037.8440745     85130180.65851927      36833844.13223371      57745.1780764627       
-113577776.2167504     85070531.17935634      36807747.03598902      57745.2093264627       
-113628462.4762212     85010865.88873251      36781644.02017532      57745.2405764627       
-113679096.7071185     84951184.91107415      36755535.15165517      57745.2718264627       
-113729678.9948594     84891488.36988865      36729420.49679958      57745.3030764627       
-113780209.4256173     84831776.38778354      36703300.12149601      57745.3343264627       
-113830688.0862838     84772049.08649614      36677174.09116105      57745.3655764627       
-113881115.0645104     84712306.58682851      36651042.47071162      57745.3968264627       
-113931490.4486795     84652549.00866687      36624905.32457316      57745.4280764627       
-113981814.3278307     84592776.47105382      36598762.71671094      57745.4593264627       
-114032086.7917653     84532989.09204978      36572614.71056914      57745.4905764627       
-114082307.9309281     84473186.98885834      36546461.36912543      57745.5218264627       
-114132477.8364677     84413370.2777404       36520302.75485316      57745.5530764627       
-114182596.6001984     84353539.07404487      36494138.92973452      57745.5843264627       
-114232664.3145628     84293693.49223933      36467969.95527373      57745.6155764627       
-114282681.0726831     84233833.64583503      36441795.89246407      57745.6468264627       
-114332646.9682875     84173959.64746016      36415616.80181964      57745.6780764627       
-114382562.0957271     84114071.60882749      36389432.74336097      57745.7093264627       
-114432426.5499816     84054169.6407124       36363243.77660541      57745.7405764627       
-114482240.4266316     83994253.85297364      36337049.96057586      57745.7718264627       
-114532003.8218218     83934324.35458469      36310851.35381439      57745.8030764627       
-114581716.8323025     83874381.25356986      36284648.01435408      57745.8343264627       
-114631379.5554022     83814424.65702511      36258439.99972817      57745.8655764627       
-114680992.0889559     83754454.67119224      36232227.36700208      57745.8968264627       
-114730554.5314079     83694471.40132105      36206010.17271328      57745.9280764627       
-114780066.9816975     83634474.95179641      36179788.47292659      57745.9593264627       
-114829529.539318      83574465.42605369      36153562.32319716      57745.9905764627       
-114878942.3042207     83514442.92668736      36127331.77859893      57746.0218264627       
-114928305.3769363     83454407.55528221      36101096.89370066      57746.0530764627       
-114977618.8585078     83394359.41248974      36074857.72256412      57746.0843264627       
-115026882.8504502     83334298.59806563      36048614.31875682      57746.1155764627       
-115076097.454705      83274225.21091308      36022366.73537868      57746.1468264627       
-115125262.7737432     83214139.34894584      35996115.02500193      57746.1780764627       
-115174378.9104515     83154041.10921581      35969859.23972708      57746.2093264627       
-115223445.9681921     83093930.58782905      35943599.43114606      57746.2405764627       
-115272464.0507586     83033807.87998903      35917335.65036111      57746.2718264627       
-115321433.2623842     82973673.07997619      35891067.94797586      57746.3030764627       
-115370353.7077057     82913526.28118075      35864796.37410963      57746.3343264627       
-115419225.4917812     82853367.57607183      35838520.97838399      57746.3655764627       
-115468048.7200628     82793197.05621977      35812241.80993252      57746.3968264627       
-115516823.498414      82733014.81226534      35785958.9173873       57746.4280764627       
-115565549.933083      82672820.93394209      35759672.34888885      57746.4593264627       
-115614228.1306683     82612615.51010963      35733382.15210055      57746.4905764627       
-115662858.1981614     82552398.62869102      35707088.37418143      57746.5218264627       
-115711440.242912      82492170.37670594      35680791.06180067      57746.5530764627       
-115759974.3726025     82431930.84029351      35654490.26114766      57746.5843264627       
-115808460.695265      82371680.10468176      35628186.01791868      57746.6155764627       
-115856899.3192555     82311418.25421025      35601878.3773269       57746.6468264627       
-115905290.3532714     82251145.3723          35575567.38408926      57746.6780764627       
-115953633.9063257     82190861.54147606      35549253.0824365       57746.7093264627       
-116001930.0877136     82130566.84340131      35522935.5161279       57746.7405764627       
-116050179.0070547     82070261.35881408      35496614.72842424      57746.7718264627       
-116098380.7742601     82009945.1675619       35470290.76210257      57746.8030764627       
-116146535.4995069     81949618.34862462      35443963.65946646      57746.8343264627       
-116194643.293247      81889280.98009485      35417633.46233748      57746.8655764627       
-116242704.2662254     81828933.13914785      35391300.21204229      57746.8968264627       
-116290718.5294123     81768574.90211801      35364963.9494461       57746.9280764627       
-116338686.1940551     81708206.34442618      35338624.71492103      57746.9593264627       
-116386607.3716449     81647827.54061364      35312282.54836113      57746.9905764627       
-116434482.1739124     81587438.56432773      35285937.48921488      57747.0218264627       
-116482310.7127958     81527039.48838721      35259589.57641193      57747.0530764627       
-116530093.1004694     81466630.38471624      35233238.84840605      57747.0843264627       
-116577829.4492824     81406211.32441172      35206885.34321225      57747.1155764627       
-116625519.8718498     81345782.37762649      35180529.09834004      57747.1468264627       
-116673164.4809441     81285343.61369959      35154170.15085045      57747.1780764627       
-116720763.3895552     81224895.10107301      35127808.53731991      57747.2093264627       
-116768316.7108582     81164436.90732592      35101444.29385528      57747.2405764627       
-116815824.5581813     81103969.09920897      35075077.45610907      57747.2718264627       
-116863287.0450493     81043491.74258241      35048708.05925254      57747.3030764627       
-116910704.2851511     80983004.90245053      35022336.13799088      57747.3343264627       
-116958076.3923166     80922508.64298518      34995961.72657382      57747.3655764627       
-117005403.480535      80862003.02749611      34969584.85878268      57747.3968264627       
-117052685.6639313     80801488.11845474      34943205.56794101      57747.4280764627       
-117099923.0567846     80740963.9774645       34916823.88690182      57747.4593264627       
-117147115.773497      80680430.66529506      34890439.84806277      57747.4905764627       
-117194263.9286034     80619888.24186364      34864053.48335809      57747.5218264627       
-117241367.636732      80559336.76627994      34837664.8242785       57747.5530764627       
-117288427.0126476     80498776.29678468      34811273.90184449      57747.5843264627       
-117335442.1712209     80438206.89078398      34784880.74662162      57747.6155764627       
-117382413.2274053     80377628.60487323      34758485.38873103      57747.6468264627       
-117429340.2962556     80317041.49480751      34732087.85783686      57747.6780764627       
-117476223.4929056     80256445.6155256       34705688.18315678      57747.7093264627       
-117523062.932587      80195841.02112019      34679286.39344937      57747.7405764627       
-117569858.7306064     80135227.76486199      34652882.51702473      57747.7718264627       
-117616611.0023152     80074605.89923421      34626476.58175976      57747.8030764627       
-117663319.863153      80013975.47587112      34600068.61507159      57747.8343264627       
-117709985.428617      79953336.54559246      34573658.64393283      57747.8655764627       
-117756607.8142318     79892689.15843831      34547246.69488692      57747.8968264627       
-117803187.1356095     79832033.36358596      34520832.79401213      57747.9280764627       
-117849723.5083454     79771369.20948096      34494416.96697899      57747.9593264627       
-117896217.0481193     79710696.74370055      34467999.23899082      57747.9905764627       
-117942667.8706327     79650016.01303123      34441579.63481794      57748.0218264627       
-117989076.0915865     79589327.0634927       34415158.17880818      57748.0530764627       
-118035441.8267254     79528629.94027635      34388734.89486037      57748.0843264627       
-118081765.1917996     79467924.68779063      34362309.80644437      57748.1155764627       
-118128046.3025754     79407211.3496422       34335882.936593        57748.1468264627       
-118174285.2747984     79346489.96868159      34309454.3079222       57748.1780764627       
-118220482.2242362     79285760.58694133      34283023.94260433      57748.2093264627       
-118266637.2666576     79225023.24566022      34256591.8623789       57748.2405764627       
-118312750.5177703     79164277.98536077      34230158.08858664      57748.2718264627       
-118358822.0933222     79103524.84571277      34203722.64211018      57748.3030764627       
-118404852.1089979     79042763.86566429      34177285.54343145      57748.3343264627       
-118450840.6804797     78981995.08335876      34150846.8125957       57748.3655764627       
-118496787.9234179     78921218.53616968      34124406.46922696      57748.3968264627       
-118542693.953402      78860434.26073538      34097964.53254332      57748.4280764627       
-118588558.8860039     78799642.29289752      34071521.02133039      57748.4593264627       
-118634382.83675       78738842.6677357       34045075.95395664      57748.4905764627       
-118680165.921091      78678035.41960245      34018629.34838884      57748.5218264627       
-118725908.254463      78617220.58203988      33992181.22215604      57748.5530764627       
-118771609.9521854     78556398.18791123      33965731.59240703      57748.5843264627       
-118817271.1295613     78495568.26926391      33939280.47585101      57748.6155764627       
-118862891.901817      78434730.85740729      33912827.88879158      57748.6468264627       
-118908472.3840809     78373885.98293686      33886373.84713763      57748.6780764627       
-118954012.6914277     78313033.67567232      33859918.36637656      57748.7093264627       
-118999512.93885       78252173.96469259      33833461.46158969      57748.7405764627       
-119044973.2412293     78191306.87837049      33807003.14746774      57748.7718264627       
-119090393.7133807     78130432.44431108      33780543.43828406      57748.8030764627       
-119135774.4700159     78069550.68939707      33754082.34791477      57748.8343264627       
-119181115.6257554     78008661.63977011      33727619.8898308       57748.8655764627       
-119226417.2951001     77947765.32086556      33701156.0771132       57748.8968264627       
-119271679.5924512     77886861.75738291      33674690.92244057      57748.9280764627       
-119316902.6320905     77825950.97330976      33648224.43809975      57748.9593264627       
-119362086.5281995     77765032.99189232      33621756.63597315      57748.9905764627       
-119407231.3949062     77704107.83556485      33595287.52753402      57749.0218264627       
-119452337.3460834     77643175.52623256      33568817.12390249      57749.0530764627       
-119497404.4955138     77582236.08503683      33542345.43579043      57749.0843264627       
-119542432.9568756     77521289.53237095      33515872.47351374      57749.1155764627       
-119587422.8436871     77460335.88795336      33489398.24701409      57749.1468264627       
-119632374.2693515     77399375.17076568      33462922.76583218      57749.1780764627       
-119677287.3471284     77338407.39908765      33436446.03912314      57749.2093264627       
-119722162.1901071     77277432.59053184      33409968.07567188      57749.2405764627       
-119766998.9112652     77216450.76196015      33383488.88385705      57749.2718264627       
-119811797.6233709     77155461.92961556      33357008.4717085       57749.3030764627       
-119856558.4390813     77094466.1089846       33330526.84684777      57749.3343264627       
-119901281.4708841     77033463.31487542      33304044.01652226      57749.3655764627       
-119945966.8310776     76972453.5614417       33277559.98761582      57749.3968264627       
-119990614.6318147     76911436.86212063      33251074.76662206      57749.4280764627       
-120035224.9850678     76850413.22967851      33224588.3596644       57749.4593264627       
-120079798.0026408     76789382.67619161      33198100.77248801      57749.4905764627       
-120124333.7961345     76728345.21309198      33171612.01047987      57749.5218264627       
-120168832.4769897     76667300.85110502      33145122.07864201      57749.5530764627       
-120213294.1564607     76606249.60028458      33118630.98160683      57749.5843264627       
-120257718.9455878     76545191.47004755      33092138.72365251      57749.6155764627       
-120302106.9552415     76484126.46911187      33065645.30867619      57749.6468264627       
-120346458.2961029     76423054.60552038      33039150.74020467      57749.6780764627       
-120390773.0786056     76361975.88671879      33012655.02142845      57749.7093264627       
-120435051.4130345     76300890.31941809      32986158.15514223      57749.7405764627       
-120479293.409428      76239797.90972637      32959660.14380233      57749.7718264627       
-120523499.1776376     76178698.66306482      32933160.98949053      57749.8030764627       
-120567668.8273013     76117592.58420278      32906660.69392949      57749.8343264627       
-120611802.4678164     76056479.67729242      32880159.25849797      57749.8655764627       
-120655900.2083835     75995359.94580641      32853656.68420412      57749.8968264627       
-120699962.1579797     75934233.39257282      32827152.97170077      57749.9280764627       
-120743988.425332      75873100.01980975      32800648.12130075      57749.9593264627       
-120787979.1189611     75811959.82906327      32774142.13295011      57749.9905764627       
-120831934.347112      75750812.82131295      32747635.00623563      57750.0218264627       
-120875854.21784       75689658.99681954      32721126.74042069      57750.0530764627       
-120919738.8389748     75628498.35519409      32694617.33440401      57750.0843264627       
-120963588.3180941     75567330.89543594      32668106.78672874      57750.1155764627       
-121007402.7624838     75506156.6159814       32641595.09561973      57750.1468264627       
-121051182.2792274     75444975.51457658      32615082.25892864      57750.1780764627       
-121094926.9751489     75383787.58835553      32588568.27416791      57750.2093264627       
-121138636.9567946     75322592.83386394      32562053.13852141      57750.2405764627       
-121182312.330476      75261391.246997        32535536.84881761      57750.2718264627       
-121225953.202244      75200182.82303394      32509019.40154492      57750.3030764627       
-121269559.6778625     75138967.55667296      32482500.79286689      57750.3343264627       
-121313131.8628518     75077745.44196871      32455981.01859549      57750.3655764627       
-121356669.8624626     75016516.47236691      32429460.07420631      57750.3968264627       
-121400173.7816496     74955280.64073952      32402937.95485389      57750.4280764627       
-121443643.7251153     74894037.93932176      32376414.6553449       57750.4593264627       
-121487079.7972835     74832788.35974719      32349890.17015338      57750.4905764627       
-121530482.1022736     74771531.89308238      32323364.49343606      57750.5218264627       
-121573850.7439439     74710268.52976438      32296837.61900552      57750.5530764627       
-121617185.8258728     74648998.25962465      32270309.54034074      57750.5843264627       
-121660487.4513031     74587721.07196717      32243780.25062117      57750.6155764627       
-121703755.7232382     74526436.95543008      32217249.74266709      57750.6468264627       
-121746990.7443474     74465145.89811774      32190718.00899697      57750.6780764627       
-121790192.6170247     74403847.88751671      32164185.04179134      57750.7093264627       
-121833361.4433549     74342542.91054116      32137650.83291269      57750.7405764627       
-121876497.3251262     74281230.95351353      32111115.37389735      57750.7718264627       
-121919600.3637972     74219912.00221023      32084578.65597543      57750.8030764627       
-121962670.6605396     74158586.04179899      32058040.67004401      57750.8343264627       
-122005708.3162128     74097253.05687356      32031501.40668236      57750.8655764627       
-122048713.4313379     74035913.03148849      32004960.85616725      57750.8968264627       
-122091686.106141      73974565.94909656      31978419.00844605      57750.9280764627       
-122134626.4405276     73913211.79258347      31951875.85315205      57750.9593264627       
-122177534.5340569     73851850.54430267      31925331.37961967      57750.9905764627       
-122220410.485985      73790482.18601261      31898785.57685766      57751.0218264627       
-122263254.395239      73729106.69891155      31872238.4335643       57751.0530764627       
-122306066.3603919     73667724.06367242      31845689.93814274      57751.0843264627       
-122348846.4797053     73606334.26037996      31819140.07867406      57751.1155764627       
-122391594.8511116     73544937.26855476      31792588.84292793      57751.1468264627       
-122434311.5721583     73483533.06723145      31766036.21839657      57751.1780764627       
-122476996.7401038     73422121.63481995      31739482.19223508      57751.2093264627       
-122519650.4518239     73360702.949238        31712926.75131891      57751.2405764627       
-122562272.8038699     73299276.98782648      31686369.88220758      57751.2718264627       
-122604863.8924429     73237843.72738448      31659811.57115995      57751.3030764627       
-122647423.813369      73176403.1442039       31633251.80414952      57751.3343264627       
-122689952.6621417     73114955.21400683      31606690.56683753      57751.3655764627       
-122732450.5338893     73053499.91199112      31580127.84459295      57751.3968264627       
-122774917.5233872     72992037.21281089      31553563.62248426      57751.4280764627       
-122817353.7250254     72930567.09062245      31526997.88529954      57751.4593264627       
-122859759.232851      72869089.51902117      31500430.61751945      57751.4905764627       
-122902134.1405431     72807604.47107661      31473861.80333261      57751.5218264627       
-122944478.5413879     72746111.91936719      31447291.42665084      57751.5530764627       
-122986792.5283208     72684611.83591738      31420719.47108229      57751.5843264627       
-123029076.1939019     72623104.19223255      31394145.91994668      57751.6155764627       
-123071329.6302903     72561588.95933391      31367570.75629068      57751.6468264627       
-123113552.9292876     72500066.10769553      31340993.96286093      57751.6780764627       
-123155746.1823117     72438535.60727929      31314415.52211937      57751.7093264627       
-123197909.4803727     72376997.42756972      31287835.41625855      57751.7405764627       
-123240042.9141153     72315451.53751117      31261253.62717472      57751.7718264627       
-123282146.5737931     72253897.90554264      31234670.1364831       57751.8030764627       
-123324220.5492524     72192336.49962185      31208084.92552854      57751.8343264627       
-123366264.9299509     72130767.28719485      31181497.97537271      57751.8655764627       
-123408279.8049415     72069190.23522027      31154909.26680464      57751.8968264627       
-123450265.2628913     72007605.31013884      31128318.78032792      57751.9280764627       
-123492221.3920646     71946012.47789742      31101726.49617138      57751.9593264627       
-123534148.2802984     71884411.7039841       31075132.39430434      57751.9905764627       
-123576046.0149472     71822802.95353115      31048536.45441232      57752.0218264627       
-123617914.6831058     71761186.19092551      31021938.65591005      57752.0530764627       
-123659754.371444      71699561.38009264      30995338.97793841      57752.0843264627       
-123701565.166155      71637928.48457606      30968737.39938497      57752.1155764627       
-123743347.1530367     71576287.46740708      30942133.89885586      57752.1468264627       
-123785100.4174675     71514638.29113939      30915528.45469116      57752.1780764627       
-123826825.0443817     71452980.91788435      30888921.04498027      57752.2093264627       
-123868521.1183113     71391315.30924787      30862311.64753493      57752.2405764627       
-123910188.7233615     71329641.42636549      30835700.23990459      57752.2718264627       
-123951827.9431866     71267959.22993739      30809086.79939182      57752.3030764627       
-123993438.8610313     71206268.68016547      30782471.3030253       57752.3343264627       
-124035021.5597068     71144569.73678817      30755853.72757524      57752.3655764627       
-124076576.1215662     71082862.35911584      30729234.04956873      57752.3968264627       
-124118102.6285462     71021146.50596756      30702612.24526284      57752.4280764627       
-124159601.1621428     70959422.13570613      30675988.29065992      57752.4593264627       
-124201071.8033872     70897689.20627332      30649362.1615231       57752.4905764627       
-124242514.6328874     70835947.67512681      30622733.83334922      57752.5218264627       
-124283929.7308037     70774197.49927512      30596103.28138433      57752.5530764627       
-124325317.1768248     70712438.635313        30569470.48063906      57752.5843264627       
-124366677.0502095     70650671.03935815      30542835.40586162      57752.6155764627       
-124408009.429762      70588894.66708647      30516198.03155328      57752.6468264627       
-124449314.3938085     70527109.47376712      30489558.33198374      57752.6780764627       
-124490592.020238      70465315.41419956      30462916.28116421      57752.7093264627       
-124531842.3864715     70403512.44275954      30436271.85286751      57752.7405764627       
-124573065.5694741     70341700.51337971      30409625.02061996      57752.7718264627       
-124614261.6457236     70279879.5795957       30382975.75772155      57752.8030764627       
-124655430.6912522     70218049.59448311      30356324.03721895      57752.8343264627       
-124696572.7816224     70156210.51069261      30329669.83192098      57752.8655764627       
-124737687.9919101     70094362.28047423      30303013.11440929      57752.8968264627       
-124778776.3967247     70032504.85564715      30276353.85702562      57752.9280764627       
-124819838.0701919     69970638.18762386      30249692.03188248      57752.9593264627       
-124860873.0859737     69908762.22737995      30223027.61085038      57752.9905764627       
-124901881.5173128     69846876.92536913      30196360.56556815      57753.0218264627       
-124942863.4368472     69784982.23184644      30169690.86745942      57753.0530764627       
-124983818.9167653     69723078.09660286      30143018.48770502      57753.0843264627       
-125024748.028794      69661164.46897924      30116343.39725831      57753.1155764627       
-125065650.8441495     69599241.29794644      30089665.56686085      57753.1468264627       
-125106527.4335789     69537308.53204218      30062984.96701546      57753.1780764627       
-125147377.8673362     69475366.11940622      30036301.56800169      57753.2093264627       
-125188202.2151586     69413414.007816        30009615.33989129      57753.2405764627       
-125229000.5463081     69351452.1446231       29982926.25252132      57753.2718264627       
-125269772.9295473     69289480.4767888       29956234.27550961      57753.3030764627       
-125310519.4331162     69227498.95091942      29929539.37827026      57753.3343264627       
-125351240.1247731     69165507.51320311      29902841.52998673      57753.3655764627       
-125391935.0717639     69103506.10945624      29876140.69963205      57753.3968264627       
-125432604.3408346     69041494.68510389      29849436.85596073      57753.4280764627       
-125473247.9982004     68979473.18522629      29822729.96752905      57753.4593264627       
-125513866.1095868     68917441.55449572      29796020.00266808      57753.4905764627       
-125554458.7402064     68855399.73721182      29769306.92949921      57753.5218264627       
-125595025.954735      68793347.67733698      29742590.7159497       57753.5530764627       
-125635567.817353      68731285.31843327      29715871.32972578      57753.5843264627       
-125676084.3917218     68669212.60369781      29689148.73832808      57753.6155764627       
-125716575.7409604     68607129.47599831      29662422.90906733      57753.6468264627       
-125757041.9276867     68545035.87780973      29635693.80903728      57753.6780764627       
-125797483.0139937     68482931.75124997      29608961.40513038      57753.7093264627       
-125837899.0614265     68420817.03811511      29582225.66405325      57753.7405764627       
-125878290.1310232     68358691.6798164       29555486.55229978      57753.7718264627       
-125918656.2832914     68296555.61741573      29528744.03616675      57753.8030764627       
-125958997.5781854     68234408.79166108      29501998.08176929      57753.8343264627       
-125999314.0751468     68172251.14292337      29475248.65501406      57753.8655764627       
-126039605.8330814     68110082.61123198      29448495.72161479      57753.8968264627       
-126079872.9103359     68047903.13631038      29421739.24710786      57753.9280764627       
-126120115.3647389     67985712.65751275      29394979.19682537      57753.9593264627       
-126160333.2535779     67923511.11385968      29368215.53591074      57753.9905764627       
-126200526.633576      67861298.44407368      29341448.22933434      57754.0218264627       
-126240695.5609327     67799074.58651608      29314677.24186651      57754.0530764627       
-126280840.091294      67736839.47923337      29287902.53809794      57754.0843264627       
-126320960.2797647     67674593.05993818      29261124.08243163      57754.1155764627       
-126361056.180878      67612335.26605561      29234341.83910321      57754.1468264627       
-126401127.8486372     67550066.03466026      29207555.77215409      57754.1780764627       
-126441175.3364916     67487785.30251162      29180765.84544699      57754.2093264627       
-126481198.6973144     67425493.00608987      29153972.02268162      57754.2405764627       
-126521197.9834432     67363189.08153264      29127174.26736778      57754.2718264627       
-126561173.2466569     67300873.46467052      29100372.54284094      57754.3030764627       
-126601124.5381533     67238546.09106289      29073566.81227791      57754.3343264627       
-126641051.9085894     67176206.89593461      29046757.03866993      57754.3655764627       
-126680955.408059      67113855.81421171      29019943.18483828      57754.3968264627       
-126720835.0860694     67051492.78055702      28993125.21344997      57754.4280764627       
-126760690.9915826     66989117.72930709      28966303.08699083      57754.4593264627       
-126800523.1729925     66926730.59450768      28939476.76778108      57754.4905764627       
-126840331.6781017     66864331.30994959      28912646.21799112      57754.5218264627       
-126880116.5541628     66801919.80910543      28885811.39961451      57754.5530764627       
-126919877.8478554     66739496.0251652       28858972.27448369      57754.5843264627       
-126959615.6052635     66677059.89107227      28832128.80428563      57754.6155764627       
-126999329.8719163     66614611.33945991      28805280.95053493      57754.6468264627       
-127039020.6927654     66552150.30268703      28778428.67458948      57754.6780764627       
-127078688.1121624     66489676.71287412      28751571.93766617      57754.7093264627       
-127118332.1738994     66427190.50183979      28724710.70081395      57754.7405764627       
-127157952.9211795     66364691.60114762      28697844.92493425      57754.7718264627       
-127197550.3966296     66302179.94208692      28670974.57077298      57754.8030764627       
-127237124.6422705     66239655.45571951      28644099.59894108      57754.8343264627       
-127276675.6995578     66177118.07281639      28617219.96988742      57754.8655764627       
-127316203.6093594     66114567.72389355      28590335.64391463      57754.8968264627       
-127355708.4119332     66052004.33924784      28563446.58119478      57754.9280764627       
-127395190.1469673     65989427.84889359      28536552.74174245      57754.9593264627       
-127434648.8535583     65926838.1825984       28509654.08543041      57754.9905764627       
-127474084.570275      65864235.26974934      28482750.57201012      57755.0218264627       
-127513497.3349719     65801619.03973421      28455842.16107253      57755.0530764627       
-127552887.1849256     65738989.4216682       28428928.81207214      57755.0843264627       
-127592254.1568295     65676346.34439491      28402010.48434387      57755.1155764627       
-127631598.2867928     65613689.73650299      28375087.13707885      57755.1468264627       
-127670919.6103386     65551019.52632885      28348158.72932598      57755.1780764627       
-127710218.162375      65488335.64200374      28321225.22001244      57755.2093264627       
-127749493.9771942     65425638.01145653      28294286.56794524      57755.2405764627       
-127788747.0885051     65362926.56236113      28267342.73178889      57755.2718264627       
-127827977.5294123     65300201.22217253      28240393.67008124      57755.3030764627       
-127867185.3323933     65237461.91816275      28213439.34124926      57755.3343264627       
-127906370.5293391     65174708.57735723      28186479.70358198      57755.3655764627       
-127945533.1515324     65111941.12657079      28159514.71524635      57755.3968264627       
-127984673.2296254     65049159.49244381      28132544.33430298      57755.4280764627       
-128023790.7936803     64986363.60137831      28105568.51867911      57755.4593264627       
-128062885.8731403     64923553.37958527      28078587.22618924      57755.4905764627       
-128101958.4968425     64860728.75306518      28051600.41452703      57755.5218264627       
-128141008.6929892     64797889.6476552       28024608.04128597      57755.5530764627       
-128180036.4891876     64735035.98896542      27997610.06393225      57755.5843264627       
-128219041.9124289     64672167.70241494      27970606.43982065      57755.6155764627       
-128258024.9890657     64609284.71326797      27943597.1262103       57755.6468264627       
-128296985.7448529     64546386.94657005      27916582.08023768      57755.6780764627       
-128335924.2049255     64483474.3271841       27889561.25893236      57755.7093264627       
-128374840.3937771     64420546.77982665      27862534.61923295      57755.7405764627       
-128413734.3353002     64357604.2290039       27835502.1179599       57755.7718264627       
-128452606.0527644     64294646.59904789      27808463.71183141      57755.8030764627       
-128491455.5687948     64231673.8141527       27781419.35747929      57755.8343264627       
-128530282.9054123     64168685.79831049      27754369.01142179      57755.8655764627       
-128569088.0840119     64105682.4753477       27727312.63007949      57755.8968264627       
-128607871.125341      64042663.76896124      27700250.1697912       57755.9280764627       
-128646632.04954       63979629.60265447      27673181.58678675      57755.9593264627       
-128685370.8761204     63916579.89977357      27646106.83720292      57755.9905764627       
-128724087.6239095     63853514.58360979      27619025.87710414      57756.0218264627       
-128762782.3111801     63790433.57716092      27591938.66244255      57756.0530764627       
-128801454.9555659     63727336.80329018      27564845.14908285      57756.0843264627       
-128840105.5740337     63664224.1847754       27537745.29281917      57756.1155764627       
-128878734.1829374     63601095.64421777      27510639.04934587      57756.1468264627       
-128917340.7979829     63537951.10410043      27483526.37428303      57756.1780764627       
-128955925.4342613     63474790.48673546      27456407.22315401      57756.2093264627       
-128994488.1062141     63411613.71432249      27429281.55141097      57756.2405764627       
-129033028.8276321     63348420.7089515       27402149.31443637      57756.2718264627       
-129071547.6116889     63285211.39254992      27375010.46752055      57756.3030764627       
-129110044.4709193     63221985.68691877      27347864.96587767      57756.3343264627       
-129148519.4171985     63158743.51376907      27320712.7646616       57756.3655764627       
-129186972.4617818     63095484.79465763      27293553.81893865      57756.3968264627       
-129225403.6152832     63032209.45102333      27266388.08370357      57756.4280764627       
-129263812.8876548     62968917.40422346      27239215.5138954       57756.4593264627       
-129302200.2882262     62905608.57546952      27212036.06437024      57756.4905764627       
-129334523.0347727     62852260.55943934      27189133.18817951      57756.516903228        
