367726.8540854719      157581.852563865       -23012.65985090061     57727                  
367706.8702813411      157630.4666456018      -23008.83789231043     57727.00069444445      
367681.3496792438      157692.5222272434      -23003.95811761648     57727.00158095954      
367652.9531534084      157761.5343621278      -22998.52990409776     57727.00256693504      
367621.1875343838      157838.6889068946      -22992.45948785174     57727.00366934125      
367585.6414574232      157924.9688104922      -22985.66890696462     57727.00490225861      
367545.8459772463      158021.492010143       -22978.06939116064     57727.00628170704      
367501.2683999191      158129.525021016       -22969.56023893219     57727.00782584328      
367451.3086419778      158250.490046529       -22960.02819132089     57727.0095550663       
367395.2860055063      158385.9948547706      -22949.34499475337     57727.01149244919      
367332.4304677434      158537.8511054035      -22937.36585007263     57727.01366400735      
367261.9283654364      158707.9608033677      -22923.93824664236     57727.01609708191      
367182.9939879144      158898.1407101068      -22908.91571209321     57727.01881783475      
367094.6033438293      159110.7599654904      -22892.10729734693     57727.02186037917      
366995.5934060678      159348.4936721875      -22873.29675782095     57727.02526327121      
366884.6492612076      159614.3458551735      -22852.24042926668     57727.0290698563       
366760.2836634303      159911.6886269083      -22828.66374229941     57727.03332885278      
366620.8178467588      160244.2957619514      -22802.25807937808     57727.03809486121      
366464.3444199261      160616.4157428375      -22772.67437061699     57727.04342944722      
366288.6980988702      161032.8217401655      -22739.5183496619      57727.04940190409      
366091.4273521971      161498.854330896       -22702.34618732026     57727.05608992357      
365869.7277826644      162020.5480076177      -22660.65318128081     57727.06358148542      
365620.4138166159      162604.6584792804      -22613.87001561181     57727.07197534459      
365339.8549568949      163258.7632838629      -22561.35276293293     57727.08138259644      
365023.8724795848      163991.4404472569      -22502.36605479967     57727.09192940063      
364667.6915006888      164812.3003825195      -22436.07733110157     57727.10375763976      
364265.8428984987      165732.1138074705      -22361.54254901961     57727.11702701391      
363811.9859177645      166763.0925304946      -22277.6783425179      57727.1319194179       
363298.8124421482      167918.9461288238      -22183.25083770903     57727.14864018709      
362717.8608347352      169215.1007351223      -22076.84951955441     57727.16742180762      
362059.3331010638      170668.8529961597      -21956.86404486571     57727.18852685512      
361311.7955460458      172299.7096400048      -21821.4427490174      57727.21225384444      
360461.82267338        174129.7504763244      -21668.44497181548     57727.23894373037      
359493.7698667111      176183.5944315511      -21495.42147147165     57727.26898100697      
358473.7668283504      178313.8623448237      -21314.47893219377     57727.30023100697      
357440.681320349       180437.4267797915      -21132.59255933909     57727.33148100697      
356394.5524559162      182554.2098835966      -20949.77052567947     57727.36273100697      
355335.4197249882      184664.1340368812      -20766.02103824544     57727.39398100697      
354263.3229914221      186767.121857836       -20581.35233780001     57727.42523100697      
353178.3024923793      188863.0962017946      -20395.77269869599     57727.45648100697      
352080.3988377693      190951.9801608446      -20209.29042873817     57727.48773100697      
350969.6530071588      193033.6970682948      -20021.9138686123      57727.51898100697      
349846.1063505061      195108.1704958288      -19833.65139196584     57727.55023100697      
348709.8005850615      197175.3242579348      -19644.51140483709     57727.58148100697      
347560.7777948394      199235.0824114646      -19454.50234552008     57727.61273100697      
346399.080430155       201287.3692552132      -19263.6326844342      57727.64398100697      
345224.7513047486      203332.1093337948      -19071.91092359582     57727.67523100697      
344037.8335953163      205369.227437185       -18879.34559648771     57727.70648100697      
342838.3708411012      207398.6486002842      -18685.94526793328     57727.73773100697      
341626.4069409971      209420.2981067307      -18491.71853356742     57727.76898100697      
340401.9861531346      211434.1014884275      -18296.67401971082     57727.80023100697      
339165.1530945323      213439.9845250921      -18100.82038324878     57727.83148100697      
337915.9527381784      215437.873248008       -17904.16631110144     57727.86273100697      
336654.4304126765      217427.6939395384      -17706.72052010284     57727.89398100697      
335380.6318019552      219409.3731326657      -17508.4917568845      57727.92523100697      
334094.6029420301      221382.8376151395      -17309.48879729871     57727.95648100697      
332796.3902222149      223348.014426689       -17109.72044653448     57727.98773100697      
331486.0403818812      225304.8308631384      -16909.19553854146     57728.01898100697      
330163.6005102049      227253.2144759049      -16707.9229359167      57728.05023100697      
328829.1180459758      229193.0930715256      -16505.9115297961      57728.08148100697      
327482.6407746348      231124.3947152492      -16303.17023932348     57728.11273100697      
326124.2168280819      233047.0477305301      -16099.70801154285     57728.14398100697      
324753.8946845472      234960.9806985497      -15895.53382129344     57728.17523100697      
323371.7231656144      236866.1224617526      -15690.65667067987     57728.20648100697      
321977.7514360923      238762.4021233362      -15485.08558896794     57728.23773100697      
320572.0290039466      240649.7490467729      -15278.82963248507     57728.26898100697      
319154.6057173135      242528.092859289       -15071.8978840901      57728.30023100697      
317725.5317644329      244397.3634513555      -14864.29945307383     57728.33148100697      
316284.8576736444      246257.4909762121      -14656.04347506385     57728.36273100697      
314832.63431039        248108.4058532916      -14447.13911149467     57728.39398100697      
313368.9128772118      249950.0387677143      -14237.59554951262     57728.42523100697      
311893.744913812       251782.3206698161      -14027.42200188521     57728.45648100697      
310407.1822936992      253605.1827789451      -13816.62770642216     57728.48773100697      
308909.2772259882      255418.5565808448      -13605.22192613077     57728.51898100697      
307400.0822520494      257222.3738314229      -13393.21394863791     57728.55023100697      
305879.6502456145      259016.5665562581      -13180.61308610258     57728.58148100697      
304348.0344129447      260801.0670501421      -12967.42867513196     57728.61273100697      
302805.288289812       262575.8078803701      -12753.67007625246     57728.64398100697      
301251.4657416722      264340.721886258       -12539.34667382646     57728.67523100697      
299686.6209638959      266095.7421786985      -12324.46787597252     57728.70648100697      
298110.8084787467      267840.8021434032      -12109.04311403705     57728.73773100697      
296524.0831356189      269575.8354404343      -11893.08184251499     57728.76898100697      
294926.5001113336      271300.7760037778      -11676.59353897412     57728.80023100697      
293318.1149071143      273015.5580445398      -11459.58770352704     57728.83148100697      
291698.983348889       274720.1160504956      -11242.07385875601     57728.86273100697      
290069.1615876532      276414.3847856829      -11024.06154964105     57728.89398100697      
288428.7060964416      278098.2992935546      -10805.56034303239     57728.92523100697      
286777.6736706974      279771.7948965488      -10586.57982757918     57728.95648100697      
285116.1214286998      281434.8071957058      -10367.12961366129     57728.98773100697      
283444.1068085341      283087.2720737776      -10147.21933286213     57729.01898100697      
281761.6875685281      284729.125694825       -9926.858637901187     57729.05023100697      
280068.9217877426      286360.3045038583      -9706.05720256918      57729.08148100697      
278365.867862944       287980.7452299098      -9484.824721201552     57729.11273100697      
276652.584509103       289590.3848856574      -9263.170908614338     57729.14398100697      
274929.1307599529      291189.1607670955      -9041.105500042591     57729.17523100697      
273195.5659649608      292777.0104565704      -8818.638250614506     57729.20648100697      
271451.9497898921      294353.8718224355      -8595.778935290495     57729.23773100697      
269698.3422174336      295919.6830187551      -8372.537348804595     57729.26898100697      
267934.8035437532      297474.3824886661      -8148.923305087083     57729.30023100697      
266161.3943811891      299017.9089622641      -7924.946637466976     57729.33148100697      
264378.1756548185      300550.2014599518      -7700.617198095415     57729.36273100697      
262585.2086031298      302071.1992921518      -7475.944857889335     57729.39398100697      
260782.5547787519      303580.8420590763      -7250.939506477653     57729.42523100697      
258970.2760454289      305079.0696536737      -7025.611051676542     57729.45648100697      
257148.4345787565      306565.8222613847      -6799.969419436222     57729.48773100697      
255317.0928669742      308041.0403599528      -6574.024553789064     57729.51898100697      
253476.3137079415      309504.6647223432      -6347.786416325675     57729.55023100697      
251626.160209939       310956.6364165434      -6121.264986143493     57729.58148100697      
249766.69579252        312396.8968054191      -5894.470259797519     57729.61273100697      
247897.9841834917      313825.3875496089      -5667.412250776377     57729.64398100697      
246020.089419776       315242.0506073713      -5440.100989453172     57729.67523100697      
244133.0758483242      316646.8282344912      -5212.546523037839     57729.70648100697      
242237.0081230987      318039.6629871504      -4984.758915053553     57729.73773100697      
240331.9512059964      319420.4977218274      -4756.748245289182     57729.76898100697      
238417.9703678216      320789.2755952569      -4528.524609753427     57729.80023100697      
236495.1311852713      322145.9400672793      -4300.098120150909     57729.83148100697      
234563.4995419177      323490.4349007959      -4071.47890383645      57729.86273100697      
232623.1416292392      324822.704161785       -3842.677103770185     57729.89398100697      
230674.1239436091      326142.6922221347      -3613.702877993663     57729.92523100697      
228716.5132873345      327450.3437596555      -3384.566399585212     57729.95648100697      
226750.3767697455      328745.603758158       -3155.277856615794     57729.98773100697      
224775.7818041855      330028.4175102696      -2925.847451625209     57730.01898100697      
222792.7961091067      331298.7306175103      -2696.285401577843     57730.05023100697      
220801.487709214       332556.4889904346      -2466.601937819438     57730.08148100697      
218801.9249324574      333801.6388514353      -2236.807305552425     57730.11273100697      
216794.1764111818      335034.1267348854      -2006.911763792524     57730.14398100697      
214778.3110833249      336253.8994873486      -1776.925585325363     57730.17523100697      
212754.3981894092      337460.9042703726      -1546.859056181489     57730.20648100697      
210722.5072737463      338655.0885607012      -1316.722475592642     57730.23773100697      
208682.7081856843      339836.4001505563      -1086.526155948532     57730.26898100697      
206635.0710766016      341004.7871504237      -856.2804222707036     57730.30023100697      
204579.6664011608      342160.1979893393      -625.9956121688501     57730.33148100697      
202516.5649186054      343302.5814152462      -395.6820757964579     57730.36273100697      
200445.8376897532      344431.8864977757      -165.3501753241781     57730.39398100697      
198367.556078298       345548.0626286118      64.98971510505726      57730.42523100697      
196281.7917521535      346651.0595219254      295.3272094211352      57730.45648100697      
194188.6166804446      347740.8272171556      525.651910154771       57730.48773100697      
192088.103134855       348817.316079453       755.9534084836414      57730.51898100697      
189980.3236910152      349880.4768001987      986.2212842788067      57730.55023100697      
187865.3512254907      350930.2603997847      1216.445106634263      57730.58148100697      
185743.2589171734      351966.6182281428      1446.61443391486       57730.61273100697      
183614.12024871        352989.5019653499      1676.718813804331      57730.64398100697      
181478.0090034865      353998.8636244111      1906.747783837087      57730.67523100697      
179334.999267059       354994.6555518775      2136.69087144763       57730.70648100697      
177185.1654286218      355976.8304285413      2366.537594021542      57730.73773100697      
175028.5821779852      356945.3412722253      2596.277459428813      57730.76898100697      
172865.324507043       357900.1414384915      2825.899966076235      57730.80023100697      
170695.4677112772      358841.1846214316      3055.394602960965      57730.83148100697      
168519.0873867263      359768.4248564629      3284.750850206376      57730.86273100697      
166336.2594314887      360681.816521135       3513.95817911733       57730.89398100697      
164147.0600472578      361581.3143360148      3743.006052237361      57730.92523100697      
161951.5657362815      362466.8733674955      3971.883923886748      57730.95648100697      
159749.8533028955      363338.4490287011      4200.58124022184       57730.98773100697      
157541.999855087       364195.9970804734      4429.087439295679      57731.01898100697      
155328.0828014428      365039.4736341935      4657.391951599311      57731.05023100697      
153108.1798527087      365868.8351527896      4885.484200125073      57731.08148100697      
150882.3690233786      366684.0384518272      5113.353600431619      57731.11273100697      
148650.7286286278      367485.0407023482      5340.989561188551      57731.14398100697      
146413.3372858956      368271.7994319835      5568.381484244259      57731.17523100697      
144170.2739164948      369044.272526151       5795.518764695975      57731.20648100697      
141921.6177425292      369802.4182309136      6022.390791437945      57731.23773100697      
139667.4482884941      370546.1951542015      6248.986947234538      57731.26898100697      
137407.845382903       371275.5622671197      6475.296608795703      57731.30023100697      
135142.8891551848      371990.4789068286      6701.309147329106      57731.33148100697      
132872.6600372997      372690.9047778774      6927.013928619184      57731.36273100697      
130597.2387653778      373376.7999536269      7152.400313108272      57731.39398100697      
128316.7063765939      374048.1248791532      7377.457656453691      57731.42523100697      
126031.1442107933      374704.8403726967      7602.175309612227      57731.45648100697      
123740.6339121381      375346.9076272016      7826.542618929088      57731.48773100697      
121445.2574259562      375974.2882132456      8050.548926698597      57731.51898100697      
119145.0970009089      376586.944080468       8274.183571204303      57731.55023100697      
116840.235187959       377184.8375599317      8497.435887074869      57731.58148100697      
114530.7548425523      377767.9313656741      8720.295205330025      57731.61273100697      
112216.7391214271      378336.1885976742      8942.750853948339      57731.64398100697      
109898.2714842451      378889.5727435827      9164.792157969692      57731.67523100697      
107575.4356952359      379428.0476805473      9386.408439601524      57731.70648100697      
105248.3158199726      379951.5776782106      9607.589018792351      57731.73773100697      
102916.9962269963      380460.1274005671      9828.32321334233       57731.76898100697      
100581.5615894506      380953.6619079123      10048.60033901838      57731.80023100697      
98242.09688182053      381432.146659876       10268.40971013387      57731.83148100697      
95898.68738154357      381895.5475174063      10487.74063966799      57731.86273100697      
93551.41867063002      382343.8307448476      10706.58243939025      57731.89398100697      
91200.37663235993      382776.9630130103      10924.92442044668      57731.92523100697      
88845.6474528757       383194.9114012826      11142.75589348888      57731.95648100697      
86487.31762278256      383597.6433998431      11360.0661688084       57731.98773100697      
84125.47393379809      383985.126912764       11576.84455693006      57732.01898100697      
81760.20348032197      384357.3302602584      11793.08036875106      57732.05023100697      
79391.59366100852      384714.2221810255      12008.7629156861       57732.08148100697      
77019.7321753662       385055.7718353914      12223.88151026793      57732.11273100697      
74644.70702529706      385381.948807693       12438.4254662979       57732.14398100697      
72266.60651663554      385692.7231087562      12652.38409900182      57732.17523100697      
69885.51925569297      385988.0651790802      12865.74672563855      57732.20648100697      
67501.53415131518      386267.9458912915      13078.50266561274      57732.23773100697      
65114.74041360504      386532.3365530783      13290.64124088992      57732.26898100697      
62725.22755595961      386781.2089097814      13502.15177611887      57732.30023100697      
60333.08539153312      387014.5351476313      13713.02359925146      57732.33148100697      
57938.40403467957      387232.2878964515      13923.24604172123      57732.36273100697      
55541.27390238797      387434.4402324624      14132.80843862805      57732.39398100697      
53141.78571067746      387620.9656815613      14341.7001293674       57732.42523100697      
50740.03047598723      387791.8382221653      14549.91045782142      57732.45648100697      
48336.09951655539      387947.0322881573      14757.42877255788      57732.48773100697      
45930.0844487405       388086.5227722078      14964.24442746844      57732.51898100697      
43522.07718835075      388210.2850287603      15170.34678197379      57732.55023100697      
41112.16995196533      388318.294877122       15375.72520123649      57732.58148100697      
38700.45525317168      388410.5286048267      15580.36905680914      57732.61273100697      
36287.02590382798      388486.9629707632      15784.2677268546       57732.64398100697      
33871.97501530747      388547.5752084039      15987.41059637337      57732.67523100697      
31455.39599465638      388592.3430292172      16189.78705786224      57732.70648100697      
29037.38254634464      388621.2446259319      16391.38651150277      57732.73773100697      
26618.02867061428      388634.2586759364      16592.19836563857      57732.76898100697      
24197.4286651787       388631.3643446834      16792.21203697617      57732.80023100697      
21775.67712125792      388612.5412891595      16991.41695125865      57732.83148100697      
19352.86892465223      388577.7696613465      17189.80254352205      57732.86273100697      
16929.09925678826      388527.0301117867      17387.35825835998      57732.89398100697      
14504.46359065534      388460.3037930949      17584.07355060895      57732.92523100697      
12079.05769178362      388377.5723635635      17779.93788562118      57732.95648100697      
9652.977619192279      388278.8179908706      17974.94073954721      57732.98773100697      
7226.319721219013      388164.0233556357      18169.07160003198      57733.01898100697      
4799.180636395526      388033.171655166       18362.3199665064       57733.05023100697      
2371.657294287514      387886.2466073083      18554.67535048656      57733.08148100697      
-56.1530887879635      387723.2324540455      18746.12727628319      57733.11273100697      
-2484.153008435002     387544.1139654281      18936.6652812666       57733.14398100697      
-4912.244674279726     387348.8764433514      19126.27891640566      57733.17523100697      
-7340.330008722165     387137.5057256254      19314.95774654794      57733.20648100697      
-9768.310651381325     386909.9881896253      19502.69135114597      57733.23773100697      
-12196.08795849575     386666.3107563668      19689.46932459154      57733.26898100697      
-14623.56300236758     386406.4608946872      19875.2812765593       57733.30023100697      
-17050.63657593844     386130.4266249299      20060.11683274691      57733.33148100697      
-19477.20919232319     385838.1965231604      20243.9656352288       57733.36273100697      
-21903.18108439144     385529.759725483       20426.81734281979      57733.39398100697      
-24328.45220948117     385205.1059317622      20608.66163182903      57733.42523100697      
-26752.92224851068     384864.2254100542      20789.48819639196      57733.45648100697      
-29176.4906085292      384507.1090006533      20969.2867490644       57733.48773100697      
-31599.05642193187     384133.7481206579      21148.04702117109      57733.51898100697      
-34020.51855136894     383744.1347677338      21325.75876357868      57733.55023100697      
-36440.77558962662     383338.2615246422      21502.41174709762      57733.58148100697      
-38859.72585956821     382916.1215638657      21677.99576289451      57733.61273100697      
-41277.26741919752     382477.7086514018      21852.50062327991      57733.64398100697      
-43693.29806170652     382023.0171514164      22025.91616213183      57733.67523100697      
-46107.71531558485     381552.0420309996      22198.23223532973      57733.70648100697      
-48520.41644984802     381064.7788639805      22369.43872155763      57733.73773100697      
-50931.29847369885     380561.2238358263      22539.52552271014      57733.76898100697      
-53340.25813962211     380041.3737479246      22708.48256454582      57733.80023100697      
-55747.19194317318     379505.2260226082      22876.29979711158      57733.83148100697      
-58151.99612843792     378952.7787069952      23042.96719556623      57733.86273100697      
-60554.56668850322     378384.0304779272      23208.47476065576      57733.89398100697      
-62954.79936600266     377798.9806470031      23372.81251920041      57733.92523100697      
-65352.58965875689     377197.6291644318      23535.97052493428      57733.95648100697      
-67747.8328204448      376579.9766240832      23697.93885900376      57733.98773100697      
-70140.42386135092     375946.0242686323      23858.70763047798      57734.01898100697      
-72530.25755419733     375295.7739934188      24018.2669772043       57734.05023100697      
-74917.22843446798     374629.2283517611      24176.60706629365      57734.08148100697      
-77301.23080414615     373946.3905594212      24333.71809483819      57734.11273100697      
-79682.15873219172     373247.2645000333      24489.59029041586      57734.14398100697      
-82059.90606064002     372531.8547289597      24644.21391196777      57734.17523100697      
-84434.36640577528     371800.1664785811      24797.5792503518       57734.20648100697      
-86805.43315939186     371052.2056636752      24949.67662890912      57734.23773100697      
-89172.99949510247     370287.9788852627      25100.49640435736      57734.26898100697      
-91536.95836919456     369507.4934361722      25250.02896733463      57734.30023100697      
-93897.20252487779     368710.7573055864      25398.26474316309      57734.33148100697      
-96253.6244933104      367897.7791847087      25545.19419241243      57734.36273100697      
-98606.1166002003      367068.5684705832      25690.80781181526      57734.39398100697      
-100954.5709675359     366223.1352715832      25835.09613487803      57734.42523100697      
-103298.8795154152     365361.4904129796      25978.04973250444      57734.45648100697      
-105638.9339688747     364483.6454407331      26119.65921392731      57734.48773100697      
-107974.6258598761     363589.6126270514      26259.91522734401      57734.51898100697      
-110305.8465293951     362679.4049760249      26398.80846056482      57734.55023100697      
-112632.487134486      361753.0362273789      26536.32964196103      57734.58148100697      
-114954.4386499932     360810.5208623135      26672.46954109377      57734.61273100697      
-117271.5918736104     359851.8741080874      26807.21896954437      57734.64398100697      
-119583.8374277874     358877.1119439357      26940.56878156384      57734.67523100697      
-121891.0657671201     357886.2511047553      27072.50987504232      57734.70648100697      
-124193.1671809714     356879.3090867859      27203.03319220206      57734.73773100697      
-126490.0317962022     355856.3041533572      27332.1297203037       57734.76898100697      
-128781.5495848155     354817.2553385125      27459.79049263173      57734.80023100697      
-131067.61036633       353762.1824529687      27586.00658918305      57734.83148100697      
-133348.1038134629     352691.1060886572      27710.76913754368      57734.86273100697      
-135622.9194547146     351604.0476247455      27834.06931359779      57734.89398100697      
-137891.9466823601     350501.0292311549      27955.89834253343      57734.92523100697      
-140155.0747557507     349382.0738742995      28076.24749959292      57734.95648100697      
-142412.1928047379     348247.2053228825      28195.10811083592      57734.98773100697      
-144663.1898379319     347096.4481513225      28312.47155416048      57735.01898100697      
-146907.9547457878     345929.827745769       28428.3292600503       57735.05023100697      
-149146.376306949      344747.3703085282      28542.67271249593      57735.08148100697      
-151378.3431915597     343549.1028641185      28655.49344976201      57735.11273100697      
-153603.7439698894     342335.05326255        28766.78306542736      57735.14398100697      
-155822.4671163614     341105.2501850473      28876.53320918999      57735.17523100697      
-158034.4010137109     339859.7231498201      28984.73558768576      57735.20648100697      
-160239.43396189       338598.5025152164      29091.38196554194      57735.23773100697      
-162437.4541819086     337321.6194857142      29196.46416618052      57735.26898100697      
-164628.3498228736     336029.1061161567      29299.97407278162      57735.30023100697      
-166812.0089660693     334720.9953177577      29401.9036291058       57735.33148100697      
-168988.319634242      333397.3208610634      29502.24484056461      57735.36273100697      
-171157.1697963925     332058.1173815766      29600.98977507807      57735.39398100697      
-173318.4473727054     330703.4203854121      29698.13056394512      57735.42523100697      
-175472.0402441241     329333.2662520976      29793.65940292465      57735.45648100697      
-177617.8362569804     327947.6922404494      29887.56855309312      57735.48773100697      
-179755.7232307586     326546.7364925315      29979.85034184351      57735.51898100697      
-181885.588962973      325130.4380395177      30070.49716376099      57735.55023100697      
-184007.3212391338     323698.8368042468      30159.50148171763      57735.58148100697      
-186120.80783784       322251.9736069929      30246.8558277577       57735.61273100697      
-188225.9365389636     320789.8901692188      30332.55280411593      57735.64398100697      
-190322.5951289969     319312.6291193154      30416.5850841197       57735.67523100697      
-192410.671411409      317820.2339948797      30498.94541329598      57735.70648100697      
-194490.0532126927     316312.74924799        30579.62661030094      57735.73773100697      
-196560.6283885575     314790.2202504886      30658.62156786185      57735.76898100697      
-198622.2848345808     313252.6932960319      30735.92325389046      57735.80023100697      
-200674.9104921264     311700.2156055876      30811.52471241288      57735.83148100697      
-202718.3933572725     310132.8353307555      30885.41906461472      57735.86273100697      
-204752.6214869883     308550.6015591996      30957.59950978626      57735.89398100697      
-206777.4830101782     306953.5643163653      31028.05932644256      57735.92523100697      
-208792.8661340741     305341.7745707706      31096.79187327567      57735.95648100697      
-210798.6591535884     303715.2842370282      31163.79059021173      57735.98773100697      
-212794.7504579669     302074.1461810563      31229.04899937635      57736.01898100697      
-214781.0285422196     300418.414221421       31292.56070621961      57736.05023100697      
-216757.3820144483     298748.1431339976      31354.31940050096      57736.08148100697      
-218723.6996033235     297063.3886566088      31414.31885728441      57736.11273100697      
-220679.8701698022     295364.2074900675      31472.55293806402      57736.14398100697      
-222625.782714349      293650.6573030181      31529.01559174714      57736.17523100697      
-224561.3263870206     291922.7967343488      31583.70085572492      57736.20648100697      
-226486.3904949448     290180.6853979146      31636.60285686728      57736.23773100697      
-228400.8645144115     288424.3838831451      31687.71581264604      57736.26898100697      
-230304.638098561      286653.9537595733      31737.03403213184      57736.30023100697      
-232197.6010878734     284869.4575788468      31784.55191706774      57736.33148100697      
-234079.6435181118     283070.9588791187      31830.26396287525      57736.36273100697      
-235950.6556327738     281258.5221851803      31874.16475977239      57736.39398100697      
-237810.5278916683     279432.213012213       31916.24899378944      57736.42523100697      
-239659.1509796405     277592.097869491       31956.51144779378      57736.45648100697      
-241496.4158192837     275738.2442601324      31994.94700259951      57736.48773100697      
-243322.2135794248     273870.7206849944      32031.55063798047      57736.51898100697      
-245136.4356862973     271989.5966438807      32066.31743373838      57736.55023100697      
-246938.973832237      270094.942639217       32099.24257071641      57736.58148100697      
-248729.719988748      268186.8301752995      32130.32133190004      57736.61273100697      
-250508.5664154153     266265.3317617599      32159.54910343117      57736.64398100697      
-252275.405671437      264330.5209142642      32186.92137566746      57736.67523100697      
-254030.1306247717     262382.4721577791      32212.43374420059      57736.70648100697      
-255772.6344654905     260421.2610252005      32236.08191093488      57736.73773100697      
-257502.8107151008     258446.9640603514      32257.86168509895      57736.76898100697      
-259220.5532384196     256459.6588181327      32277.76898429233      57736.80023100697      
-260925.7562531251     254459.4238673057      32295.79983549859      57736.83148100697      
-262618.3143433909     252446.3387885019      32311.95037614131      57736.86273100697      
-264298.1224699902     250420.4841762449      32326.21685509237      57736.89398100697      
-265965.0759805348     248381.9416408781      32338.59563368371      57736.92523100697      
-267619.070623302      246330.79380609        32349.08318674275      57736.95648100697      
-269260.0025572238     244267.1243110017      32357.67610358872      57736.98773100697      
-270887.7683642908     242191.0178092648      32364.37108904269      57737.01898100697      
-272502.2650597463     240102.5599708962      32369.16496442133      57737.05023100697      
-274103.3901061389     238001.8374791204      32372.05466853958      57737.08148100697      
-275691.0414236531     235888.9380318826      32373.03725869114      57737.11273100697      
-277265.1174027703     233763.950340294       32372.10991163029      57737.14398100697      
-278825.5169147863     231626.9641298718      32369.26992454675      57737.17523100697      
-280372.1393260562     229478.0701366648      32364.51471603033      57737.20648100697      
-281904.884508627      227317.3601081551      32357.84182702989      57737.23773100697      
-283423.6528531216     225144.9268010139      32349.24892180103      57737.26898100697      
-284928.3452795432     222960.8639817118      32338.73378885655      57737.30023100697      
-286418.8632516674     220765.266421894       32326.29434188729      57737.33148100697      
-287895.1087879444     218558.2298986355      32311.92862069324      57737.36273100697      
-289356.9844745593     216339.8511914751      32295.63479209208      57737.39398100697      
-290804.3934764848     214110.2280823605      32277.4111508387       57737.42523100697      
-292237.2395519772     211869.4593502445      32257.25612049643      57737.45648100697      
-293655.4270637019     209617.6447706587      32235.16825433481      57737.48773100697      
-295058.8609919276     207354.8851119967      32211.14623619169      57737.51898100697      
-296447.4469457826     205081.2821347627      32185.18888135756      57737.55023100697      
-297821.0911778036     202796.9385853597      32157.29513738958      57737.58148100697      
-299179.7005952408     200501.9581949537      32127.46408497044      57737.61273100697      
-300523.1827733357     198196.445674978       32095.69493871904      57737.64398100697      
-301851.4459667312     195880.5067156554      32061.98704803102      57737.67523100697      
-303164.3991240235     193554.247978957       32026.33989783197      57737.70648100697      
-304461.9518991949     191217.7770967284      31988.75310939         57737.73773100697      
-305744.0146649223     188871.2026653913      31949.22644106846      57737.76898100697      
-307010.4985240904     186514.6342437158      31907.75978911792      57737.80023100697      
-308261.3153242893     184148.1823449281      31864.35318836108      57737.83148100697      
-309496.3776693221     181771.9584340762      31819.00681295348      57737.86273100697      
-310715.5989324879     179386.0749219094      31771.72097707204      57737.89398100697      
-311918.893268143      176990.6451618797      31722.49613565259      57737.92523100697      
-313106.1756260847     174585.7834413819      31671.33288499975      57737.95648100697      
-314277.3617630769     172171.6049783405      31618.23196349019      57737.98773100697      
-315432.368256049      169748.2259142519      31563.19425219102      57738.01898100697      
-316571.1125136457     167315.7633103978      31506.2207755359       57738.05023100697      
-317693.5127904354     164874.3351382072      31447.31270185535      57738.08148100697      
-318799.4881983956     162424.0602750499      31386.4713440151       57738.11273100697      
-319888.9587199629     159965.0584964309      31323.69815995923      57738.14398100697      
-320961.8452195133     157497.4504714047      31258.99475331894      57738.17523100697      
-322018.0694573296     155021.3577520518      31192.36287385641      57738.20648100697      
-323057.5541009833     152536.9027684713      31123.80441803425      57738.23773100697      
-324080.2227381743     150044.2088201213      31053.32142947565      57738.26898100697      
-325085.9998880755     147543.4000704268      30980.91609950134      57738.30023100697      
-326074.811014995      145034.6015353728      30906.59076748147      57738.33148100697      
-327046.58253959       142517.9390776892      30830.34792132908      57738.36273100697      
-328001.2418514293     139993.5393973392      30752.19019787376      57738.39398100697      
-328938.7173201384     137461.5300253201      30672.12038331971      57738.42523100697      
-329858.9383086881     134922.0393113765      30590.14141350078      57738.45648100697      
-330761.8351843751     132375.1964173812      30506.2563742936       57738.48773100697      
-331647.3393310396     129821.1313069769      30420.46850189782      57738.51898100697      
-332515.3831599462     127259.9747385753      30332.78118321167      57738.55023100697      
-333365.9001226282     124691.8582522009      30243.19795598439      57738.58148100697      
-334198.8247215697     122116.9141620763      30151.72250914387      57738.61273100697      
-335014.0925220109     119535.2755454298      30058.35868297948      57738.64398100697      
-335811.6401624967     116947.0762347028      29963.11046942977      57738.67523100697      
-336591.4053672088     114352.4508035431      29865.98201212774      57738.70648100697      
-337353.3269562821     111751.5345586068      29766.9776066387       57738.73773100697      
-338097.34485713       109144.463527552       29666.1017005413       57738.76898100697      
-338823.4001145936     106531.3744504707      29563.35889362263      57738.80023100697      
-339531.4349026936     103912.4047650556      29458.75393781303      57738.83148100697      
-340221.3925345147     101287.6925976399      29352.29173732958      57738.86273100697      
-340893.2174728276     98657.37675101295      29243.97734867693      57738.89398100697      
-341546.8553405469     96021.59669203773      29133.81598061889      57738.92523100697      
-342182.2529302897     93380.49254214918      29021.812994254        57738.95648100697      
-342799.3582153075     90734.20506152966      28907.9739028062       57738.98773100697      
-343398.1203587379     88082.87563923508      28792.3043716457       57739.01898100697      
-343978.4897236032     85426.64627945409      28674.81021812803      57739.05023100697      
-344540.4178818256     82765.65959129464      28555.49741156846      57739.08148100697      
-345083.8576244264     80100.05877220872      28434.37207291536      57739.11273100697      
-345608.7629702025     77429.98759742561      28311.44047467022      57739.14398100697      
-346115.0891750308     74755.59040549971      28186.70904061371      57739.17523100697      
-346602.7927402762     72077.01208742321      28060.18434567825      57739.20648100697      
-347071.8314221973     69394.39806934398      27931.87311550144      57739.23773100697      
-347522.1642399865     66707.89430134688      27801.78222624214      57739.26898100697      
-347953.7514842193     64017.64724296339      27669.91870422437      57739.30023100697      
-348366.5547250911     61323.80384851826      27536.2897255502       57739.33148100697      
-348760.5368199837     58626.51155546095      27400.90261584168      57739.36273100697      
-349135.6619217955     55925.91826627313      27263.76484964287      57739.39398100697      
-349491.8954861046     53222.17233650065      27124.88405010474      57739.42523100697      
-349829.2042786946     50515.4225588776       26984.26798845379      57739.45648100697      
-350147.5563823877     47805.81815108863      26841.92458362867      57739.48773100697      
-350446.9212044515     45093.50873709279      26697.86190156003      57739.51898100697      
-350727.2694830029     42378.64433461672      26552.08815475012      57739.55023100697      
-350988.5732936547     39661.37533873556      26404.61170162626      57739.58148100697      
-351230.8060555657     36941.85250912452      26255.44104607153      57739.61273100697      
-351453.942537874      34220.22695086116      26104.58483658353      57739.64398100697      
-351657.9588652937     31496.65010143843      25952.05186574833      57739.67523100697      
-351842.8325237954     28771.27371450192      25797.85106951598      57739.70648100697      
-352008.5423660316     26044.24984347657      25641.99152644524      57739.73773100697      
-352155.0686163438     23315.73082826429      25484.48245710346      57739.76898100697      
-352282.3928759183     20585.86927549227      25325.33322307531      57739.80023100697      
-352390.4981273132     17854.81804501486      25164.55332630666      57739.83148100697      
-352479.3687389673     15122.73023251426      25002.15240820304      57739.86273100697      
-352548.9904693298     12389.75915583044      24838.14024892561      57739.89398100697      
-352599.3504709495     9656.058334847708      24672.52676628283      57739.92523100697      
-352630.43729411       6921.781477665179      24505.32201497265      57739.95648100697      
-352642.2408903261     4187.082463514023      24336.53618560957      57739.98773100697      
-352634.7526155675     1452.115325606363      24166.17960372347      57740.01898100697      
-352607.9652332478     -1282.965762895437     23994.26272893112      57740.05023100697      
-352561.87291694       -4018.006509335661     23820.79615368432      57740.08148100697      
-352496.4712528534     -6752.85251570768      23645.79060238934      57740.11273100697      
-352411.7572420316     -9487.349296666056     23469.25693026141      57740.14398100697      
-352307.7293024025     -12221.34229376257     23291.20612239988      57740.17523100697      
-352184.3872703685     -14954.67689608759     23111.64929242652      57740.20648100697      
-352041.7324023339     -17687.19845457924     22930.59768151066      57740.23773100697      
-351879.7673758821     -20418.7522995445      22748.06265716442      57740.26898100697      
-351698.4962906683     -23149.18375820449     22564.05571201205      57740.30023100697      
-351497.9246692696     -25878.3381690797      22378.58846275009      57740.33148100697      
-351278.0594573503     -28606.06090274694     22191.67264865567      57740.36273100697      
-351038.9090239833     -31332.19737624871     22003.32013049947      57740.39398100697      
-350780.4831614466     -34056.59307131906     21813.54288917813      57740.42523100697      
-350502.7930851048     -36779.09354880218     21622.35302458794      57740.45648100697      
-350205.8514324253     -39499.54446940903     21429.76275403512      57740.48773100697      
-349889.6722623353     -42217.79160809997     21235.78441106647      57740.51898100697      
-349554.2710540493     -44933.68087160667     21040.43044406139      57740.55023100697      
-349199.6647055618     -47647.05831606255     20843.71341479049      57740.58148100697      
-348825.8715323159     -50357.77016129113     20645.64599719246      57740.61273100697      
-348432.9112647907     -53065.66281143561     20446.2409756711       57740.64398100697      
-348020.8050466531     -55770.5828692392      20245.51124382914      57740.67523100697      
-347589.5754322446     -58472.3771534456      20043.46980295512      57740.70648100697      
-347139.2463837868     -61170.89271614602     19840.12976048863      57740.73773100697      
-346669.8432688614     -63865.97685693809     19635.50432870594      57740.76898100697      
-346181.3928565836     -66557.47714330729     19429.60682291239      57740.80023100697      
-345673.9233145677     -69245.24142466727     19222.45066009194      57740.83148100697      
-345147.4642049979     -71929.11785009876     19014.0493572538       57740.86273100697      
-344602.0464811719     -74608.95488226795     18804.41653005366      57740.89398100697      
-344037.7024825657     -77284.60131751756     18593.56589091277      57740.92523100697      
-343454.4659308749     -79955.90629962782     18381.51124760691      57740.95648100697      
-342852.3719252025     -82622.7193366196      18168.26650159813      57740.98773100697      
-342231.456936979      -85284.8903174618      17953.84564634979      57741.01898100697      
-341591.7588053717     -87942.26952558853     17738.26276587856      57741.05023100697      
-340933.3167310037     -90594.70765851476     17521.5320327923       57741.08148100697      
-340256.1712708786     -93242.0558411511      17303.66770681491      57741.11273100697      
-339560.3643323554     -95884.16564211166     17084.68413304865      57741.14398100697      
-338845.9391668634     -98520.88908990432     16864.59574022359      57741.17523100697      
-338112.940364229      -101152.078685938      16643.41703919159      57741.20648100697      
-337361.4138451056     -103777.5874235481     16421.16262089719      57741.23773100697      
-336591.4068548394     -106397.2688007579     16197.84715484986      57741.26898100697      
-335802.9679562891     -109010.9768359842     15973.48538733074      57741.30023100697      
-334996.1470224014     -111618.5660836028     15748.09213958876      57741.33148100697      
-334170.9952295157     -114219.891646345      15521.68230628997      57741.36273100697      
-333327.5650485751     -116814.8091936245     15294.27085343435      57741.39398100697      
-332465.9102380003     -119403.1749736493     15065.87281678912      57741.42523100697      
-331586.0858354273     -121984.8458284233     14836.5033000525       57741.45648100697      
-330688.1481492138     -124559.67920859       14606.17747300988      57741.48773100697      
-329772.1547507995     -127127.5331851257     14374.91056995218      57741.51898100697      
-328838.1644647745     -129688.2664668702     14142.71788755163      57741.55023100697      
-327886.2373608424     -132241.7384119        13909.61478326935      57741.58148100697      
-326916.434744553      -134787.8090417367     13675.61667348986      57741.61273100697      
-325928.8191478273     -137326.3390553804     13440.73903165065      57741.64398100697      
-324923.4543204543     -139857.1898402184     13204.99738664189      57741.67523100697      
-323900.4052191062     -142380.2234886709     12968.40732065629      57741.70648100697      
-322859.7379984754     -144895.3028087489     12730.98446758284      57741.73773100697      
-321801.520001096      -147402.2913373908     12492.7445111258       57741.76898100697      
-320725.8197469753     -149901.0533536072     12253.70318292124      57741.80023100697      
-319632.7069243193     -152391.4538885354     12013.87626093077      57741.83148100697      
-318522.2523775913     -154873.3587411247     11773.27956727885      57741.86273100697      
-317394.5280979165     -157346.6344878118     11531.92896664601      57741.89398100697      
-316249.6072120884     -159811.1484949189     11289.84036438519      57741.92523100697      
-315087.5639714052     -162266.7689308451     11047.02970463788      57741.95648100697      
-313908.4737417213     -164713.3647752084     10803.51296873521      57741.98773100697      
-312712.4129906517     -167150.8058335051     10559.30617303525      57742.01898100697      
-311499.4592773421     -169578.9627458516     10314.42536732844      57742.05023100697      
-310269.6912407638     -171997.7069983867     10068.88663296383      57742.08148100697      
-309023.1885878568     -174406.9109344587     9822.706080977503      57742.11273100697      
-307760.0320830093     -176806.4477628074     9575.899850512797      57742.14398100697      
-306480.3035345137     -179196.191571148      9328.484106670534      57742.17523100697      
-305184.0857838066     -181576.0173339361     9080.475038938574      57742.20648100697      
-303871.4626931548     -183945.8009227332     8831.888859339422      57742.23773100697      
-302542.5191332143     -186305.4191163496     8582.74180058375       57742.26898100697      
-301197.3409720402     -188654.7496080322     8333.050114520116      57742.30023100697      
-299836.0150609032     -190993.6710179341     8082.83007001103       57742.33148100697      
-298458.6292231049     -193322.0628998757     7832.097951396965      57742.36273100697      
-297065.2722411628     -195639.8057506427     7580.870056677486      57742.39398100697      
-295656.0338438907     -197946.7810190562     7329.162695699946      57742.42523100697      
-294231.0046950458     -200242.871112148      7076.992188650094      57742.45648100697      
-292790.2763786153     -202527.9594064884     6824.374863965009      57742.48773100697      
-291333.9413873114     -204801.9302539262     6571.327056841552      57742.51898100697      
-289862.0931093636     -207064.6689898037     6317.865107461334      57742.55023100697      
-288374.825815576      -209316.0619404168     6064.005359284734      57742.58148100697      
-286872.234645974      -211555.9964307795     5809.764157295338      57742.61273100697      
-285354.4155981535     -213784.3607895717     5555.157846552049      57742.64398100697      
-283821.4655120771     -216001.0443590813     5300.202770159589      57742.67523100697      
-282273.4820583204     -218205.9374997157     5044.915267842828      57742.70648100697      
-280710.5637245327     -220398.9315969078     4789.311674236626      57742.73773100697      
-279132.8098018405     -222579.9190677935     4533.408317187581      57742.76898100697      
-277540.320373058      -224748.7933651381     4277.221516366229      57742.80023100697      
-275933.1962971933     -226905.4489861254     4020.767581295816      57742.83148100697      
-274311.5391975984     -229049.7814758537     3764.062809990225      57742.86273100697      
-272675.4514482662     -231181.6874331612     3507.123487306914      57742.89398100697      
-271025.0361604771     -233301.064515732      3249.965883373594      57742.92523100697      
-269360.3971690417     -235407.8114454802     2992.606251968301      57742.95648100697      
-267681.6390204766     -237501.8280112758     2735.060829213685      57742.98773100697      
-265988.8669572964     -239583.0150763653     2477.345831685978      57743.01898100697      
-264282.186906175      -241651.2745806747     2219.477455138175      57743.05023100697      
-262561.7054641763     -243706.5095453651     1961.471872938368      57743.08148100697      
-260827.5298849696     -245748.6240771638     1703.345234522804      57743.11273100697      
-259079.768067079      -247777.5233701194     1445.113664165199      57743.14398100697      
-257318.5285381027     -249793.1137119054     1186.793259159823      57743.17523100697      
-255543.9204429836     -251795.3024851659     928.4000886221311      57743.20648100697      
-253756.0535302844     -253783.998171042      669.9501920041639      57743.23773100697      
-251955.0381388889     -255759.1103520256     411.4595776864116      57743.26898100697      
-250140.9851843032     -257720.5497150693     152.9442215256768      57743.30023100697      
-248314.0061471044     -259668.2280522244     -105.5799342796618     57743.33148100697      
-246474.2130571944     -261602.0582656496     -364.0969829098995     57743.36273100697      
-244621.7184823092     -263521.954367857      -622.5910540253626     57743.39398100697      
-242756.6355144613     -265427.831484059      -881.046315152018      57743.42523100697      
-240879.0777568427     -267319.6058538678     -1139.446972990072     57743.45648100697      
-238989.1593103326     -269197.1948332449     -1397.777274765256     57743.48773100697      
-237086.9947622565     -271060.5168940871     -1656.021509262508     57743.51898100697      
-235172.6991707924     -272909.4916279985     -1914.164008443786     57743.55023100697      
-233246.3880538285     -274744.0397455081     -2172.189148446651     57743.58148100697      
-231308.17737568       -276564.0830773007     -2430.081350866665     57743.61273100697      
-229358.1835338483     -278369.5445752535     -2687.82508402161      57743.64398100697      
-227396.5233481156     -280160.3483112009     -2945.404863898311     57743.67523100697      
-225423.3140451599     -281936.4194797304     -3202.805255681666     57743.70648100697      
-223438.6732477741     -283697.684396602      -3460.010874666175     57743.73773100697      
-221442.7189618875     -285444.0704991093     -3717.006387449223     57743.76898100697      
-219435.5695641107     -287175.5063458532     -3973.776513047047     57743.80023100697      
-217417.343788883      -288891.921616752      -4230.306024051897     57743.83148100697      
-215388.1607180483     -290593.2471109011     -4486.579747473854     57743.86273100697      
-213348.1397658064     -292279.4147482667     -4742.582566160527     57743.89398100697      
-211297.4006684414     -293950.3575672261     -4998.299419602812     57743.92523100697      
-209236.0634717855     -295606.0097239594     -5253.715305020654     57743.95648100697      
-207164.2485192345     -297246.306491291      -5508.815278371578     57743.98773100697      
-205082.0764393642     -298871.184257759      -5763.584455400422     57744.01898100697      
-202989.6681360598     -300480.5805246555     -6018.008012374798     57744.05023100697      
-200887.1447738853     -302074.4339067039     -6272.071187395704     57744.08148100697      
-198774.6277683886     -303652.6841288104     -6525.759281097351     57744.11273100697      
-196652.2387740788     -305215.2720245751     -6779.057657625628     57744.14398100697      
-194520.0996729806     -306762.1395342887     -7031.951745539569     57744.17523100697      
-192378.3325632841     -308293.2297027984     -7284.427038695343     57744.20648100697      
-190227.0597475901     -309808.4866775945     -7536.469097170964     57744.23773100697      
-188066.40372376       -311307.8557050134     -7788.063547880563     57744.26898100697      
-185896.4871708558     -312791.2831298391     -8039.196085757379     57744.30023100697      
-183717.4329401859     -314258.7163912545     -8289.852474332998     57744.33148100697      
-181529.3640439525     -315710.1040204408     -8540.018546592539     57744.36273100697      
-179332.4036445017     -317145.3956377077     -8789.680205753706     57744.39398100697      
-177126.6750431632     -318564.5419498396     -9038.823426087154     57744.42523100697      
-174912.3016717657     -319967.4947456832     -9287.434253429463     57744.45648100697      
-172689.4070791211     -321354.2068949279     -9535.498806259326     57744.48773100697      
-170458.1149227454     -322724.6323434626     -9783.003276174801     57744.51898100697      
-168218.5489581169     -324078.7261102567     -10029.93392864691     57744.55023100697      
-165970.8330285841     -325416.4442839017     -10276.27710369864     57744.58148100697      
-163715.0910548265     -326737.7440192901     -10522.01921662209     57744.61273100697      
-161451.4470270642     -328042.583532678      -10767.14675839458     57744.64398100697      
-159180.0249921235     -329330.9220997284     -11011.64629665099     57744.67523100697      
-156900.9490458649     -330602.7200503857     -11255.50447606665     57744.70648100697      
-154614.3433230989     -331857.9387652045     -11498.70801901122     57744.73773100697      
-152320.3319881381     -333096.5406712833     -11741.24372612911     57744.76898100697      
-150019.0392254607     -334318.4892381158     -11983.09847690405     57744.80023100697      
-147710.5892299501     -335523.7489736401     -12224.25923026421     57744.83148100697      
-145395.1061999357     -336712.2854188114     -12464.71302489162     57744.86273100697      
-143072.7143249705     -337884.0651449017     -12704.44698007694     57744.89398100697      
-140743.5377790972     -339039.055747917      -12943.44829599817     57744.92523100697      
-138407.7007115401     -340177.2258443501     -13181.70425426481     57744.95648100697      
-136065.3272380494     -341298.545066585      -13419.20221839091     57744.98773100697      
-133716.5414318109     -342402.9840584871     -13655.92963430893     57745.01898100697      
-131361.4673172055     -343490.5144696514     -13891.87403059305     57745.05023100697      
-129000.2288582137     -344561.1089521573     -14127.02301921972     57745.08148100697      
-126632.9499523991     -345614.7411546856     -14361.36429576202     57745.11273100697      
-124259.7544222746     -346651.3857178726     -14594.88563984634     57745.14398100697      
-121880.7660073281     -347671.0182693495     -14827.5749155396      57745.17523100697      
-119496.1083561605     -348673.6154187278     -15059.42007172309     57745.20648100697      
-117105.9050181804     -349659.1547527633     -15290.40914250576     57745.23773100697      
-114710.2794381954     -350627.6148293294     -15520.53024735635     57745.26898100697      
-112309.35494555       -351578.9751736343     -15749.77159175926     57745.30023100697      
-109903.2547489388     -352513.2162720968     -15978.12146731983     57745.33148100697      
-107492.1019285514     -353430.3195673319     -16205.56825212552     57745.36273100697      
-105076.0194288834     -354330.2674528654     -16432.1004110408      57745.39398100697      
-102655.1300516598     -355213.0432678104     -16657.70649598952     57745.42523100697      
-100229.556448302      -356078.6312917073     -16882.37514627691     57745.45648100697      
-97799.42111533092     -356927.0167383286     -17106.09508863821     57745.48773100697      
-95364.84638423094     -357758.1857514608     -17328.85513779875     57745.51898100697      
-92925.95441706807     -358572.1253986394     -17550.644196498       57745.55023100697      
-90482.8671993957      -359368.8236658667     -17771.45125576448     57745.58148100697      
-88035.70653383085     -360148.2694521021     -17991.26539512667     57745.61273100697      
-85584.59403373797     -360910.4525637245     -18210.07578281254     57745.64398100697      
-83129.65111644694     -361655.3637091466     -18427.87167598851     57745.67523100697      
-80670.99899943608     -362382.994492543      -18644.64242073466     57745.70648100697      
-78208.7586909025      -363093.3374092929     -18860.37745251559     57745.73773100697      
-75743.05098615278     -363786.3858396645     -19075.06629613362     57745.76898100697      
-73273.99646123935     -364462.1340433562     -19288.69856592552     57745.80023100697      
-70801.71546727129     -365120.577153849      -19501.26396589822     57745.83148100697      
-68326.32812482667     -365761.7111727456     -19712.75228985438     57745.86273100697      
-65847.95431788839     -366385.5329642406     -19923.15342155677     57745.89398100697      
-63366.71369076666     -366992.0402488627     -20132.45733463914     57745.92523100697      
-60882.72563934953     -367581.2315986538     -20340.65409299618     57745.95648100697      
-58396.10930822136     -368153.1064308881     -20547.73385067501     57745.98773100697      
-55906.98358499499     -368707.6650025164     -20753.68685200205     57746.01898100697      
-53415.46709531725     -369244.9084044585     -20958.50343165219     57746.05023100697      
-50921.67819796954     -369764.8385558954     -21162.17401470931     57746.08148100697      
-48425.73497948273     -370267.4581986726     -21364.68911676455     57746.11273100697      
-45927.75525175154     -370752.7708911258     -21566.03934377138     57746.14398100697      
-43427.85654393041     -371220.7810030749     -21766.21539236343     57746.17523100697      
-40926.15610023176     -371671.4937096441     -21965.20804969207     57746.20648100697      
-38422.77087491069     -372104.9149856798     -22163.00819349282     57746.23773100697      
-35917.81752791972     -372521.0516000524     -22359.60679209589     57746.26898100697      
-33411.41242065365     -372919.9111099647     -22554.99490442997     57746.30023100697      
-30903.6716117813      -373301.5018552695     -22749.16368001763     57746.33148100697      
-28394.71085257976     -373665.8329528758     -22942.10435900894     57746.36273100697      
-25884.64558527722     -374012.9142907487     -23133.80827198333     57746.39398100697      
-23373.59093563674     -374342.7565227631     -23324.26684019345     57746.42523100697      
-20861.6617114667      -374655.3710627167     -23513.47157535274     57746.45648100697      
-18348.97239829275     -374950.7700787868     -23701.41407964154     57746.48773100697      
-15835.63715569617     -375228.9664879129     -23888.08604566118     57746.51898100697      
-13321.76981373189     -375489.9739501945     -24073.47925638211     57746.55023100697      
-10807.48386942783     -375733.806863304      -24257.58558508535     57746.58148100697      
-8292.89248277482      -375960.4803569673     -24440.3969953409      57746.61273100697      
-5778.108475724046     -376170.0102872034     -24621.90554076731     57746.64398100697      
-3263.244325404499     -376362.4132311054     -24802.10336521115     57746.67523100697      
-748.4121632704337     -376537.70648111       -24980.98270249442     57746.70648100697      
1766.276228603056      -376695.9080395549     -25158.53587637056     57746.73773100697      
4280.709420566847      -376837.0366132034     -25334.75530043125     57746.76898100697      
6794.776338372227      -376961.1116077889     -25509.63347800948     57746.80023100697      
9308.366266073856      -377068.1531225821     -25683.16300207592     57746.83148100697      
11821.36884944813      -377158.181944999      -25855.33655517148     57746.86273100697      
14333.67409641751      -377231.2195451346     -26026.14690913464     57746.89398100697      
16845.17238325692      -377287.2880705236     -26195.58692522465     57746.92523100697      
19355.75445488378      -377326.4103407153     -26363.64955383884     57746.95648100697      
21865.3114280062       -377348.609841981      -26530.32783442705     57746.98773100697      
24373.73479362294      -377353.9107220259     -26695.6148953607      57747.01898100697      
26880.91641945849      -377342.3377847272     -26859.5039537983      57747.05023100697      
29386.74855233639      -377313.9164848973     -27021.98831554658     57747.08148100697      
31891.12382107368      -377268.6729230637     -27183.06137495521     57747.11273100697      
34393.93523639975      -377206.6338403332     -27342.71661462056     57747.14398100697      
36895.07619664681      -377127.8266131757     -27500.94760546066     57747.17523100697      
39394.44048755005      -377032.2792483374     -27657.74800641097     57747.20648100697      
41891.9222849072       -376920.0203777376     -27813.11156430493     57747.23773100697      
44387.41615659771      -376791.0792534003     -27967.03211371331     57747.26898100697      
46880.81706454713      -376645.4857424188     -28119.50357678035     57747.30023100697      
49372.02036663678      -376483.2703219471     -28270.51996305696     57747.33148100697      
51860.92181856091      -376304.4640742246     -28420.07536933065     57747.36273100697      
54347.41757620899      -376109.0986815812     -28568.16397948703     57747.39398100697      
56831.40419510383      -375897.2064217074     -28714.78006419617     57747.42523100697      
59312.77863557829      -375668.8201624984     -28859.91798094152     57747.45648100697      
61791.43826211171      -375423.9733573776     -29003.57217370013     57747.48773100697      
64267.28084551465      -375162.7000404327     -29145.73717279399     57747.51898100697      
66740.20456448608      -374885.0348216249     -29286.40759470375     57747.55023100697      
69210.10800712484      -374591.0128820322     -29425.5781418804      57747.58148100697      
71676.89017239533      -374280.6699691231     -29563.24360255482     57747.61273100697      
74140.45047154863      -373954.0423920637     -29699.39885054453     57747.64398100697      
76600.68873007249      -373611.1670169749     -29834.0388450904      57747.67523100697      
79057.50518673555      -373252.0812626273     -29967.1586305344      57747.70648100697      
81510.80049831751      -372876.8230953668     -30098.75333630909     57747.73773100697      
83960.47573856937      -372485.4310248676     -30228.81817661115     57747.76898100697      
86406.43239999855      -372077.9440995234     -30357.34845023058     57747.80023100697      
88848.57239504271      -371654.4019019514     -30484.33954034648     57747.83148100697      
91286.79805720379      -371214.8445445279     -30609.78691432152     57747.86273100697      
93721.01214214665      -370759.3126649578     -30733.68612349498     57747.89398100697      
96151.11782875954      -370287.8474218755     -30856.0328029737      57747.92523100697      
98577.01872074438      -369800.4904903668     -30976.82267145018     57747.95648100697      
100998.6188453489      -369297.2840580922     -31096.05153087928     57747.98773100697      
103415.822657713       -368778.2708203095     -31213.71526643437     57748.01898100697      
105828.5350395314      -368243.4939760573     -31329.80984618036     57748.05023100697      
108236.6613005111      -367692.9972238105     -31444.33132088791     57748.08148100697      
110640.1071792307      -367126.8247572812     -31557.27582381666     57748.11273100697      
113038.7788439698      -366545.0212612515     -31668.63957049884     57748.14398100697      
115432.5828935081      -365947.6319074388     -31778.41885852146     57748.17523100697      
117821.4263578958      -365334.7023503957     -31886.6100673075      57748.20648100697      
120205.2166991944      -364706.2787234398     -31993.20965789618     57748.23773100697      
122583.8618127442      -364062.407634467      -32098.21417274745     57748.26898100697      
124957.2700256378      -363403.13616255       -32201.62023542302     57748.30023100697      
127325.3501007026      -362728.5118530677     -32303.42455051161     57748.33148100697      
129688.0112349207      -362038.5827143618     -32403.62390330876     57748.36273100697      
132045.1630605925      -361333.3972136811     -32502.21515961814     57748.39398100697      
134396.7156459245      -360613.0042733059     -32599.19526552851     57748.42523100697      
136742.5794955906      -359877.4532667044     -32694.56124718992     57748.45648100697      
139082.6655512732      -359126.7940147197     -32788.31021058907     57748.48773100697      
141416.8851921825      -358361.0767817899     -32880.43934132539     57748.51898100697      
143745.1502355572      -357580.3522722003     -32970.94590438571     57748.55023100697      
146067.3729371346      -356784.671626361      -33059.82724391908     57748.58148100697      
148383.4659921465      -355974.0864169297     -33147.08078303101     57748.61273100697      
150693.3425336011      -355148.6486459129     -33232.7040234771      57748.64398100697      
152996.9161359352      -354308.4107399065     -33316.69454555892     57748.67523100697      
155294.1008132563      -353453.4255472496     -33399.05000781603     57748.70648100697      
157584.8110202636      -352583.746334272      -33479.76814682066     57748.73773100697      
159868.9616526126      -351699.4267817553     -33558.84677695099     57748.76898100697      
162146.4680472633      -350800.5209814264     -33636.28379016489     57748.80023100697      
164417.2459828126      -349887.083432478      -33712.07715577332     57748.83148100697      
166681.2116798101      -348959.169038119      -33786.22492021418     57748.86273100697      
168938.2818010609      -348016.8331021546     -33858.72520682542     57748.89398100697      
171188.3734519122      -347060.1313255924     -33929.57621561908     57748.92523100697      
173431.4041810489      -346089.1198030518     -33998.77622307066     57748.95648100697      
175667.2919786657      -345103.8550203338     -34066.3235818285      57748.98773100697      
177895.955279849       -344104.3938497571     -34132.21672058525     57749.01898100697      
180117.3129627204      -343090.7935477769     -34196.45414378605     57749.05023100697      
182331.2843491838      -342063.1117515074     -34259.03443141942     57749.08148100697      
184537.7892051364      -341021.4064754929     -34319.9562387917      57749.11273100697      
186736.7477406701      -339965.7361085084     -34379.21829630135     57749.14398100697      
188928.0806102619      -338896.1594103843     -34436.81940921387     57749.17523100697      
191111.7089129538      -337812.7355088576     -34492.75845743652     57749.20648100697      
193287.554192524       -336715.5238964495     -34547.03439529386     57749.23773100697      
195455.538437648       -335604.5844273677     -34599.64625130274     57749.26898100697      
197615.5840825537      -334479.9773141698     -34650.59312796014     57749.30023100697      
199767.6140051554      -333341.763125767      -34699.87420147177     57749.33148100697      
201911.5515302086      -332190.0027828292     -34747.4887215998      57749.36273100697      
204047.3204274239      -331024.7575558298     -34793.43601139123     57749.39398100697      
206174.8449120933      -329846.0890618109     -34837.71546696711     57749.42523100697      
208294.0496452048      -328654.0592614309     -34880.32655729956     57749.45648100697      
210404.8597335494      -327448.730456036      -34921.26882398949     57749.48773100697      
212507.2007298243      -326230.1652847549     -34960.54188104442     57749.51898100697      
214600.9986327282      -324998.4267216151     -34998.14541465638     57749.55023100697      
216686.1798870522      -323753.5780726831     -35034.07918298058     57749.58148100697      
218762.6713837645      -322495.6829732246     -35068.34301591458     57749.61273100697      
220830.4004600916      -321224.8053848876     -35100.93681487697     57749.64398100697      
222889.2948995935      -319941.0095929072     -35131.86055258749     57749.67523100697      
224939.2829327119      -318644.3602030264     -35161.11427285295     57749.70648100697      
226980.2932349304      -317334.9221399534     -35188.6980903215      57749.73773100697      
229012.2549297021      -316012.7606428155     -35214.61219030299     57749.76898100697      
231035.0975865988      -314677.9412636512     -35238.85682852345     57749.80023100697      
233048.7512218459      -313330.5298644147     -35261.43233091274     57749.83148100697      
235053.1462983773      -311970.5926143019     -35282.33909338643     57749.86273100697      
237048.2137258859      -310598.1959870949     -35301.57758162796     57749.89398100697      
239033.8848608735      -309213.4067585253     -35319.14833087099     57749.92523100697      
241010.0915066965      -307816.2920036559     -35335.05194568189     57749.95648100697      
242976.765913611       -306406.9190942806     -35349.28909974318     57749.98773100697      
244933.840778816       -304985.3556963427     -35361.86053563698     57750.01898100697      
246881.2492464931      -303551.6697673689     -35372.76706462842     57750.05023100697      
248818.9249078479      -302105.9295539236     -35382.00956645005     57750.08148100697      
250746.8018011475      -300648.2035890768     -35389.5889890861      57750.11273100697      
252664.8144122034      -299178.5606895472     -35395.50634855844     57750.14398100697      
254572.8976726243      -297697.0699545755     -35399.76272870661     57750.17523100697      
256470.9869625313      -296203.8007613902     -35402.35928098147     57750.20648100697      
258359.0181088041      -294698.8227641064     -35403.29722422466     57750.23773100697      
260236.9273855644      -293182.2058909357     -35402.57784445627     57750.26898100697      
262104.6515142095      -291654.0203417484     -35400.20249466138     57750.30023100697      
263962.1276634478      -290114.3365856543     -35396.17259457611     57750.33148100697      
265809.293449332       -288563.225358595      -35390.48963047448     57750.36273100697      
267646.086935295       -287000.7576609523     -35383.15515495575     57750.39398100697      
269472.446632184       -285427.0047551689     -35374.17078673141     57750.42523100697      
271288.3114982958      -283842.0381633833     -35363.5382104126      57750.45648100697      
273093.6209394127      -282245.9296650789     -35351.25917629796     57750.48773100697      
274888.3148088388      -280638.7512947445     -35337.33550016172     57750.51898100697      
276672.3334074368      -279020.5753395478     -35321.7690630416      57750.55023100697      
278445.6174836662      -277391.4743370225     -35304.56181102741     57750.58148100697      
280208.1082336211      -275751.5210727663     -35285.7157550492      57750.61273100697      
281959.7473014771      -274100.7885777652     -35265.23297066116     57750.64398100697      
283700.4767779028      -272439.3501276557     -35243.11559785024     57750.67523100697      
285430.2392025481      -270767.279238151      -35219.36584079592     57750.70648100697      
287148.9775624534      -269084.6496643206     -35193.9859676786      57750.73773100697      
288856.6352925028      -267391.5353979619     -35166.97831046395     57750.76898100697      
290553.1562754686      -265688.0106653649     -35138.34526469212     57750.80023100697      
292238.4848420586      -263974.1499250876     -35108.08928926766     57750.83148100697      
293912.565770963       -262250.0278657426     -35076.21290624852     57750.86273100697      
295575.3442889045      -260515.7194037903     -35042.71870063615     57750.89398100697      
297226.766070688       -258771.2996813449     -35007.60932016463     57750.92523100697      
298866.777239253       -257016.8440639871     -34970.88747509077     57750.95648100697      
300495.3243657271      -255252.428138587      -34932.55593798371     57750.98773100697      
302112.3544694803      -253478.1277111359     -34892.61754351438     57751.01898100697      
303717.8150181819      -251694.0188045847     -34851.07518824562     57751.05023100697      
305311.6539278583      -249900.177656693      -34807.93183042173     57751.08148100697      
306893.8195629516      -248096.6807178843     -34763.19048975824     57751.11273100697      
308464.2607363813      -246283.6046491096     -34716.85424723118     57751.14398100697      
310022.9267096062      -244461.0263197189     -34668.92624486721     57751.17523100697      
311569.7671930466      -242629.0228049114     -34619.40968552114     57751.20648100697      
313104.7323447122      -240787.6713853293     -34568.30783271174     57751.23773100697      
314627.7727724289      -238937.0495423909     -34515.62401034233     57751.26898100697      
316138.8395324644      -237077.2349578939     -34461.36160253511     57751.30023100697      
317637.8841299587      -235208.305511494      -34405.52405340939     57751.33148100697      
319124.8585189948      -233330.3392786172     -34348.11486687057     57751.36273100697      
320599.7151026715      -231443.414528377      -34289.13760639851     57751.39398100697      
322062.4067331762      -229547.6097214978     -34228.59589483666     57751.42523100697      
323512.8867118603      -227643.0035082431     -34166.49341418006     57751.45648100697      
324951.1087893146      -225729.6747263499     -34102.83390536394     57751.48773100697      
326377.0271654474      -223807.7023989684     -34037.62116805161     57751.51898100697      
327790.596489562       -221877.1657326061     -33970.85906042202     57751.55023100697      
329191.7718604368      -219938.1441150769     -33902.55149895794     57751.58148100697      
330580.5088264054      -217990.7171134552     -33832.70245823261     57751.61273100697      
331956.7633854387      -216034.9644720339     -33761.31597069728     57751.64398100697      
333320.4919852265      -214070.9661102875     -33688.39612646755     57751.67523100697      
334671.651523262       -212098.8021208382     -33613.94707311041     57751.70648100697      
336010.1993469253      -210118.5527674273     -33537.9730154296      57751.73773100697      
337336.0932535683      -208130.2984828892     -33460.47821525238     57751.76898100697      
338649.2914906003      -206134.1198671298     -33381.4669912143      57751.80023100697      
339949.7527555755      -204130.0976851083     -33300.94371854456     57751.83148100697      
341237.436196278       -202118.3128648221     -33218.91282885127     57751.86273100697      
342512.30141081        -200098.8464952943     -33135.37880990509     57751.89398100697      
343774.3084479726      -198071.7798240935     -33050.346205404       57751.92523100697      
345023.4178061807      -196037.1942572167     -32963.81961483593     57751.95648100697      
346259.5904353139      -193995.171354254      -32875.80369314361     57751.98773100697      
347482.7877356283      -191945.7928282758     -32786.30315058611     57752.01898100697      
348692.9715581392      -189889.140543362      -32695.32275250157     57752.05023100697      
349890.10420471        -187825.2965126082     -32602.86731908904     57752.08148100697      
351074.1484281411      -185754.342896131      -32508.94172519013     57752.11273100697      
352245.0674322586      -183676.3619990781     -32413.55090006985     57752.14398100697      
353402.8248720016      -181591.4362696384     -32316.69982719742     57752.17523100697      
354547.3848535117      -179499.6482970559     -32218.39354402581     57752.20648100697      
355678.7119342191      -177401.0808096436     -32118.63714177175     57752.23773100697      
356796.7711229305      -175295.8166727997     -32017.43576519458     57752.26898100697      
357901.5278799151      -173183.938887027      -31914.79461237483     57752.30023100697      
358992.9481169911      -171065.5305859516     -31810.71893449183     57752.33148100697      
360070.9981976103      -168940.675034344      -31705.21403560157     57752.36273100697      
361135.6449369424      -166809.4556261415     -31598.28527241352     57752.39398100697      
362186.8556019586      -164671.9558824727     -31489.9380540667      57752.42523100697      
363224.5979115136      -162528.2594496811     -31380.17784190559     57752.45648100697      
364248.8400364271      -160378.4500973526     -31269.01014925532     57752.48773100697      
365259.5505995632      -158222.6117163409     -31156.44054119593     57752.51898100697      
366256.6986759094      -156060.8283167967     -31042.47463433706     57752.55023100697      
367240.2537926536      -153893.1840261963     -30927.11809659048     57752.58148100697      
368210.1859292605      -151719.7630873715     -30810.37664694338     57752.61273100697      
369166.4655175452      -149540.6498565396     -30692.25605523045     57752.64398100697      
370109.0634417463      -147355.9288013353     -30572.76214190517     57752.67523100697      
371037.9510385956      -145165.6844988421     -30451.900777811       57752.70648100697      
371953.100097388       -142970.0016336253     -30329.6778839513      57752.73773100697      
372854.4828600485      -140768.9649957649     -30206.09943125925     57752.76898100697      
373742.0720211959      -138562.6594788893     -30081.17144036657     57752.80023100697      
374615.8407282068      -136351.1700782091     -29954.89998137175     57752.83148100697      
375475.7625812755      -134134.5818885524     -29827.29117360797     57752.86273100697      
376321.8116334727      -131912.9801023992     -29698.35118540975     57752.89398100697      
377153.9623908004      -129686.4500079174     -29568.08623387916     57752.92523100697      
377972.1898122463      -127455.0769869974     -29436.50258465175     57752.95648100697      
378776.4693098336      -125218.94651329       -29303.60655166127     57752.98773100697      
379566.7767486698      -122978.144150241      -29169.40449690375     57753.01898100697      
380343.0884471703      -120732.7555486057     -29033.90283016948     57753.05023100697      
381105.3811763821      -118482.8664465781     -28897.10800893231     57753.08148100697      
381853.6321611065      -116228.5626646904     -28759.02653792228     57753.11273100697      
382587.8190792106      -113969.9301059421     -28619.66496901341     57753.14398100697      
383307.9200618424      -111707.054753314      -28479.02990095242     57753.17523100697      
384013.9136934609      -109440.0226678076     -28337.12797911908     57753.20648100697      
384705.7790118635      -107168.919986482      -28193.96589528532     57753.23773100697      
385383.495508209       -104893.8329204937     -28049.55038737411     57753.26898100697      
386047.0431270386      -102614.847753134      -27903.88823921685     57753.30023100697      
386696.4022662915      -100332.0508378694     -27756.9862803109      57753.33148100697      
387331.5537773189      -98045.52859637949     -27608.85138557581     57753.36273100697      
387952.4789648931      -95755.36751659734     -27459.49047510898     57753.39398100697      
388559.159587213       -93461.65415074915     -27308.91051394088     57753.42523100697      
389151.5778559063      -91164.47511339407     -27157.11851178894     57753.45648100697      
389729.7164360278      -88863.91707946488     -27004.12152281153     57753.48773100697      
390293.5584460528      -86560.06678230844     -26849.9266453603      57753.51898100697      
390843.0874578679      -84253.01101172734     -26694.54102173264     57753.55023100697      
391378.2874967572      -81942.83661202068     -26537.97183792297     57753.58148100697      
391899.1430413829      -79629.63048002671     -26380.22632337334     57753.61273100697      
392405.6390237649      -77313.4795631646      -26221.31175072334     57753.64398100697      
392897.7608292531      -74994.47085747728     -26061.23543555952     57753.67523100697      
393375.4942964969      -72672.69140567534     -25900.00473616368     57753.70648100697      
393838.82571741        -70348.22829517994     -25737.62705326082     57753.73773100697      
394287.7418371313      -68021.1686561682      -25574.10982976622     57753.76898100697      
394722.22985398        -65691.59965961745     -25409.46055053186     57753.80023100697      
395142.2774194075      -63359.6085153513      -25243.68674209194     57753.83148100697      
395547.8726379443      -61025.28247008586     -25076.79597240812     57753.86273100697      
395939.0040671426      -58688.70880547693     -24908.79585061353     57753.89398100697      
396315.6607175127      -56349.97483616762     -24739.69402675677     57753.92523100697      
396677.8320524575      -54009.16790783744     -24569.49819154439     57753.95648100697      
397025.5079881994      -51666.37539525147     -24398.21607608342     57753.98773100697      
397358.6788937045      -49321.68470031097     -24225.85545162275     57754.01898100697      
397677.3355906006      -46975.18325010498     -24052.4241292941      57754.05023100697      
397981.4693530913      -44626.9584949624      -23877.92995985219     57754.08148100697      
398271.071907865       -42277.09790650607     -23702.3808334143      57754.11273100697      
398546.1354339985      -39925.68897570656     -23525.78467919909     57754.14398100697      
398806.6525628566      -37572.81921093888     -23348.14946526491     57754.17523100697      
399052.6163779851      -35218.57613603923     -23169.48319824727     57754.20648100697      
399284.0204150012      -32863.04728836296     -22989.79392309589     57754.23773100697      
399500.8586614773      -30506.32021684477     -22809.08972281087     57754.26898100697      
399703.1255568193      -28148.48248005959     -22627.37871817844     57754.30023100697      
399890.8159921418      -25789.62164428506     -22444.66906750598     57754.33148100697      
400063.9253101366      -23429.82528156549     -22260.96896635648     57754.36273100697      
400222.449304937       -21069.1809677781      -22076.28664728234     57754.39398100697      
400366.3842219765      -18707.77628069939     -21890.6303795584      57754.42523100697      
400495.7267578426      -16345.69879807506     -21704.00846891495     57754.45648100697      
400610.4740601267      -13983.03609569008     -21516.42925726928     57754.48773100697      
400710.6237272663      -11619.87574544146     -21327.90112245764     57754.51898100697      
400796.1738083849      -9256.305313412769     -21138.4324779656      57754.55023100697      
400867.1228031258      -6892.41235795067      -20948.03177265884     57754.58148100697      
400923.46966148        -4528.284427742969     -20756.70749051249     57754.61273100697      
400965.2137836103      -2164.009059899385     -20564.46815034063     57754.64398100697      
400992.3550196696      200.3262219658354      -20371.32230552479     57754.67523100697      
401004.8936696156      2564.633909649448      -20177.27854374226     57754.70648100697      
401002.8304830174      4928.826512271626      -19982.34548669345     57754.73773100697      
400986.1666588613      7292.816558187049      -19786.5317898293      57754.76898100697      
400954.903845348       9656.516596892554      -19589.84614207754     57754.80023100697      
400909.0441396873      12019.83920093387      -19392.29726556908     57754.83148100697      
400848.5900878864      14382.69696780771      -19193.89391536349     57754.86273100697      
400773.5446845343      16745.0025218634       -18994.64487917408     57754.89398100697      
400683.911372581       19106.66851620063      -18794.55897709283     57754.92523100697      
400579.6940431119      21467.60763456496      -18593.6450613142      57754.95648100697      
400460.8970351464      23827.73259269062      -18391.91201590628     57754.98773100697      
400327.5251352892      26186.9561423892       -18189.36875634601     57755.01898100697      
400179.5835776569      28545.1910701384       -17986.02422952368     57755.05023100697      
400017.0780435255      30902.35020116524      -17781.88741327802     57755.08148100697      
399840.014661108       33258.34640077707      -17576.96731616474     57755.11273100697      
399648.4000053007      35613.09257623995      -17371.27297717875     57755.14398100697      
399442.2410974256      37966.50167865332      -17164.81346547488     57755.17523100697      
399221.545404967       40318.48670482219      -16957.59788008904     57755.20648100697      
398986.3208413058      42668.96069912559      -16749.6353496589      57755.23773100697      
398736.5757654481      45017.83675538203      -16540.93503214364     57755.26898100697      
398472.3189817494      47365.02801871166      -16331.50611454412     57755.30023100697      
398193.5597396352      49710.44768739508      -16121.35781262217     57755.33148100697      
397900.3077333177      52054.00901472867      -15910.49937061985     57755.36273100697      
397592.5731015074      54395.62531087669      -15698.94006097816     57755.39398100697      
397270.3664271224      56735.20994471967      -15486.68918405558     57755.42523100697      
396933.6987369913      59072.6763456996       -15273.75606784636     57755.45648100697      
396582.5815015546      61407.93800566084      -15060.15006769833     57755.48773100697      
396217.0266345613      63740.90848068853      -14845.88056603067     57755.51898100697      
395837.0464927619      66071.50139294247      -14630.95697205103     57755.55023100697      
395442.6538755975      68399.63043248761      -14415.38872147302     57755.58148100697      
395033.8620248858      70725.209359121        -14199.18527623267     57755.61273100697      
394610.6846245038      73048.15200419459      -13982.35612420531     57755.64398100697      
394173.1358000663      75368.37227243478      -13764.91077892184     57755.67523100697      
393721.2301186022      77685.78414375766      -13546.85877928496     57755.70648100697      
393254.9825882266      80000.30167508086      -13328.20968928502     57755.73773100697      
392774.4086578105      82311.839002131        -13108.97309771584     57755.76898100697      
392279.5242166471      84620.31034124801      -12889.15861789023     57755.80023100697      
391770.3455941158      86925.62999118486      -12668.77588735535     57755.83148100697      
391246.8895593425      89227.7123349036       -12447.83456760796     57755.86273100697      
390709.1733208578      91526.47184136778      -12226.34434380934     57755.89398100697      
390157.214526252       93821.82306733038      -12004.3149245002      57755.92523100697      
389591.0312618289      96113.68065911817      -11781.75604131541     57755.95648100697      
389010.6420522552      98401.9593544119       -11558.67744869857     57755.98773100697      
388416.0658602093      100686.5739840227      -11335.08892361644     57756.01898100697      
387807.3220860275      102967.4394736643      -11111.00026527326     57756.05023100697      
387184.4305673468      105244.4708457213      -10886.42129482493     57756.08148100697      
386547.4115788983      107517.5832204849      -10661.36185514547     57756.11273100697      
385896.2858315489      109786.6918200292      -10435.83181033168     57756.14398100697      
385231.0744728309      112051.7119667917      -10209.84104573088     57756.17523100697      
384551.7990859877      114312.5590874446      -9983.399467445626     57756.20648100697      
383858.4816897558      116569.1487141125      -9756.517002099743     57756.23773100697      
383151.1447379987      118821.3964861174      -9529.20359655183      57756.26898100697      
382429.8111193385      121069.2181517195      -9301.469217608996     57756.30023100697      
381694.5041567872      123312.5295698531      -9073.323851740392     57756.33148100697      
380945.2476073776      125551.2467118602      -8844.777504790603     57756.36273100697      
380182.0656617908      127785.2856632192      -8615.840201693263     57756.39398100697      
379404.9829439856      130014.5626252695      -8386.521986184256     57756.42523100697      
378614.0245108256      132238.9939169335      -8156.832920515302     57756.45648100697      
377809.2158517058      134458.4959764336      -7926.783085167117     57756.48773100697      
376990.5828881796      136672.9853630063      -7696.382578562931     57756.51898100697      
376158.1519735843      138882.3787586121      -7465.64151678151      57756.55023100697      
375311.9498926669      141086.5929696424      -7234.570033270709     57756.58148100697      
374452.0038612101      143285.5449286217      -7003.17827856069      57756.61273100697      
373578.3415256577      145479.1516959075      -6771.476419977085     57756.64398100697      
372690.9909627406      147667.3304613858      -6539.474641354413     57756.67523100697      
371789.9806791028      149849.9985461634      -6307.183142749289     57756.70648100697      
370875.3396109279      152027.0734042571      -6074.612140153789     57756.73773100697      
369947.0971235662      154198.4726242794      -5841.771865208564     57756.76898100697      
369005.2830113826      156364.1139306173      -5608.672564970606     57756.80023100697      
368049.9274965051      158523.915187127       -5375.324501409428     57756.83148100697      
367081.0612297701      160677.7943957851      -5141.737951445901     57756.86273100697      
366098.715289477       162825.669700379       -4907.923206448673     57756.89398100697      
365102.9211812396      164967.4593876735      -4673.89057200178      57756.92523100697      
364093.7108376168      167103.0818890769      -4439.650367617968     57756.95648100697      
363071.116617747       169232.4557823059      -4205.212926452254     57756.98773100697      
362665.9864998732      170066.7385996818      -4113.119299662508     57757.00000000001      
