-9382.424768208826     6540.4870693098        -4288.240082650374     57727                  
-9674.125887025159     6971.034397739669      -4570.081331696416     57727.00069444445      
-10035.21069375603     7504.448640524402      -4919.166433825503     57727.00158095954      
-10423.86200269028     8079.16903110971       -5295.163989772474     57727.00256693504      
-10844.45496418016     8701.827290340269      -5702.37952302636      57727.00366934125      
-11299.76286326195     9376.730605324283      -6143.588763157386     57727.00490225861      
-11792.88725482056     10108.7215190158       -6621.907518004658     57727.00628170704      
-12327.26469815777     10903.19998996736      -7140.80365606118      57727.00782584328      
-12906.63899766344     11766.09664327172      -7704.076718689815     57727.0095550663       
-13535.14011235647     12704.0078660189       -8315.942591504781     57727.01149244919      
-14217.29510280115     13724.23421810084      -8981.054164921707     57727.01366400735      
-14957.46922875773     14833.96816891941      -9703.96712709291      57727.01609708191      
-15759.15112016743     16039.23788509782      -10488.44891987394     57727.01881783475      
-16627.64495884008     17348.97850775802      -11340.12403873485     57727.02186037917      
-17568.8313284553      18773.22796384496      -12265.28819612126     57727.02526327121      
-18589.15443890541     20323.16443595312      -13270.92170170265     57727.0290698563       
-19695.66546953244     22011.24116429573      -14364.76374113548     57727.03332885278      
-20896.03203606904     23851.28558704493      -15555.36058457634     57727.03809486121      
-22198.67439108507     25858.81283472912      -16852.24882668544     57727.04342944722      
-23612.7907770999      28051.19681142127      -18266.04147247412     57727.04940190409      
-25148.34176298966     30447.80799779423      -19808.48722140759     57727.05608992357      
-26816.2851091425      33070.58218502958      -21492.8001630349      57727.06358148542      
-28628.44556407778     35944.07243438885      -23333.64774195531     57727.07197534459      
-30597.59671481188     39095.89214445176      -25347.38033369338     57727.08138259644      
-32737.71838961541     42557.5272089999       -27552.48221924424     57727.09192940063      
-35063.75243153246     46364.45142340792      -29969.56044409615     57727.10375763976      
-37591.59889595352     50556.7462156429       -32621.6375587937      57727.11702701391      
-40338.4354028278      55180.43498873594      -35534.86998702214     57727.1319194179       
-43322.30310819644     60287.82940862681      -38738.60844099977     57727.14864018709      
-46562.02429321771     65938.69087222828      -42265.93772997554     57727.16742180762      
-50076.7962141762      72201.19105615708      -46154.04520375362     57727.18852685512      
-53886.04364702845     79153.79073663922      -50445.10576790008     57727.21225384444      
-58009.02311694554     86887.34160224804      -55187.22798506721     57727.23894373037      
-62463.21156190708     95505.71279512718      -60434.41521378612     57727.26898100697      
-66906.07151104463     104399.6024979718      -65809.02740955593     57727.30023100697      
-71168.49566088901     113238.2975538048      -71110.92589026189     57727.33148100697      
-75261.83197896299     122036.1698695622      -76350.60154588267     57727.36273100697      
-79195.01034382566     130804.3263401072      -81536.34031205857     57727.39398100697      
-82975.18576946264     139551.4904882239      -86674.81484920373     57727.42523100697      
-86608.17778121958     148284.6014978186      -91771.48733335231     57727.45648100697      
-90098.77975609555     157009.2337563971      -96830.89209390256     57727.48773100697      
-93450.98237807203     165729.8983616146      -101856.8391147668     57727.51898100697      
-96668.13866850662     174450.2646619187      -106852.5638428018     57727.55023100697      
-99753.08823158916     183173.3262196293      -111820.8396201552     57727.58148100697      
-102708.2523943089     191901.527266837       -116764.0635094756     57727.61273100697      
-105535.7081577782     200636.8605207618      -121684.3228007727     57727.64398100697      
-108237.2464496376     209380.9438700705      -126583.4472441638     57727.67523100697      
-110814.4185682636     218135.0812242094      -131463.0505691493     57727.70648100697      
-113268.5736144866     226900.3113264942      -136324.5638487822     57727.73773100697      
-115600.8889547517     235677.447302996       -141169.2625765486     57727.76898100697      
-117812.3952410732     244467.1089940516      -145998.2888394812     57727.80023100697      
-119903.997128095      253269.7496062026      -150812.6696259207     57727.83148100697      
-121876.490553729      262085.6778518786      -155613.3320567492     57727.86273100697      
-123730.5772594842     270915.0764680983      -160401.1161459797     57727.89398100697      
-125466.8770681982     279758.0178087025      -165176.7855608483     57727.92523100697      
-127085.9383235021     288614.4770541841      -169941.0367496849     57727.95648100697      
-128588.2468248036     297484.343462573       -174694.5067285391     57727.98773100697      
-129974.2335036553     306367.4300072257      -179437.7797583929     57728.01898100697      
-131244.2810596421     315263.4816699644      -184171.393099011      57728.05023100697      
-132398.7297200845     324172.1826117059      -188895.8419898426     57728.08148100697      
-133437.8822562242     333093.1624014262      -193611.583980382      57728.11273100697      
-134362.0083768088     342026.0014465486      -198319.0427101908     57728.14398100697      
-135171.348588036      350970.2357469045      -203018.6112211318     57728.17523100697      
-135866.1175920434     359925.3610737089      -207710.6548701837     57728.20648100697      
-136446.5072973224     368890.8366529448      -212395.5138997318     57728.23773100697      
-136912.6894906587     377866.0884241107      -217073.5057129507     57728.26898100697      
-137264.818210737      386850.5119342579      -221744.9268943055     57728.30023100697      
-137503.0318716071     395843.4749127896      -226410.0550089403     57728.33148100697      
-137627.455163978      404844.3195702846      -231069.1502096015     57728.36273100697      
-137638.2007565382     413852.3646584196      -235722.456675484      57728.39398100697      
-137535.3708316481     422866.9073175333      -240370.2039038115     57728.42523100697      
-137319.0584708576     431887.2247394004      -245012.6078720226     57728.45648100697      
-136989.3489012464     440912.5756693626      -249649.8720859386     57728.48773100697      
-136546.3206337455     449942.2017619707      -254282.1885271616     57728.51898100697      
-135990.0464874241     458975.328812612       -258909.738511219      57728.55023100697      
-135320.5945273688     468011.1678745094      -263532.6934664156     57728.58148100697      
-134538.0289199892     477048.9162755755      -268151.2156420985     57728.61273100697      
-133642.4107079715     486087.758547744       -272765.4587539414     57728.64398100697      
-132633.7985251044     495126.8672747939      -277375.5685728852     57728.67523100697      
-131512.2492518063     504165.4038688064      -281981.68346359       57728.70648100697      
-130277.8186104124     513202.519284301       -286583.9348775497     57728.73773100697      
-128930.5617187521     522237.3546730792      -291182.4478053969     57728.76898100697      
-127470.533600388      531269.0419872588      -295777.3411924182     57728.80023100697      
-125897.7896483835     540296.7045372075      -300368.728320852      57728.83148100697      
-124212.3860602813     549319.4575055121      -304956.7171621118     57728.86273100697      
-122414.3802409117     558336.4084227111      -309541.4107017602     57728.89398100697      
-120503.8311683229     567346.6576099197      -314122.9072397524     57728.92523100697      
-118480.7997401855     576349.2985882869      -318701.3006681756     57728.95648100697      
-116345.3490959924     585343.4184598121      -323276.6807284989     57728.98773100697      
-114097.5449091562     594328.0982635439      -327849.13325015       57729.01898100697      
-111737.4556663665     603302.4133063661      -332418.7403720127     57729.05023100697      
-109265.1529285173     612265.4334720414      -336985.5807483151     57729.08148100697      
-106680.7115663748     621216.2235117402      -341549.7297402272     57729.11273100697      
-103984.2099885733     630153.8433148204      -346111.259594338      57729.14398100697      
-101175.7303554347     639077.3481629044      -350670.2396090897     57729.17523100697      
-98255.35877101844     647985.7889698835      -355226.7362901511     57729.20648100697      
-95223.18547135909     656878.2125063833      -359780.81349559       57729.23773100697      
-92079.30500170583     665753.6616112613      -364332.5325716529     57729.26898100697      
-88823.8163735046      674611.1753924197      -368881.9524798908     57729.30023100697      
-85456.82322664684     683449.7894145144      -373429.1299162644     57729.33148100697      
-81978.43396792405     692268.5358783788      -377974.1194228631     57729.36273100697      
-78388.76191128221     701066.4437896594      -382516.9734927653     57729.39398100697      
-74687.92541075774     709842.5391187731      -387057.7426685492     57729.42523100697      
-70876.04797693552     718595.8449537241      -391596.4756349276     57729.45648100697      
-66953.25839628282     727325.3816443544      -396133.2193059069     57729.48773100697      
-62919.69084471289     736030.166939703       -400668.0189068674     57729.51898100697      
-58775.48498573607     744709.2161197071      -405200.9180519317     57729.55023100697      
-54520.78607315688     753361.5421199831      -409731.9588169227     57729.58148100697      
-50155.74504920712     761986.1556511046      -414261.1818082285     57729.61273100697      
-45680.51862802315     770582.0653133281      -418788.6262278538     57729.64398100697      
-41095.26938505521     779148.2777057268      -423314.3299348961     57729.67523100697      
-36400.16584286124     787683.7975309142      -427838.3295036936     57729.70648100697      
-31595.38254276952     796187.6276960302      -432360.6602788665     57729.73773100697      
-26681.10012364277     804658.7694092341      -436881.3564274383     57729.76898100697      
-21657.50539777947     813096.2222726542      -441400.4509882284     57729.80023100697      
-16524.79141303228     821498.9843721931      -445917.9759187028     57729.83148100697      
-11283.15752303061     829866.0523637711      -450433.9621394153     57729.86273100697      
-5932.809455142372     838196.4215567138      -454948.4395762051     57729.89398100697      
-473.959364866254      846489.0859944251      -459461.4372002932     57729.92523100697      
5093.174100799075      854743.0385322954      -463972.9830663858     57729.95648100697      
10768.36574176191      862957.2709133138      -468483.1043489132     57729.98773100697      
16551.3837567039       871130.7738412604      -472991.8273765283     57730.01898100697      
22441.98968520014      879262.537051832       -477499.1776649414     57730.05023100697      
28439.93835122146      887351.549381936       -482005.1799482022     57730.08148100697      
34544.97782006783      895396.7988367444      -486509.8582085252     57730.11273100697      
40756.84934486689      903397.2726553172      -491013.2357047243     57730.14398100697      
47075.2873141341       911351.9573747651      -495515.3349993423     57730.17523100697      
53500.01921279804      919259.8388922856      -500016.1779845599     57730.20648100697      
60030.76557216872      927119.9025263306      -504515.7859069313     57730.23773100697      
66667.23992070468      934931.1330766428      -509014.1793910201     57730.26898100697      
73409.14874832841      942692.5148821886      -513511.3784620062     57730.30023100697      
80256.19145911706      950403.0318787617      -518007.4025672963     57730.33148100697      
87208.06032457555      958061.667655725       -522502.270597207      57730.36273100697      
94264.4404505797       965667.4055106222      -526996.0009047714     57730.39398100697      
101425.009732172       973219.2285039669      -531488.6113247016     57730.42523100697      
108689.4388087613      980716.1195134005      -535980.1191915579     57730.45648100697      
116057.3910331449      988157.0612856462      -540470.5413571764     57730.48773100697      
123528.5224278972      995541.0364891231      -544959.8942073695     57730.51898100697      
131102.4816420166      1002867.027766137      -549448.1936779536     57730.55023100697      
138778.9099215688      1010134.017782743      -553935.4552701375     57730.58148100697      
146557.4410672459      1017340.989279748      -558421.6940652933     57730.61273100697      
154437.7013920604      1024486.925123461      -562906.9247391404     57730.64398100697      
162419.3096932309      1031570.808353963      -567391.1615753898     57730.67523100697      
170501.8772105588      1038591.622234987      -571874.4184788493     57730.70648100697      
178685.0075848406      1045548.350303698      -576356.7089880274     57730.73773100697      
186968.2968306782      1052439.976417812      -580838.046287269      57730.76898100697      
195351.3332953835      1059265.484804777      -585318.4432184254     57730.80023100697      
203833.6976178343      1066023.860111012      -589797.9122920905     57730.83148100697      
212414.9627019494      1072714.087448252      -594276.4656984324     57730.86273100697      
221094.6936758781      1079335.152442437      -598754.1153176193     57730.89398100697      
229872.4478510788      1085886.041282769      -603230.87272987       57730.92523100697      
238747.7746962398      1092365.740767651      -607706.749225151      57730.95648100697      
247720.2157965595      1098773.238353624      -612181.7558125227     57730.98773100697      
256789.3048128643      1105107.522204591      -616655.9032291536     57731.01898100697      
265954.5674557982      1111367.581237671      -621129.2019490332     57731.05023100697      
275215.5214450374      1117552.405172506      -625601.662191371      57731.08148100697      
284571.6764682993      1123660.984580975      -630073.293928711      57731.11273100697      
294022.5341556598      1129692.310933249      -634544.106894777      57731.14398100697      
303567.5880385775      1135645.376647768      -639014.1105920479     57731.17523100697      
313206.3235086795      1141519.175141748      -643483.3142990763     57731.20648100697      
322938.2177920954      1147312.700877699      -647951.7270775811     57731.23773100697      
332762.7399081933      1153024.94941437       -652419.357779289      57731.26898100697      
342679.3506280605      1158654.917458303      -656886.2150525635     57731.30023100697      
352687.5024487664      1164201.602911089      -661352.3073488228     57731.33148100697      
362786.6395517447      1169664.004921537      -665817.6429287461     57731.36273100697      
372976.1977609062      1175041.123938537      -670282.2298682844     57731.39398100697      
383255.6045167713      1180331.961759299      -674746.0760644884     57731.42523100697      
393624.2788344545      1185535.52158299       -679209.1892411475     57731.45648100697      
404081.6312613717      1190650.808065166      -683671.576954257      57731.48773100697      
414627.063851206       1195676.827367214      -688133.2465973215     57731.51898100697      
425259.970119626       1200612.58721237       -692594.2054064911     57731.55023100697      
435979.7350107981      1205457.096938637      -697054.4604655479     57731.58148100697      
446785.7348527205      1210209.367556278      -701514.0187107353     57731.61273100697      
457677.3373309389      1214868.41179921       -705972.8869354548     57731.64398100697      
468653.9014455503      1219433.244183009      -710431.0717948165     57731.67523100697      
479714.7774679458      1223902.881063885      -714888.5798100546     57731.70648100697      
490859.3069143504      1228276.340691798      -719345.4173728236     57731.73773100697      
502086.8225024305      1232552.643270695      -723801.5907493624     57731.76898100697      
513396.6481076629      1236730.811019816      -728257.1060845391     57731.80023100697      
524788.0987367205      1240809.868228714      -732711.9694057874     57731.83148100697      
536260.4804837301      1244788.841319958      -737166.1866269251     57731.86273100697      
547813.0904863139      1248666.758912964      -741619.7635518656     57731.89398100697      
559445.2168988679      1252442.651881135      -746072.7058782316     57731.92523100697      
571156.1388485275      1256115.553417219      -750525.0192008597     57731.95648100697      
582945.1263909484      1259684.499099884      -754976.7090152159     57731.98773100697      
594811.4404835398      1263148.526953162      -759427.7807207127     57732.01898100697      
606754.3329412161      1266506.677514677      -763878.2396239397     57732.05023100697      
618773.0463920002      1269757.993905149      -768328.0909417991     57732.08148100697      
630866.8142502867      1272901.521890337      -772777.3398045673     57732.11273100697      
643034.8606724769      1275936.309952329      -777225.991258865      57732.14398100697      
655276.4005125036      1278861.409362176      -781674.0502705502     57732.17523100697      
667590.639295219       1281675.874244513      -786121.5217275374     57732.20648100697      
679976.7731700222      1284378.761653163      -790568.4104425395     57732.23773100697      
692433.9888764233      1286969.131641776      -795014.7211557366     57732.26898100697      
704961.46369767        1289446.047341944      -799460.4585373743     57732.30023100697      
717558.3654344723      1291808.575031659      -803905.6271902982     57732.33148100697      
730223.8523608233      1294055.784214479      -808350.2316524162     57732.36273100697      
742957.0731798275      1296186.747700211      -812794.2763990993     57732.39398100697      
755757.1669978339      1298200.541676438      -817237.7658455215     57732.42523100697      
768623.2632805707      1300096.24579137       -821680.7043489373     57732.45648100697      
781554.48180935        1301872.943238274      -826123.0962108991     57732.48773100697      
794549.9326557576      1303529.720830234      -830564.9456794183     57732.51898100697      
807608.7161382695      1305065.669086857      -835006.2569510741     57732.55023100697      
820729.9227789876      1306479.882322634      -839447.0341730599     57732.58148100697      
833912.63327906        1307771.45872508       -843887.281445186      57732.61273100697      
847155.91847596        1308939.500445471      -848327.0028218244     57732.64398100697      
860458.8393009756      1309983.113691265      -852766.2023138043     57732.67523100697      
873820.4467555095      1310901.408807808      -857204.883890264      57732.70648100697      
887239.7818671523      1311693.500374651      -861643.0514804471     57732.73773100697      
900715.8756584446      1312358.507295184      -866080.7089754578     57732.76898100697      
914247.7491036099      1312895.552896086      -870517.8602299709     57732.80023100697      
927834.4131063578      1313303.765013983      -874954.5090638923     57732.83148100697      
941474.868459514       1313582.276096167      -879390.6592639843     57732.86273100697      
955168.1058050516      1313730.22330313       -883826.31458544       57732.89398100697      
968913.1056132718      1313746.748599102      -888261.4787534248     57732.92523100697      
982708.8381438244      1313630.998857284      -892696.15546457       57732.95648100697      
996554.2634072219      1313382.125966954      -897130.3483884337     57732.98773100697      
1010448.331145634      1312999.286927999      -901564.0611689175     57733.01898100697      
1024389.98079555       1312481.643960798      -905997.2974256498     57733.05023100697      
1038378.141451039      1311828.364618027      -910430.0607553293     57733.08148100697      
1052411.731846404      1311038.621883299      -914862.3547330346     57733.11273100697      
1066489.660318677      1310111.594287518      -919294.1829134955     57733.14398100697      
1080610.824783321      1309046.466016982      -923725.5488323331     57733.17523100697      
1094774.112698165      1307842.42703327       -928156.4560072633     57733.20648100697      
1108978.401048951      1306498.673177505      -932586.9079392683     57733.23773100697      
1123222.556316924      1305014.406291538      -937016.9081137336     57733.26898100697      
1137505.434447265      1303388.834341149      -941446.4600015574     57733.30023100697      
1151825.880837144      1301621.17152464       -945875.5670602215     57733.33148100697      
1166182.730305925      1299710.638399015      -950304.2327348375     57733.36273100697      
1180574.807066328      1297656.462008221      -954732.460459161      57733.39398100697      
1195000.924715295      1295457.875996136      -959160.2536565728     57733.42523100697      
1209459.886205057      1293114.120739783      -963587.6157410363     57733.45648100697      
1223950.483827737      1290624.443472921      -968014.5501180212     57733.48773100697      
1238471.499188592      1287988.098422988      -972441.0601854019     57733.51898100697      
1253021.703201123      1285204.346930031      -976867.1493343266     57733.55023100697      
1267599.856064676      1282272.457584834      -981292.8209500593     57733.58148100697      
1282204.7072433        1279191.70636915       -985718.0784127966     57733.61273100697      
1296834.995464427      1275961.376779142      -990142.9250984547     57733.64398100697      
1311489.448700248      1272580.759968702      -994567.3643794325     57733.67523100697      
1326166.784150459      1269049.154894882      -998991.3996253499     57733.70648100697      
1340865.708244888      1265365.86844586       -1003415.034203757     57733.73773100697      
1355584.916626964      1261530.215591668      -1007838.271480825     57733.76898100697      
1370323.094150963      1257541.519523822      -1012261.114822003     57733.80023100697      
1385078.91486851       1253399.111809836      -1016683.567592661     57733.83148100697      
1399851.042037028      1249102.332527197      -1021105.633158698     57733.86273100697      
1414638.128111381      1244650.530418827      -1025527.314887142     57733.89398100697      
1429438.814737255      1240043.063050663      -1029948.616146708     57733.92523100697      
1444251.732764415      1235279.296950109      -1034369.540308347     57733.95648100697      
1459075.502243443      1230358.607766659      -1038790.090745766     57733.98773100697      
1473908.732424347      1225280.380434631      -1043210.270835931     57734.01898100697      
1488750.021775041      1220044.00931603       -1047630.083959541     57734.05023100697      
1503597.95798161       1214648.898368757      -1052049.533501484     57734.08148100697      
1518451.117962505      1209094.461302078      -1056468.622851275     57734.11273100697      
1533308.067872806      1203380.121748497      -1060887.355403464     57734.14398100697      
1548167.363130306      1197505.313412394      -1065305.734558034     57734.17523100697      
1563027.548425787      1191469.480242415      -1069723.763720768     57734.20648100697      
1577887.157735527      1185272.076605909      -1074141.446303602     57734.23773100697      
1592744.7143536        1178912.567441741      -1078558.785724958     57734.26898100697      
1607598.730906754      1172390.428440205      -1082975.785410053     57734.30023100697      
1622447.709383302      1165705.146209004      -1087392.44879119      57734.33148100697      
1637290.141152726      1158856.218456635      -1091808.779308034     57734.36273100697      
1652124.507006918      1151843.15415055       -1096224.780407859     57734.39398100697      
1666949.277186441      1144665.473700644      -1100640.455545787     57734.42523100697      
1681762.911409429      1137322.709144665      -1105055.808185003     57734.45648100697      
1696563.858920053      1129814.404310152      -1109470.841796949     57734.48773100697      
1711350.558522411      1122140.115002377      -1113885.559861501     57734.51898100697      
1726121.438617239      1114299.40919413       -1118299.965867137     57734.55023100697      
1740874.917258048      1106291.867191222      -1122714.063311071     57734.58148100697      
1755609.402191303      1098117.081827566      -1127127.855699379     57734.61273100697      
1770323.290910549      1089774.658644469      -1131541.346547112     57734.64398100697      
1785014.970702405      1081264.216088695      -1135954.539378379     57734.67523100697      
1799682.818713639      1072585.385682322      -1140367.437726422     57734.70648100697      
1814325.202004743      1063737.81222009       -1144780.045133672     57734.73773100697      
1828940.477606696      1054721.153968387      -1149192.365151792     57734.76898100697      
1843526.992596794      1045535.082837991      -1153604.40134169      57734.80023100697      
1858083.084159694      1036179.284588074      -1158016.157273535     57734.83148100697      
1872607.079662284      1026653.459013006      -1162427.636526739     57734.86273100697      
1887097.296721311      1016957.320148846      -1166838.84268994      57734.89398100697      
1901552.043291564      1007090.596449403      -1171249.779360952     57734.92523100697      
1915969.6177417        997053.0309912598      -1175660.450146711     57734.95648100697      
1930348.308933694      986844.3816801505      -1180070.858663203     57734.98773100697      
1944686.396320799      976464.4214290362      -1184481.008535378     57735.01898100697      
1958982.150032076      965912.9383690751      -1188890.903397041     57735.05023100697      
1973233.830970502      955189.736041908       -1193300.546890737     57735.08148100697      
1987439.690904837      944294.6336124599      -1197709.942667626     57735.11273100697      
2001597.972581309      933227.4660490234      -1202119.094387324     57735.14398100697      
2015706.909824269      921988.0843337028      -1206528.005717748     57735.17523100697      
2029764.727640841      910576.3556738342      -1210936.680334942     57735.20648100697      
2043769.642343395      898992.1636829876      -1215345.121922884     57735.23773100697      
2057719.861660081      887235.4085964183      -1219753.334173285     57735.26898100697      
2071613.584858561      875306.0074662508      -1224161.320785376     57735.30023100697      
2085449.002864585      863203.8943779485      -1228569.085465669     57735.33148100697      
2099224.298399479      850929.0206316937      -1232976.631927722     57735.36273100697      
2112937.646108015      838481.3549554406      -1237383.96389188      57735.39398100697      
2126587.212690638      825860.8837184897      -1241791.085085007     57735.42523100697      
2140171.157052659      813067.6111124551      -1246197.999240201     57735.45648100697      
2153687.630443093      800101.5593681332      -1250604.710096503     57735.48773100697      
2167134.776606232      786962.7689504732      -1255011.221398591     57735.51898100697      
2180510.731929169      773651.2987754839      -1259417.53689646      57735.55023100697      
2193813.625607137      760167.226389634       -1263823.660345092     57735.58148100697      
2207041.579799456      746510.6481859399      -1268229.595504115     57735.61273100697      
2220192.709797882      732681.6795971888      -1272635.346137444     57735.64398100697      
2233265.124191554      718680.4553114293      -1277040.916012927     57735.67523100697      
2246256.925049044      704507.1294485489      -1281446.308901957     57735.70648100697      
2259166.208093194      690161.8757703742      -1285851.528579092     57735.73773100697      
2271991.062880799      675644.8878904104      -1290256.578821657     57735.76898100697      
2284729.572997489      660956.3794474186      -1294661.463409332     57735.80023100697      
2297379.816244991      646096.584316963       -1299066.186123736     57735.83148100697      
2309939.864840052      631065.7567983583      -1303470.750747997     57735.86273100697      
2322407.785611176      615864.1718243806      -1307875.161066317     57735.89398100697      
2334781.640210948      600492.1251295762      -1312279.420863515     57735.92523100697      
2347059.485321826      584949.9334572243      -1316683.533924577     57735.95648100697      
2359239.372873083      569237.9347406861      -1321087.504034185     57735.98773100697      
2371319.350256231      553356.48830775        -1325491.334976239     57736.01898100697      
2383297.460555115      537305.9750421459      -1329895.030533378     57736.05023100697      
2395171.742771434      521086.7975801509      -1334298.594486472     57736.08148100697      
2406940.232055394      504699.3805057592      -1338702.030614138     57736.11273100697      
2418600.959949221      488144.1705060385      -1343105.34269221      57736.14398100697      
2430151.954626033      471421.6365662371      -1347508.534493232     57736.17523100697      
2441591.241138835      454532.2701374675      -1351911.609785927     57736.20648100697      
2452916.841669214      437476.5853277262      -1356314.572334659     57736.23773100697      
2464126.775788804      420255.119047565       -1360717.425898898     57736.26898100697      
2475219.060717208      402868.431196081       -1365120.174232661     57736.30023100697      
2486191.711589406      385317.1048184462      -1369522.821083964     57736.33148100697      
2497042.741723496      367601.7462869129      -1373925.370194252     57736.36273100697      
2507770.162900022      349722.9854350488      -1378327.825297831     57736.39398100697      
2518371.985639501      331681.4757283438      -1382730.190121294     57736.42523100697      
2528846.219485106      313477.8944321378      -1387132.468382936     57736.45648100697      
2539190.873295228      295112.9427360865      -1391534.663792163     57736.48773100697      
2549403.955534517      276587.3459198319      -1395936.780048905     57736.51898100697      
2559483.474573002      257901.8534883981      -1400338.820843004     57736.55023100697      
2569427.438986749      239057.2393311792      -1404740.789853622     57736.58148100697      
2579233.857867728      220054.3018318125      -1409142.690748625     57736.61273100697      
2588900.741133321      200893.8640196737      -1413544.527183968     57736.64398100697      
2598426.099843015      181576.7736900421      -1417946.302803078     57736.67523100697      
2607807.946517288      162103.9035479868      -1422348.021236228     57736.70648100697      
2617044.295464217      142476.151301642       -1426749.686099911     57736.73773100697      
2626133.163106912      122694.4397975656      -1431151.300996206     57736.76898100697      
2635072.568317126      102759.7171237742      -1435552.869512147     57736.80023100697      
2643860.532751721      82672.95673653131      -1439954.395219078     57736.83148100697      
2652495.081195254      62435.15753518029      -1444355.881672022     57736.86273100697      
2660974.241904642      42047.34397464945      -1448757.332409024     57736.89398100697      
2669296.046958472      21510.56617342451      -1453158.750950515     57736.92523100697      
2677458.53261095       825.8999733066771      -1457560.140798656     57736.95648100697      
2685459.739648731      -20005.55295810099     -1461961.505436688     57736.98773100697      
2693297.713752001      -40982.6650589596      -1466362.84832828      57737.01898100697      
2700970.505859496      -62104.28278098952     -1470764.172916871     57737.05023100697      
2708476.172536598      -83369.22655146282     -1475165.482625018     57737.08148100697      
2715812.776347478      -104776.2906921446     -1479566.780853734     57737.11273100697      
2722978.386230291      -126324.2433732266     -1483968.070981833     57737.14398100697      
2729971.077876885      -148011.8265435054     -1488369.356365267     57737.17523100697      
2736788.934113686      -169837.7559159605     -1492770.640336473     57737.20648100697      
2743430.045287823      -191800.7209099937     -1497171.926203703     57737.23773100697      
2749892.509654991      -213899.384629556      -1501573.217250376     57737.26898100697      
2756174.433772394      -236132.3838175435     -1505974.516734413     57737.30023100697      
2762273.932890855      -258498.3288667304     -1510375.827887577     57737.33148100697      
2768189.131353362      -280995.8037871034     -1514777.153914819     57737.36273100697      
2773918.162993926      -303623.366209923      -1519178.49799362      57737.39398100697      
2779459.171542092      -326379.547368088      -1523579.863273335     57737.42523100697      
2784810.311024489      -349262.8521340974     -1527981.252874542     57737.45648100697      
2789969.746173987      -372271.7590141718     -1532382.669888388     57737.48773100697      
2794935.652837706      -395404.720179887      -1536784.117375942     57737.51898100697      
2799706.218391172      -418660.1614761426     -1541185.598367546     57737.55023100697      
2804279.642147309      -442036.4824876997     -1545587.115862169     57737.58148100697      
2808654.135774213      -465532.0565616587     -1549988.672826773     57737.61273100697      
2812827.923710201      -489145.2308681619     -1554390.272195668     57737.64398100697      
2816799.243585519      -512874.3264374629     -1558791.916869877     57737.67523100697      
2820566.346636554      -536717.6382564318     -1563193.609716509     57737.70648100697      
2824127.498129999      -560673.4353208059     -1567595.35356813      57737.73773100697      
2827480.977782675      -584739.9607262918     -1571997.151222141     57737.76898100697      
2830625.080188441      -608915.4317360584     -1576399.005440156     57737.80023100697      
2833558.115235234      -633198.0399084304     -1580800.918947394     57737.83148100697      
2836278.40853322       -657585.9511801318     -1585202.894432066     57737.86273100697      
2838784.301836861      -682077.3059889323     -1589604.934544772     57737.89398100697      
2841074.153474569      -706670.2193726901     -1594007.0418979       57737.92523100697      
2843146.338765945      -731362.7811292354     -1598409.219065042     57737.95648100697      
2844999.250451319      -756153.0559316279     -1602811.468580402     57737.98773100697      
2846631.299113427      -781039.083483264      -1607213.792938212     57738.01898100697      
2848040.913607094      -806018.8786493674     -1611616.194592165     57738.05023100697      
2849226.541473924      -831090.4316498379     -1616018.675954844     57738.08148100697      
2850186.649370479      -856251.7082072964     -1620421.239397163     57738.11273100697      
2850919.723486726      -881500.6497353258     -1624823.887247812     57738.14398100697      
2851424.269972926      -906835.1735030568     -1629226.621792714     57738.17523100697      
2851698.815348879      -932253.1728614953     -1633629.445274485     57738.20648100697      
2851741.906927828      -957752.517424864      -1638032.359891904     57738.23773100697      
2851552.11322873       -983331.0532923815     -1642435.367799395     57738.26898100697      
2851128.024397398      -1008986.603246313     -1646838.471106504     57738.30023100697      
2850468.252607267      -1034716.967012003     -1651241.671877402     57738.33148100697      
2849571.43247602       -1060519.921472742     -1655644.972130385     57738.36273100697      
2848436.221468629      -1086393.220925188     -1660048.373837392     57738.39398100697      
2847061.300309691      -1112334.597310961     -1664451.878923514     57738.42523100697      
2845445.373372609      -1138341.760510304     -1668855.489266542     57738.45648100697      
2843587.169085848      -1164412.398590393     -1673259.206696495     57738.48773100697      
2841485.440323618      -1190544.178094195     -1677663.03299518      57738.51898100697      
2839138.964806288      -1216734.744305376     -1682066.969895743     57738.55023100697      
2836546.545474818      -1242981.721575177     -1686471.01908225      57738.58148100697      
2833707.0108835        -1269282.713603783     -1690875.182189265     57738.61273100697      
2830619.215575144      -1295635.303762075     -1695279.460801445     57738.64398100697      
2827282.04046639       -1322037.055389284     -1699683.856453132     57738.67523100697      
2823694.393204235      -1348485.512152359     -1704088.370627986     57738.70648100697      
2819855.208542118      -1374978.19835965      -1708493.004758598     57738.73773100697      
2815763.448696417      -1401512.61931469      -1712897.760226136     57738.76898100697      
2811418.103713558      -1428086.26164569      -1717302.63835998      57738.80023100697      
2806818.191805459      -1454696.593696325     -1721707.640437399     57738.83148100697      
2801962.759705843      -1481341.065870652     -1726112.767683218     57738.86273100697      
2796850.883007815      -1508017.11101239      -1730518.021269501     57738.89398100697      
2791481.666495304      -1534722.144791638     -1734923.402315254     57738.92523100697      
2785854.244483057      -1561453.566072385     -1739328.911886124     57738.95648100697      
2779967.781121423      -1588208.757340526     -1743734.550994137     57738.98773100697      
2773821.470723656      -1614985.085085794     -1748140.320597426     57739.01898100697      
2767414.538069143      -1641779.900222664     -1752546.221599984     57739.05023100697      
2760746.238718352      -1668590.538486394     -1756952.254851414     57739.08148100697      
2753815.859289747      -1695414.320888804     -1761358.421146723     57739.11273100697      
2746622.717760631      -1722248.554127766     -1765764.721226096     57739.14398100697      
2739166.163741924      -1749090.531034953     -1770171.155774713     57739.17523100697      
2731445.578765257      -1775937.53099843      -1774577.725422545     57739.20648100697      
2723460.376529229      -1802786.820443991     -1778984.430744206     57739.23773100697      
2715210.003171044      -1829635.653270056     -1783391.272258784     57739.26898100697      
2706693.937513716      -1856481.271314759     -1787798.250429705     57739.30023100697      
2697911.691304869      -1883320.904828734     -1792205.365664606     57739.33148100697      
2688862.809465345      -1910151.772927581     -1796612.618315211     57739.36273100697      
2679546.870293504      -1936971.084101611     -1801020.008677254     57739.39398100697      
2669963.485696838      -1963776.036678974     -1805427.536990375     57739.42523100697      
2660112.301393246      -1990563.819324909     -1809835.203438068     57739.45648100697      
2649992.997126159      -2017331.611515108     -1814243.008147603     57739.48773100697      
2639605.286832707      -2044076.584064999     -1818650.951190013     57739.51898100697      
2628948.918840784      -2070795.899612279     -1823059.032580054     57739.55023100697      
2618023.676033994      -2097486.713134456     -1827467.252276201     57739.58148100697      
2606829.376031231      -2124146.172440111     -1831875.610180644     57739.61273100697      
2595365.871316705      -2150771.418714615     -1836284.10613932      57739.64398100697      
2583633.049400541      -2177359.587018974     -1840692.739941947     57739.67523100697      
2571630.832949797      -2203907.806817482     -1845101.511322068     57739.70648100697      
2559359.179909494      -2230413.202508509     -1849510.419957127     57739.73773100697      
2546818.083635308      -2256872.893933657     -1853919.465468533     57739.76898100697      
2534007.572973614      -2283283.996939237     -1858328.647421779     57739.80023100697      
2520927.712374282      -2309643.623890854     -1862737.965326542     57739.83148100697      
2507578.601967656      -2335948.884220016     -1867147.418636815     57739.86273100697      
2493960.377658213      -2362196.884943709     -1871557.006751036     57739.89398100697      
2480073.211163187      -2388384.731234496     -1875966.729012269     57739.92523100697      
2465917.310085787      -2414509.526943702     -1880376.584708364     57739.95648100697      
2451492.917955848      -2440568.375150445     -1884786.57307215      57739.98773100697      
2436800.314259874      -2466558.378711753     -1889196.693281639     57740.01898100697      
2421839.814484564      -2492476.640790102     -1893606.944460239     57740.05023100697      
2406611.770102518      -2518320.265429008     -1898017.325677005     57740.08148100697      
2391116.568594931      -2544086.358081853     -1902427.83594688      57740.11273100697      
2375354.633435313      -2569772.026169316     -1906838.474230966     57740.14398100697      
2359326.424092315      -2595374.379609083     -1911249.23943679      57740.17523100697      
2343032.435972647      -2620890.531391561     -1915660.130418628     57740.20648100697      
2326473.20040301       -2646317.598108962     -1920071.145977795     57740.23773100697      
2309649.28457697       -2671652.700506912     -1924482.284862983     57740.26898100697      
2292561.291491155      -2696892.964034963     -1928893.545770607     57740.30023100697      
2275209.859897156      -2722035.519373765     -1933304.92734514      57740.33148100697      
2257595.664191068      -2747077.503005437     -1937716.428179515     57740.36273100697      
2239719.414344656      -2772016.057737727     -1942128.046815498     57740.39398100697      
2221581.855794935      -2796848.333253003     -1946539.781744096     57740.42523100697      
2203183.769355741      -2821571.486629128     -1950951.631405954     57740.45648100697      
2184525.971065164      -2846182.68290128      -1955363.594191822     57740.48773100697      
2165609.312076906      -2870679.095577831     -1959775.66844296      57740.51898100697      
2146434.678514901      -2895057.907175038     -1964187.852451608     57740.55023100697      
2127002.991316542      -2919316.309749331     -1968600.144461501     57740.58148100697      
2107315.206095556      -2943451.505404809     -1973012.542668317     57740.61273100697      
2087372.312938254      -2967460.706839011     -1977425.045220205     57740.64398100697      
2067175.336246311      -2991341.137843591     -1981837.650218282     57740.67523100697      
2046725.334541826      -3015090.03382189      -1986250.355717177     57740.70648100697      
2026023.400262594      -3038704.642302186     -1990663.159725571     57740.73773100697      
2005070.659577349      -3062182.223426932     -1995076.060206743     57740.76898100697      
1983868.27213303       -3085520.05047696      -1999489.05507917      57740.80023100697      
1962417.430851449      -3108715.410351389     -2003902.14221709      57740.83148100697      
1940719.361681589      -3131765.604066213     -2008315.319451114     57740.86273100697      
1918775.323379095      -3154667.947224899     -2012728.584568814     57740.89398100697      
1896586.607216468      -3177419.770521487     -2017141.935315375     57740.92523100697      
1874154.53674501       -3200018.420200278     -2021555.36939422      57740.95648100697      
1851480.467518085      -3222461.258528808     -2025968.884467658     57740.98773100697      
1828565.786805745      -3244745.664264658     -2030382.478157549     57741.01898100697      
1805411.913332509      -3266869.033098448     -2034796.14804596      57741.05023100697      
1782020.296944417      -3288828.778126192     -2039209.891675882     57741.08148100697      
1758392.41833076       -3310622.330279539     -2043623.706551901     57741.11273100697      
1734529.788706817      -3332247.138767334     -2048037.590140919     57741.14398100697      
1710433.94948878       -3353700.671510134     -2052451.539872874     57741.17523100697      
1686106.471993674      -3374980.415551248     -2056865.553141449     57741.20648100697      
1661548.957067356      -3396083.877494019     -2061279.627304848     57741.23773100697      
1636763.034770087      -3417008.583898508     -2065693.759686529     57741.26898100697      
1611750.364022985      -3437752.081687578     -2070107.947575965     57741.30023100697      
1586512.632247566      -3458311.938545225     -2074522.18822943      57741.33148100697      
1561051.555032175      -3478685.743291896     -2078936.478870754     57741.36273100697      
1535368.875725471      -3498871.106282971     -2083350.816692152     57741.39398100697      
1509466.365090394      -3518865.659768404     -2087765.198855005     57741.42523100697      
1483345.820918993      -3538667.05825993      -2092179.622490672     57741.45648100697      
1457009.067641331      -3558272.978889904     -2096594.08470132      57741.48773100697      
1430457.95596319       -3577681.121747836     -2101008.582560733     57741.51898100697      
1403694.362429973      -3596889.210236991     -2105423.113115176     57741.55023100697      
1376720.189053972      -3615894.991394178     -2109837.673384224     57741.58148100697      
1349537.362902563      -3634696.236215353     -2114252.260361623     57741.61273100697      
1322147.835681545      -3653290.739972376     -2118666.871016148     57741.64398100697      
1294553.583349161      -3671676.322508364     -2123081.502292467     57741.67523100697      
1266756.605655646      -3689850.828550061     -2127496.151112034     57741.70648100697      
1238758.925748913      -3707812.127985662     -2131910.814373958     57741.73773100697      
1210562.589741369      -3725558.116146798     -2136325.488955897     57741.76898100697      
1182169.666272935      -3743086.714081347     -2140740.171714964     57741.80023100697      
1153582.246106626      -3760395.868805908     -2145154.859488603     57741.83148100697      
1124802.441649116      -3777483.553572339     -2149569.549095532     57741.86273100697      
1095832.386540121      -3794347.768102223     -2153984.23733664      57741.89398100697      
1066674.235203175      -3810986.538823931     -2158398.920995902     57741.92523100697      
1037330.162393699      -3827397.919100363     -2162813.596841322     57741.95648100697      
1007802.362781432      -3843579.989437582     -2167228.261625828     57741.98773100697      
978093.0504574493      -3859530.857704615     -2171642.912088251     57742.01898100697      
948204.4585125351      -3875248.659323893     -2176057.544954232     57742.05023100697      
918138.8385772787      -3890731.557462845     -2180472.156937174     57742.08148100697      
887898.4603605353      -3905977.743216111     -2184886.744739197     57742.11273100697      
857485.611223969       -3920985.435770113     -2189301.305052054     57742.14398100697      
826902.5956808995      -3935752.88257592      -2193715.834558127     57742.17523100697      
796151.7349688873      -3950278.359495705     -2198130.329931359     57742.20648100697      
765235.366584404       -3964560.170948973     -2202544.787838209     57742.23773100697      
734155.8438169144      -3978596.65004953      -2206959.204938629     57742.26898100697      
702915.5353206564      -3992386.158726426     -2211373.577886992     57742.30023100697      
671516.8246105384      -4005927.087850364     -2215787.903333099     57742.33148100697      
639962.1096339786      -4019217.857336859     -2220202.177923115     57742.36273100697      
608253.8023052181      -4032256.916247919     -2224616.398300542     57742.39398100697      
576394.3280400384      -4045042.74288464      -2229030.561107193     57742.42523100697      
544386.1253296754      -4057573.844865605     -2233444.662984135     57742.45648100697      
512231.6452387439      -4069848.759207958     -2237858.70057269      57742.48773100697      
479933.3509811133      -4081866.052388576     -2242272.670515376     57742.51898100697      
447493.7174586483      -4093624.320402568     -2246686.569456889     57742.55023100697      
414915.2308090787      -4105122.188812243     -2251100.394045061     57742.58148100697      
382200.3879476876      -4116358.31278854      -2255514.140931831     57742.61273100697      
349351.6961498003      -4127331.377140543     -2259927.806774193     57742.64398100697      
316371.6725572606      -4138040.096344453     -2264341.388235181     57742.67523100697      
283262.8437649743      -4148483.214556865     -2268754.881984821     57742.70648100697      
250027.745370789       -4158659.505624043     -2273168.28470108      57742.73773100697      
216668.9215277266      -4168567.773082991     -2277581.59307084      57742.76898100697      
183188.9245381848      -4178206.850152688     -2281994.803790825     57742.80023100697      
149590.3143721719      -4187575.599722101     -2286407.91356858      57742.83148100697      
115875.6582671237      -4196672.91432621      -2290820.919123405     57742.86273100697      
82047.53029142517      -4205497.716116926     -2295233.817187293     57742.89398100697      
48108.51091897154      -4214048.956826312     -2299646.604505883     57742.92523100697      
14061.18659909254      -4222325.617722654     -2304059.277839393     57742.95648100697      
-20091.85063036984     -4230326.70955929      -2308471.833963528     57742.98773100697      
-54348.00360582339     -4238051.272517091     -2312884.269670446     57743.01898100697      
-88704.6704176123      -4245498.376139476     -2317296.581769659     57743.05023100697      
-123159.2448255789     -4252667.119261166     -2321708.767088946     57743.08148100697      
-157709.1166707519     -4259556.629930035     -2326120.822475282     57743.11273100697      
-192351.6722430876     -4266166.065323928     -2330532.744795711     57743.14398100697      
-227084.2947248871     -4272494.611658602     -2334944.530938293     57743.17523100697      
-261904.3645501699     -4278541.484092016     -2339356.177812962     57743.20648100697      
-296809.2597995995     -4284305.926621439     -2343767.682352426     57743.23773100697      
-331796.3565829981     -4289787.211974935     -2348179.041513052     57743.26898100697      
-366863.0294253502     -4294984.641496435     -2352590.252275736     57743.30023100697      
-402006.6516081321     -4299897.545028544     -2357001.311646756     57743.33148100697      
-437224.5955860679     -4304525.280783394     -2361412.216658663     57743.36273100697      
-472514.2333190021     -4308867.235214564     -2365822.964371109     57743.39398100697      
-507872.936638982      -4312922.822880731     -2370233.5518717       57743.42523100697      
-543298.0776044151     -4316691.486304899     -2374643.976276828     57743.45648100697      
-578787.028857267      -4320172.69582766      -2379054.234732509     57743.48773100697      
-614337.1639351167     -4323365.949461049     -2383464.324415182     57743.51898100697      
-649945.8576583167     -4326270.772727311     -2387874.242532545     57743.55023100697      
-685610.4864317953     -4328886.718503568     -2392283.986324342     57743.58148100697      
-721328.4285817581     -4331213.366857078     -2396693.55306316      57743.61273100697      
-757097.0646871313     -4333250.324875922     -2401102.940055212     57743.64398100697      
-792913.7778656576     -4334997.226502601     -2405512.144641102     57743.67523100697      
-828775.9541347795     -4336453.732350064     -2409921.164196605     57743.70648100697      
-864680.9826870377     -4337619.529527545     -2414329.996133417     57743.73773100697      
-900626.2562001336     -4338494.331456101     -2418738.637899888     57743.76898100697      
-936609.1711335616     -4339077.877682025     -2423147.086981765     57743.80023100697      
-972627.1280277707     -4339369.933685165     -2427555.340902921     57743.83148100697      
-1008677.531757956     -4339370.290692926     -2431963.397226042     57743.86273100697      
-1044757.791862191     -4339078.76547366      -2436371.253553363     57743.89398100697      
-1080865.322784226     -4338495.2001446       -2440778.907527336     57743.92523100697      
-1116997.544150705     -4337619.461968403     -2445186.356831315     57743.95648100697      
-1153151.881034884     -4336451.443148763     -2449593.599190223     57743.98773100697      
-1189325.764222762     -4334991.060621385     -2454000.632371212     57744.01898100697      
-1225516.630434039     -4333238.255853391     -2458407.454184293     57744.05023100697      
-1261721.922616894     -4331192.994619066     -2462814.062482995     57744.08148100697      
-1297939.090157903     -4328855.266794825     -2467220.455164961     57744.11273100697      
-1334165.589126145     -4326225.086141633     -2471626.63017257      57744.14398100697      
-1370398.882503878     -4323302.4900877       -2476032.585493525     57744.17523100697      
-1406636.440411754     -4320087.539509485     -2480438.319161445     57744.20648100697      
-1442875.740336414     -4316580.318508495     -2484843.82925643      57744.23773100697      
-1479114.267313421     -4312780.934199649     -2489249.113905611     57744.26898100697      
-1515349.514183269     -4308689.516472411     -2493654.171283718     57744.30023100697      
-1551578.981763502     -4304306.217776494     -2498058.999613591     57744.33148100697      
-1587800.179054734     -4299631.21289364      -2502463.59716671      57744.36273100697      
-1624010.623433488     -4294664.698710972     -2506867.962263694     57744.39398100697      
-1660207.8408475       -4289406.89399052      -2511272.093274806     57744.42523100697      
-1696389.365966984     -4283858.039152865     -2515675.988620409     57744.45648100697      
-1732552.742408255     -4278018.396030491     -2520079.646771458     57744.48773100697      
-1768695.522874539     -4271888.247650148     -2524483.066249973     57744.51898100697      
-1804815.26933036      -4265467.898000185     -2528886.245629436     57744.55023100697      
-1840909.553163289     -4258757.671800361     -2533289.183535192     57744.58148100697      
-1876975.955348187     -4251757.914268096     -2537691.878644921     57744.61273100697      
-1913012.0665682       -4244468.990901439     -2542094.329688998     57744.64398100697      
-1949015.487407262     -4236891.287228576     -2546496.535450899     57744.67523100697      
-1984983.828461198     -4229025.20859073      -2550898.494767549     57744.70648100697      
-2020914.710482236     -4220871.179908653     -2555300.206529696     57744.73773100697      
-2056805.76451106      -4212429.64545271      -2559701.669682234     57744.76898100697      
-2092654.632004126     -4203701.068613289     -2564102.883224543     57744.80023100697      
-2128458.964963762     -4194685.931667916     -2568503.846210794     57744.83148100697      
-2164216.426026198     -4185384.735567776     -2572904.55775024      57744.86273100697      
-2199924.688619964     -4175797.999687191     -2577305.017007523     57744.89398100697      
-2235581.437044782     -4165926.261611355     -2581705.223202918     57744.92523100697      
-2271184.366583533     -4155770.076906136     -2586105.175612603     57744.95648100697      
-2306731.183602319     -4145330.018892464     -2590504.873568886     57744.98773100697      
-2342219.605653549     -4134606.678417516     -2594904.316460451     57745.01898100697      
-2377647.361538047     -4123600.663647579     -2599303.503732541     57745.05023100697      
-2413012.191436435     -4112312.599820757     -2603702.434887179     57745.08148100697      
-2448311.846962865     -4100743.129041949     -2608101.109483339     57745.11273100697      
-2483544.091251487     -4088892.910058531     -2612499.527137116     57745.14398100697      
-2518706.699031548     -4076762.618041422     -2616897.687521875     57745.17523100697      
-2553797.456698569     -4064352.944367461     -2621295.590368395     57745.20648100697      
-2588814.162388808     -4051664.596398667     -2625693.235464988     57745.23773100697      
-2623754.626014208     -4038698.297285641     -2630090.622657607     57745.26898100697      
-2658616.669365135     -4025454.785727183     -2634487.751849949     57745.30023100697      
-2693398.126137896     -4011934.81577667      -2638884.623003528     57745.33148100697      
-2728096.841994504     -3998139.15662752      -2643281.23613774      57745.36273100697      
-2762710.674611762     -3984068.592404798     -2647677.591329916     57745.39398100697      
-2797237.493726912     -3969723.921958577     -2652073.688715361     57745.42523100697      
-2831675.181186842     -3955105.958654079     -2656469.528487376     57745.45648100697      
-2866021.630959368     -3940215.530188302     -2660865.110897256     57745.48773100697      
-2900274.749210618     -3925053.47835928      -2665260.436254299     57745.51898100697      
-2934432.454309891     -3909620.658886321     -2669655.504925775     57745.55023100697      
-2968492.67686614      -3893917.941207682     -2674050.317336892     57745.58148100697      
-3002453.359754526     -3877946.208285094     -2678444.873970752     57745.61273100697      
-3036312.45814002      -3861706.356410266     -2682839.175368282     57745.64398100697      
-3070067.939504822     -3845199.295008102     -2687233.222128162     57745.67523100697      
-3103717.783639561     -3828425.946468534     -2691627.014906722     57745.70648100697      
-3137259.982698715     -3811387.245927416     -2696020.554417854     57745.73773100697      
-3170692.541186363     -3794084.141102437     -2700413.841432881     57745.76898100697      
-3204013.475972901     -3776517.592104771     -2704806.876780424     57745.80023100697      
-3237220.816302535     -3758688.571258153     -2709199.661346263     57745.83148100697      
-3270312.603798341     -3740598.06292014      -2713592.196073167     57745.86273100697      
-3303286.892471367     -3722247.063299858     -2717984.48196073      57745.89398100697      
-3336141.748695291     -3703636.580306393     -2722376.520065171     57745.92523100697      
-3368875.251243224     -3684767.6333427       -2726768.311499148     57745.95648100697      
-3401485.49125789      -3665641.253158354     -2731159.85743153      57745.98773100697      
-3433970.572251992     -3646258.481676325     -2735551.159087185     57746.01898100697      
-3466328.610100067     -3626620.371827661     -2739942.217746721     57746.05023100697      
-3498557.733028397     -3606727.987388445     -2744333.034746247     57746.08148100697      
-3530656.081609164     -3586582.402813019     -2748723.611477105     57746.11273100697      
-3562621.808722        -3566184.703099649     -2753113.949385583     57746.14398100697      
-3594453.079575406     -3545535.983598288     -2757504.049972635     57746.17523100697      
-3626148.071664752     -3524637.349880753     -2761893.914793563     57746.20648100697      
-3657704.974759554     -3503489.91758323      -2766283.545457712     57746.23773100697      
-3689121.990882966     -3482094.812257064     -2770672.94362814      57746.26898100697      
-3720397.33428978      -3460453.169221872     -2775062.111021268     57746.30023100697      
-3751529.231442965     -3438566.133420973     -2779451.049406536     57746.33148100697      
-3782515.920994631     -3416434.8592727       -2783839.760606033     57746.36273100697      
-3813355.653736567     -3394060.510556114     -2788228.246494119     57746.39398100697      
-3844046.692607798     -3371444.260234947     -2792616.508997045     57746.42523100697      
-3874587.312642554     -3348587.290347828     -2797004.550092544     57746.45648100697      
-3904975.800946306     -3325490.791868848     -2801392.371809421     57746.48773100697      
-3935210.456664879     -3302155.964576819     -2805779.97622713      57746.51898100697      
-3965289.590952498     -3278584.01692679      -2810167.365475349     57746.55023100697      
-3995211.526938859     -3254776.165923834     -2814554.541733516     57746.58148100697      
-4024974.599700734     -3230733.636992324     -2818941.507230393     57746.61273100697      
-4054577.156205373     -3206457.66388133      -2823328.264243591     57746.64398100697      
-4084017.555307803     -3181949.48850458      -2827714.815099091     57746.67523100697      
-4113294.167692562     -3157210.360850225     -2832101.16217076      57746.70648100697      
-4142405.37584214      -3132241.538859074     -2836487.307879854     57746.73773100697      
-4171349.573999273     -3107044.288311752     -2840873.254694506     57746.76898100697      
-4200125.168128601     -3081619.882718063     -2845259.005129214     57746.80023100697      
-4228730.575877771     -3055969.603208476     -2849644.561744309     57746.83148100697      
-4257164.226543077     -3030094.738420678     -2854029.927145425     57746.86273100697      
-4285424.561009202     -3003996.584423796     -2858415.103982941     57746.89398100697      
-4313510.031739497     -2977676.444573679     -2862800.094951441     57746.92523100697      
-4341419.102714785     -2951135.629441242     -2867184.90278913      57746.95648100697      
-4369150.249397459     -2924375.456707458     -2871569.530277283     57746.98773100697      
-4396701.958690091     -2897397.251067444     -2875953.980239643     57747.01898100697      
-4424072.728893837     -2870202.344136606     -2880338.255541839     57747.05023100697      
-4451261.069666603     -2842792.074358784     -2884722.359090789     57747.08148100697      
-4478265.501985731     -2815167.786908932     -2889106.293834084     57747.11273100697      
-4505084.558087074     -2787330.833634945     -2893490.062759385     57747.14398100697      
-4531716.781451031     -2759282.572927156     -2897873.668893781     57747.17523100697      
-4558160.726741373     -2731024.369663942     -2902257.115303176     57747.20648100697      
-4584414.95976767      -2702557.595122152     -2906640.405091638     57747.23773100697      
-4610478.057443025     -2673883.626896835     -2911023.541400761     57747.26898100697      
-4636348.607741817     -2645003.848822782     -2915406.527409005     57747.30023100697      
-4662025.209657578     -2615919.650897908     -2919789.366331038     57747.33148100697      
-4687506.473160964     -2586632.429208415     -2924172.061417067     57747.36273100697      
-4712791.019162101     -2557143.585847951     -2928554.61595217      57747.39398100697      
-4737877.479451975     -2527454.528877344     -2932937.033255608     57747.42523100697      
-4762764.496686453     -2497566.672208455     -2937319.316680143     57747.45648100697      
-4787450.724328009     -2467481.435567243     -2941701.469611341     57747.48773100697      
-4811934.826609085     -2437200.24441976      -2946083.495466877     57747.51898100697      
-4836215.478491428     -2406724.529907517     -2950465.39769583      57747.55023100697      
-4860291.365625806     -2376055.728784462     -2954847.179777969     57747.58148100697      
-4884161.184312062     -2345195.283355524     -2959228.845223043     57747.61273100697      
-4907823.641459565     -2314144.641416718     -2963610.397570054     57747.64398100697      
-4931277.454551808     -2282905.256188692     -2967991.840386533     57747.67523100697      
-4954521.351592686     -2251478.586292091     -2972373.177267818     57747.70648100697      
-4977554.071090864     -2219866.095643812     -2976754.411836306     57747.73773100697      
-5000374.362006878     -2188069.253435192     -2981135.54774072      57747.76898100697      
-5022980.983719691     -2156089.534071399     -2985516.588655361     57747.80023100697      
-5045372.705989954     -2123928.417120223     -2989897.538279365     57747.83148100697      
-5067548.308923832     -2091587.387262231     -2994278.400335946     57747.86273100697      
-5089506.582937391     -2059067.934242229     -2998659.178571644     57747.89398100697      
-5111246.328721567     -2026371.552822015     -3003039.876755562     57747.92523100697      
-5132766.357210996     -1993499.742726067     -3007420.498678604     57747.95648100697      
-5154065.489537182     -1960454.008630127     -3011801.048152715     57747.98773100697      
-5175142.557014974     -1927235.860067694     -3016181.529010101     57748.01898100697      
-5195996.401096912     -1893846.811420933     -3020561.945102463     57748.05023100697      
-5216625.873344705     -1860288.381871145     -3024942.300300228     57748.08148100697      
-5237029.835398084     -1826562.095358649     -3029322.598491758     57748.11273100697      
-5257207.158944361     -1792669.48054377      -3033702.843582585     57748.14398100697      
-5277156.725688696     -1758612.07076887      -3038083.039494619     57748.17523100697      
-5296877.427325103     -1724391.404021416     -3042463.190165373     57748.20648100697      
-5316368.16550817      -1690009.022898046     -3046843.299547173     57748.23773100697      
-5335627.851828233     -1655466.474561003     -3051223.371606369     57748.26898100697      
-5354655.40777387      -1620765.310738511     -3055603.410322554     57748.30023100697      
-5373449.764722134     -1585907.087640109     -3059983.41968777      57748.33148100697      
-5392009.863902479     -1550893.365958781     -3064363.403705716     57748.36273100697      
-5410334.656375086     -1515725.710831006     -3068743.36639096      57748.39398100697      
-5428423.103007249     -1480405.691806233     -3073123.311768147     57748.42523100697      
-5446274.174450569     -1444934.882817137     -3077503.243871202     57748.45648100697      
-5463886.851118964     -1409314.862150667     -3081883.166742548     57748.48773100697      
-5481260.123167489     -1373547.212419799     -3086263.084432298     57748.51898100697      
-5498392.990471997     -1337633.520536004     -3090643.000997471     57748.55023100697      
-5515284.462609617     -1301575.377682486     -3095022.920501199     57748.58148100697      
-5531933.558842086     -1265374.379279171     -3099402.847011931     57748.61273100697      
-5548339.308089744     -1229032.124992562     -3103782.784602642     57748.64398100697      
-5564500.74892688      -1192550.218657778     -3108162.737350043     57748.67523100697      
-5580416.929557285     -1155930.268289565     -3112542.709333786     57748.70648100697      
-5596086.907801039     -1119173.886049683     -3116922.704635681     57748.73773100697      
-5611509.751080049     -1082282.688223654     -3121302.727338899     57748.76898100697      
-5626684.536404463     -1045258.29519801      -3125682.781527192     57748.80023100697      
-5641610.350359906     -1008102.331438008     -3130062.871284104     57748.83148100697      
-5656286.289095604     -970816.425465806      -3134443.000692184     57748.86273100697      
-5670711.458313334     -933402.2098390517     -3138823.173832207     57748.89398100697      
-5684884.973257246     -895861.3211298729     -3143203.394782389     57748.92523100697      
-5698805.958705902     -858195.3998951863     -3147583.667617615     57748.95648100697      
-5712473.548958274     -820406.0906926062     -3151963.996408658     57748.98773100697      
-5725886.88783449      -782495.0420062045     -3156344.385221402     57749.01898100697      
-5739045.128663411     -744463.9062630052     -3160724.838116078     57749.05023100697      
-5751947.434278139     -706314.3398045558     -3165105.359146488     57749.08148100697      
-5764592.977010904     -668048.0028677786     -3169485.952359241     57749.11273100697      
-5776980.93868883      -629666.559566058      -3173866.621792994     57749.14398100697      
-5789110.51063052      -591171.6778705224     -3178247.371477679     57749.17523100697      
-5800980.893643465     -552565.0295915134     -3182628.205433766     57749.20648100697      
-5812591.298022293     -513848.2903602072     -3187009.127671487     57749.23773100697      
-5823940.943547834     -475023.1396103774     -3191390.142190106     57749.26898100697      
-5835029.059487683     -436091.2605510555     -3195771.252977155     57749.30023100697      
-5845854.884594087     -397054.3401853123     -3200152.464007708     57749.33148100697      
-5856417.667109747     -357914.0692370831     -3204533.779243627     57749.36273100697      
-5866716.664767178     -318672.1421700408     -3208915.202632834     57749.39398100697      
-5876751.144792543     -279330.257160505      -3213296.738108583     57749.42523100697      
-5886520.383909517     -239890.1160795575     -3217678.389588724     57749.45648100697      
-5896023.668343939     -200353.4244751408     -3222060.160974993     57749.48773100697      
-5905260.29382922      -160721.8915541207     -3226442.056152286     57749.51898100697      
-5914229.565612517     -120997.2301642982     -3230824.078987945     57749.55023100697      
-5922930.798461661     -81181.15677634424     -3235206.233331056     57749.58148100697      
-5931363.316672825     -41275.39146564309     -3239588.523011743     57749.61273100697      
-5939526.454078921     -1281.65789402472      -3243970.951840468     57749.64398100697      
-5947419.554058734     38798.31670863625      -3248353.523607338     57749.67523100697      
-5955041.969546644     78962.80157229461      -3252736.242081418     57749.70648100697      
-5962393.063043591     119210.0623681454      -3257119.111010047     57749.73773100697      
-5969472.206627774     159538.3612834689      -3261502.134118165     57749.76898100697      
-5976278.781966895     199945.9570034406      -3265885.315107634     57749.80023100697      
-5982812.180330671     240431.10473977        -3270268.657656574     57749.83148100697      
-5989071.802604128     280992.0562502554      -3274652.165418706     57749.86273100697      
-5995057.059301497     321627.0598585886      -3279035.842022697     57749.89398100697      
-6000767.370580787     362334.3604744268      -3283419.691071508     57749.92523100697      
-6006202.166258956     403112.1996137492      -3287803.716141751     57749.95648100697      
-6011360.885827721     443958.8154195105      -3292187.920783055     57749.98773100697      
-6016242.978469963     484872.442682606       -3296572.308517435     57750.01898100697      
-6020847.903076741     525851.3128631697      -3300956.88283867      57750.05023100697      
-6025175.128264851     566893.6541122082      -3305341.647211679     57750.08148100697      
-6029224.132394997     607997.6912935951      -3309726.605071918     57750.11273100697      
-6032994.403589468     649161.6460158147      -3314111.759824768     57750.14398100697      
-6036485.439755378     690383.7366171816      -3318497.114844947     57750.17523100697      
-6039696.748598556     731662.178245269       -3322882.673475904     57750.20648100697      
-6042627.847647698     772995.1828429373      -3327268.439029249     57750.23773100697      
-6045278.264274205     814380.9591816808      -3331654.414784168     57750.26898100697      
-6047647.535713474     855817.7128860352      -3336040.603986852     57750.30023100697      
-6049735.209086648     897303.6464584213      -3340427.00984994      57750.33148100697      
-6051540.841422838     938836.9593044503      -3344813.635551955     57750.36273100697      
-6053063.999681782     980415.8477586905      -3349200.484236757     57750.39398100697      
-6054304.260776946     1022038.505110914      -3353587.559013008     57750.42523100697      
-6055261.21159904      1063703.121632829      -3357974.862953626     57750.45648100697      
-6055934.449039937     1105407.884605308      -3362362.399095266     57750.48773100697      
-6056323.580016984     1147150.978346128      -3366750.170437799     57750.51898100697      
-6056428.221497682     1188930.584238213      -3371138.179943797     57750.55023100697      
-6056248.000524731     1230744.880758418      -3375526.43053803      57750.58148100697      
-6055782.55424143      1272592.043506833      -3379914.92510697      57750.61273100697      
-6055031.529915354     1314470.245245981      -3384303.666498304     57750.64398100697      
-6053994.584972456     1356377.655893815      -3388692.657520439     57750.67523100697      
-6052671.387011413     1398312.44261078       -3393081.90094205      57750.70648100697      
-6051061.61383818      1440272.769793923      -3397471.399491595     57750.73773100697      
-6049164.953490908     1482256.799118329      -3401861.155856871     57750.76898100697      
-6046981.104267113     1524262.689569785      -3406251.172684551     57750.80023100697      
-6044509.774751039     1566288.597478031      -3410641.452579753     57750.83148100697      
-6041750.683841296     1608332.676550587      -3415031.9981056       57750.86273100697      
-6038703.560778672     1650393.077907187      -3419422.811782794     57750.89398100697      
-6035368.145174151     1692467.9501148        -3423813.896089201     57750.92523100697      
-6031744.187037117     1734555.439223265      -3428205.253459439     57750.95648100697      
-6027831.446803707     1776653.688801528      -3432596.886284481     57750.98773100697      
-6023629.695365327     1818760.839974489      -3436988.796911252     57751.01898100697      
-6019138.714097288     1860875.03146047       -3441380.987642256     57751.05023100697      
-6014358.294887568     1902994.3996093        -3445773.460735188     57751.08148100697      
-6009288.24016568      1945117.078441021      -3450166.218402577     57751.11273100697      
-6003928.362931607     1987241.199685222      -3454559.262811414     57751.14398100697      
-5998278.486784836     2029364.892820995      -3458952.596082813     57751.17523100697      
-5992338.445950249     2071486.285126717      -3463346.220291657     57751.20648100697      
-5986108.085319885     2113603.501684496      -3467740.137466265     57751.23773100697      
-5979587.260463214     2155714.665477203      -3472134.349588073     57751.26898100697      
-5972775.837668808     2197817.897394158      -3476528.858591311     57751.30023100697      
-5965673.693970369     2239911.316283458      -3480923.666362692     57751.33148100697      
-5958280.717175865     2281993.03899573       -3485318.774741115     57751.36273100697      
-5950596.805896625     2324061.18042853       -3489714.18551737      57751.39398100697      
-5942621.869576371     2366113.853571357      -3494109.900433857     57751.42523100697      
-5934355.828520209     2408149.16955133       -3498505.921184306     57751.45648100697      
-5925798.61392352      2450165.237679475      -3502902.249413517     57751.48773100697      
-5916950.167900771     2492160.16549766       -3507298.886717098     57751.51898100697      
-5907810.443514203     2534132.058826148      -3511695.834641213     57751.55023100697      
-5898379.404802411     2576079.021811798      -3516093.094682351     57751.58148100697      
-5888657.026808767     2617999.156976876      -3520490.668287083     57751.61273100697      
-5878643.295609707     2659890.565268504      -3524888.556851843     57751.64398100697      
-5868338.208342848     2701751.346108732      -3529286.761722718     57751.67523100697      
-5857741.773234912     2743579.597445217      -3533685.284195234     57751.70648100697      
-5846854.009629466     2785373.415802539      -3538084.125514161     57751.73773100697      
-5835674.948014447     2827130.896334115      -3542483.286873328     57751.76898100697      
-5824204.630049474     2868850.132874731      -3546882.769415436     57751.80023100697      
-5812443.108592908     2910529.217993685      -3551282.574231891     57751.83148100697      
-5800390.44772867      2952166.243048514      -3555682.702362647     57751.86273100697      
-5788046.722792798     2993759.298239343      -3560083.154796034     57751.89398100697      
-5775412.020395085     3035306.472672592      -3564483.932468633     57751.92523100697      
-5762486.438463526     3076805.854381325      -3568885.036265117     57751.95648100697      
-5749270.086242411     3118255.530434142      -3573286.467018146     57751.98773100697      
-5735763.084336017     3159653.586956641      -3577688.225508234     57752.01898100697      
-5721965.56472908      3200998.109197468      -3582090.312463637     57752.05023100697      
-5707877.670811491     3242287.181586138      -3586492.728560256     57752.08148100697      
-5693499.557402628     3283518.887791399      -3590895.474421536     57752.11273100697      
-5678831.390775344     3324691.310780158      -3595298.550618385     57752.14398100697      
-5663873.348679559     3365802.532876951      -3599701.957669105     57752.17523100697      
-5648625.620365463     3406850.635823947      -3604105.696039307     57752.20648100697      
-5633088.406606325     3447833.700841491      -3608509.766141864     57752.23773100697      
-5617261.919720884     3488749.808689155      -3612914.168336852     57752.26898100697      
-5601146.383595319     3529597.039727324      -3617318.902931516     57752.30023100697      
-5584742.033704776     3570373.473979272      -3621723.970180224     57752.33148100697      
-5568049.117134467     3611077.191193758      -3626129.370284451     57752.36273100697      
-5551067.892600282     3651706.270908088      -3630535.103392759     57752.39398100697      
-5533798.63046897      3692258.792511677      -3634941.169600786     57752.42523100697      
-5516241.612777811     3732732.835310086      -3639347.568951243     57752.45648100697      
-5498397.133253823     3773126.478589508      -3643754.301433933     57752.48773100697      
-5480265.497332449     3813437.801681726      -3648161.36698575      57752.51898100697      
-5461847.022175767     3853664.88402951       -3652568.765490719     57752.55023100697      
-5443142.036690156     3893805.805252442      -3656976.496780021     57752.58148100697      
-5424150.881543457     3933858.645213188      -3661384.560632033     57752.61273100697      
-5404873.909181578     3973821.484084174      -3665792.956772385     57752.64398100697      
-5385311.483844588     4013692.402414662      -3670201.684874006     57752.67523100697      
-5365463.981582222     4053469.481198238      -3674610.7445572       57752.70648100697      
-5345331.79026886      4093150.801940673      -3679020.135389711     57752.73773100697      
-5324915.309617914     4132734.44672817       -3683429.856886812     57752.76898100697      
-5304214.951195667     4172218.498295969      -3687839.908511395     57752.80023100697      
-5283231.138434496     4211601.040097302      -3692250.289674062     57752.83148100697      
-5261964.306645536     4250880.156372698      -3696660.999733235     57752.86273100697      
-5240414.903030732     4290053.932219628      -3701072.037995277     57752.89398100697      
-5218583.386694293     4329120.453662438      -3705483.403714598     57752.92523100697      
-5196470.22865353      4368077.807722633      -3709895.096093801     57752.95648100697      
-5174075.911849094     4406924.08248942       -3714307.114283815     57752.98773100697      
-5151400.931154581     4445657.367190565      -3718719.457384032     57753.01898100697      
-5128445.793378726     4484275.752271255      -3723132.124442482     57753.05023100697      
-5105211.017300824     4522777.329434461      -3727545.114455952     57753.08148100697      
-5081697.133637927     4561160.191759153      -3731958.426370209     57753.11273100697      
-5057904.685078872     4599422.433741065      -3736372.059080143     57753.14398100697      
-5033834.226283975     4637562.151372591      -3740786.011429956     57753.17523100697      
-5009486.323890806     4675577.442215079      -3745200.282213361     57753.20648100697      
-4984861.556519319     4713466.405471346      -3749614.870173775     57753.23773100697      
-4959960.514776308     4751227.142058375      -3754029.774004532     57753.26898100697      
-4934783.8012592       4788857.75468018       -3758444.992349091     57753.30023100697      
-4909332.030559216     4826356.347900855      -3762860.523801263     57753.33148100697      
-4883605.829263827     4863721.028217759      -3767276.366905443     57753.36273100697      
-4857605.835958552     4900949.904134836      -3771692.520156835     57753.39398100697      
-4831332.701228105     4938041.086236075      -3776108.982001713     57753.42523100697      
-4804787.087656835     4974992.687259073      -3780525.750837658     57753.45648100697      
-4777969.669828527     5011802.822168701      -3784942.825013824     57753.48773100697      
-4750881.134325488     5048469.608230858      -3789360.202831204     57753.51898100697      
-4723522.179727001     5084991.165086293      -3793777.882542902     57753.55023100697      
-4695893.516607052     5121365.614824513      -3798195.862354411     57753.58148100697      
-4667995.867531419     5157591.0820577        -3802614.140423902     57753.61273100697      
-4639829.967054061     5193665.693994698      -3807032.714862519     57753.64398100697      
-4611396.561712839     5229587.580515021      -3811451.58373468      57753.67523100697      
-4582696.410024544     5265354.874242845      -3815870.745058385     57753.70648100697      
-4553730.282479276     5300965.71062104       -3820290.196805527     57753.73773100697      
-4524498.96153411      5336418.22798514       -3824709.936902224     57753.76898100697      
-4495003.241606115     5371710.567637328      -3829129.963229133     57753.80023100697      
-4465243.929064703     5406840.873920358      -3833550.273621798     57753.83148100697      
-4435221.842223269     5441807.294291422      -3837970.865870987     57753.86273100697      
-4404937.811330212     5476607.979395975      -3842391.737723037     57753.89398100697      
-4374392.678559251     5511241.083141455      -3846812.886880217     57753.92523100697      
-4343587.297999094     5545704.762770928      -3851234.311001081     57753.95648100697      
-4312522.535642452     5579997.178936627      -3855656.007700843     57753.98773100697      
-4281199.269374368     5614116.495773382      -3860077.974551745     57754.01898100697      
-4249618.388959929     5648060.880971905      -3864500.209083443     57754.05023100697      
-4217780.7960313       5681828.505851964      -3868922.708783393     57754.08148100697      
-4185687.404074125     5715417.545435381      -3873345.471097244     57754.11273100697      
-4153339.138413286     5748826.17851888       -3877768.493429231     57754.14398100697      
-4120736.936198009     5782052.587746749      -3882191.773142594     57754.17523100697      
-4087881.746386369     5815094.959683326      -3886615.307559975     57754.20648100697      
-4054774.529729141     5847951.48488529       -3891039.093963848     57754.23773100697      
-4021416.258753045     5880620.35797373       -3895463.129596934     57754.26898100697      
-3987807.917743366     5913099.777705985      -3899887.411662635     57754.30023100697      
-3953950.502725972     5945387.947047278      -3904311.937325465     57754.33148100697      
-3919845.021448734     5977483.073242091      -3908736.703711498     57754.36273100697      
-3885492.49336233      6009383.367885278      -3913161.707908805     57754.39398100697      
-3850893.949600486     6041087.046992923      -3917586.94696792      57754.42523100697      
-3816050.432959615     6072592.331072923      -3922012.417902282     57754.45648100697      
-3780962.997877886     6103897.445195267      -3926438.117688713     57754.48773100697      
-3745632.710413731     6135000.61906205       -3930864.043267875     57754.51898100697      
-3710060.648223798     6165900.087077146      -3935290.191544756     57754.55023100697      
-3674247.900540323     6196594.088415575      -3939716.559389144     57754.58148100697      
-3638195.568148002     6227080.867092551      -3944143.143636106     57754.61273100697      
-3601904.763360294     6257358.672032187      -3948569.941086493     57754.64398100697      
-3565376.609995213     6287425.757135846      -3952996.948507422     57754.67523100697      
-3528612.243350612     6317280.381350154      -3957424.162632782     57754.70648100697      
-3491612.810178937     6346920.808734628      -3961851.580163744     57754.73773100697      
-3454379.468661505     6376345.308528947      -3966279.197769268     57754.76898100697      
-3416913.388382282     6405552.155219816      -3970707.012086613     57754.80023100697      
-3379215.750301188     6434539.628607477      -3975135.019721867     57754.83148100697      
-3341287.746726929     6463306.013871788      -3979563.217250469     57754.86273100697      
-3303130.58128938      6491849.601637907      -3983991.601217733     57754.89398100697      
-3264745.468911513     6520168.688041561      -3988420.168139397     57754.92523100697      
-3226133.635780894     6548261.574793894      -3992848.914502147     57754.95648100697      
-3187296.319330634     6576126.569241099      -3997277.83676416      57754.98773100697      
-3148234.768170549     6603761.984447565      -4001706.931355687     57755.01898100697      
-3108950.242116598     6631166.139230579      -4006136.194679554     57755.05023100697      
-3069444.012121326     6658337.358242702      -4010565.623111749     57755.08148100697      
-3029717.360253192     6685273.972029527      -4014995.21300198      57755.11273100697      
-2989771.579665678     6711974.317091881      -4019424.960674239     57755.14398100697      
-2949607.974566055     6738436.735947512      -4023854.862427372     57755.17523100697      
-2909227.860183789     6764659.577192289      -4028284.914535652     57755.20648100697      
-2868632.562738626     6790641.19556097       -4032715.113249356     57755.23773100697      
-2827823.41940836      6816379.951987454      -4037145.454795348     57755.26898100697      
-2786801.778296284     6841874.213664535      -4041575.935377665     57755.30023100697      
-2745568.998398359     6867122.354103202      -4046006.551178105     57755.33148100697      
-2704126.449570098     6892122.7531914        -4050437.298356828     57755.36273100697      
-2662475.512493178     6916873.7972523        -4054868.173052932     57755.39398100697      
-2620617.578641801     6941373.879102089      -4059299.171385082     57755.42523100697      
-2578554.050248818     6965621.398107213      -4063730.289452084     57755.45648100697      
-2536286.340271621     6989614.760241148      -4068161.523333516     57755.48773100697      
-2493815.87235782      7013352.378140607      -4072592.869090327     57755.51898100697      
-2451144.08081072      7036832.671161293      -4077024.322765456     57755.55023100697      
-2408272.41055461      7060054.065433085      -4081455.880384441     57755.58148100697      
-2365202.317099886     7083014.993914713      -4085887.53795605      57755.61273100697      
-2321935.266508        7105713.896447922      -4090319.291472896     57755.64398100697      
-2278472.735356281     7128149.219811114      -4094751.136912063     57755.67523100697      
-2234816.21070261      7150319.417772464      -4099183.070235747     57755.70648100697      
-2190967.190049983     7172222.951142485      -4103615.087391873     57755.73773100697      
-2146927.181310975     7193858.287826112      -4108047.184314732     57755.76898100697      
-2102697.702772107     7215223.902874241      -4112479.356925633     57755.80023100697      
-2058280.283058148     7236318.278534736      -4116911.601133524     57755.83148100697      
-2013676.461096341     7257139.904302925      -4121343.912835644     57755.86273100697      
-1968887.786080603     7277687.276971566      -4125776.287918167     57755.89398100697      
-1923915.817435674     7297958.900680313      -4130208.72225685      57755.92523100697      
-1878762.124781263     7317953.286964618      -4134641.211717678     57755.95648100697      
-1833428.287896181     7337668.954804172      -4139073.752157527     57755.98773100697      
-1787915.896682492     7357104.430670796      -4143506.339424804     57756.01898100697      
-1742226.551129682     7376258.248575815      -4147938.969360107     57756.05023100697      
-1696361.861278883     7395128.950116972      -4152371.637796891     57756.08148100697      
-1650323.447198272     7413715.084522299      -4156804.340562108     57756.11273100697      
-1604112.93890287      7432015.208705943      -4161237.07347691      57756.14398100697      
-1557731.976385743     7450027.887298553      -4165669.832357262     57756.17523100697      
-1511182.20953802      7467751.692702209      -4170102.613014631     57756.20648100697      
-1464465.298124647     7485185.205132292      -4174535.411256656     57756.23773100697      
-1417582.911749143     7502327.012661424      -4178968.222887808     57756.26898100697      
-1370536.729818488     7519175.711262858      -4183401.043710062     57756.30023100697      
-1323328.441508188     7535729.904853496      -4187833.869523571     57756.33148100697      
-1275959.745727483     7551988.205336343      -4192266.696127329     57756.36273100697      
-1228432.351084753     7567949.232642584      -4196699.519319852     57756.39398100697      
-1180747.975853122     7583611.614773157      -4201132.334899845     57756.42523100697      
-1132908.347936262     7598973.987839906      -4205565.138666886     57756.45648100697      
-1084915.20483443      7614034.996106294      -4209997.926422093     57756.48773100697      
-1036770.293610739     7628793.29202767       -4214430.693968801     57756.51898100697      
-988475.3708576829     7643247.536291142      -4218863.437113246     57756.55023100697      
-940032.2026639224     7657396.39785502       -4223296.151665232     57756.58148100697      
-891442.564581356      7671238.553987866      -4227728.833438823     57756.61273100697      
-842708.2415924801     7684772.690307134      -4232161.478253012     57756.64398100697      
-793831.0280780519     7697997.50081744       -4236594.081932391     57756.67523100697      
-744812.727785076      7710911.687948463      -4241026.640307858     57756.70648100697      
-695655.1537951123     7723513.96259245       -4245459.149217262     57756.73773100697      
-646360.1284929395     7735803.044141418      -4249891.604506109     57756.76898100697      
-596929.4835472321     7747777.660523079      -4254324.00202822      57756.80023100697      
-547365.0598332959     7759436.548240958      -4258756.337646447     57756.83148100697      
-497668.7074727749     7770778.452405052      -4263188.607233301     57756.86273100697      
-447842.2857571999     7781802.126771446      -4267620.806671656     57756.89398100697      
-397887.6631301958     7792506.33377694       -4272052.93185543      57756.92523100697      
-347806.717158464      7802889.844574348      -4276484.978690263     57756.95648100697      
-297601.3345031855     7812951.439067508      -4280916.943094183     57756.98773100697      
-277856.7060349862     7816813.431275392      -4282656.943364655     57757.00000000001      
