SC1.Luna.VelApoapsis      
0.1091785412360906        
0.1091782515610215        
0.1091758021520132        
0.109171867102999         
0.0351901305396892        
0.0195384550638742        
0.01954353205915476       
0.01958368820178027       
0.01981312346614605       
0.02004380491957855       
0.02027552017762111       
0.02050805807522775       
0.02074120886785634       
0.02097476440176419       
0.02120851826895149       
0.02144226595727432       
0.02167580497816314       
0.02190893498845314       
0.02214145790160977       
0.02237317799194596       
0.02260390198495771       
0.02283343915996671       
0.02306160142038052       
0.02328820338157537       
0.0235130624562697        
0.02373599891434543       
0.02395683596997953       
0.02417539984828543       
0.02439151985993674       
0.02460502846808436       
0.02481576136854044       
0.02502355755794529       
0.02522825940945315       
0.02542971275005329       
0.02562776693140568       
0.02582227492493186       
0.0260130933859121        
0.02620008274647528       
0.02638310731197659       
0.02656203533286628       
0.02673673911453324       
0.0269070951075154        
0.02707298401166895       
0.02723429087384702       
0.02739090521411972       
0.02754272112021319       
0.02768963737559266       
0.0278315575935368        
0.02796839032537737       
0.02810004922245689       
0.02822645315736501       
0.02834752638450564       
0.02846319870972563       
0.02857340563773671       
0.02867808856967111       
0.02877719498597935       
0.02887067865408035       
0.02895849983949233       
0.02904062556150862       
0.02911702982741271       
0.02918769392220627       
0.02925260672570321       
0.02931176502840516       
0.02936517391581791       
0.02941284719672383       
0.02945480784754187       
0.02949108856250674       
0.02952173234832114       
0.02954679321997534       
0.02956633700485781       
0.02958044228479347       
0.02958920149582613       
0.02959272227357247       
0.02959112902262919       
0.02958456487533686       
0.02957319411147915       
0.02955720514986977       
0.02953681441939551       
0.02951227134551267       
0.02948386496226094       
0.02945193290949047       
0.02941687396554015       
0.02937916615688205       
0.02933939397314402       
0.02929829147370294       
0.02925681505175814       
0.02921627775329833       
0.02917863025719416       
0.02915020689576065       
0.02913762315207809       
0.02913103482989446       
0.02912893636080037       
0.02912891059891212       
0.02913031687034434       
0.02913267904452028       
0.02913574850502462       
0.02913950581311528       
0.02914284192769717       
0.02914626586580929       
0.02914957019340074       
0.02915235102709925       
0.02915547213090337       
0.02915828495304073       
0.02916083679106635       
0.02916295177541204       
0.02916515309915693       
0.02916705818533433       
0.02916910574764169       
0.02917143334250957       
0.02917416564787349       
0.02917753154763383       
0.02918197194031656       
0.02918781239073696       
0.02919576357818174       
0.02920686683868969       
0.02922264158526608       
0.02924530961927821       
0.02927812764229588       
0.02932585995598197       
0.02939546428735527       
0.02947896969938601       
0.02956767783382956       
0.02966071531132269       
0.02975744019746865       
0.0298573580163563        
0.0299600738772989        
0.03006526324512246       
0.03017265302739587       
0.03028200881311923       
0.03039312599191894       
0.03050582333544473       
0.03061993826731047       
0.0307353233422125        
0.0308518435109649        
0.03096937402513318       
0.03108779877845947       
0.03120700900180315       
0.03132690218973225       
0.03144738127339951       
0.03156835391824885       
0.03168973194981986       
0.03181143091331597       
0.03193336967511212       
0.03205547011913141       
0.03217765688672777       
0.03229985717257032       
0.03242200054328279       
0.03254401880250645       
0.03266584588418835       
0.03278741774724639       
0.03290867232451151       
0.03302954946068232       
0.03314999086562143       
0.03326994010509964       
0.03338934256963276       
0.03350814547379283       
0.033626297853631         
0.03374375057942256       
0.03386045635403263       
0.03397636974523384       
0.03409144719836801       
0.03420564705279877       
0.03431892958127921       
0.03443125701017394       
0.03454259354186351       
0.03465290539811295       
0.03476216083704135       
0.03487033019324409       
0.03497738589479037       
0.03508330250479603       
0.0351880567423718        
0.03529162750282184       
0.03539399589381292       
0.03549514524670717       
0.03559506114063809       
0.03569373141728225       
0.03579114619881091       
0.03588729788895453       
0.03598218119096825       
0.03607579310563884       
0.0361681329259824        
0.03625920224177103       
0.03634900492532814       
0.03643754711342566       
0.03652483719792211       
0.03661088579412121       
0.03669570571542408       
0.03677931193768579       
0.03686172156263627       
0.03694295376543299       
0.03702302975161346       
0.03710197269602217       
0.03717980767629094       
0.03725656161102506       
0.03733226317743938       
0.03740694273465774       
0.03748063223184557       
0.03755336511566186       
0.03762517623146252       
0.03769610171121529       
0.03776617886664925       
0.03783544606706145       
0.03790394261170619       
0.03797170860418558       
0.0380387848109624        
0.038105212521065         
0.03817103339756909       
0.03823628932655014       
0.03830102225520347       
0.03831733804711625       
0.03831876826214491       
0.03832995043343092       
0.03839399957649876       
0.03845762771305798       
0.03852087574244872       
0.03858378387795241       
0.0386463914659923        
0.03870873680964555       
0.03877085698498512       
0.03883278765654085       
0.03889456289641557       
0.03895621499751284       
0.03901777429085113       
0.03907926896321417       
0.03914072487483514       
0.03920216538209149       
0.03926361115967075       
0.03932508003029911       
0.03938658679559617       
0.03944814307237595       
0.03950975713656047       
0.03957143377061322       
0.03963317411971323       
0.03969497555472228       
0.03975683154386989       
0.03981873153221941       
0.0398806608319963        
0.03994260052169954       
0.04000452735613904       
0.04006641368772656       
0.04012822739907332       
0.04018993184763764       
0.04025148582282993       
0.04031284351599823       
0.0403739545034028        
0.0404347637431801        
0.04049521158538947       
0.04055523379671582       
0.04061476159938394       
0.04067372172429967       
0.04073203647910897       
0.04078962383051719       
0.04084639750282496       
0.04090226708944797       
0.04095713818108015       
0.0410109125093205        
0.04106348810341388       
0.04111475946444656       
0.04116461775441003       
0.0412129510002017        
0.0412596443140987        
0.04130458012903369       
0.04134763845268379       
0.04138869713433938       
0.04142763215205798       
0.04146431791674277       
0.04149862759392615       
0.041530433446128         
0.04155960719457395       
0.04158602040673971       
0.04160954490326065       
0.04163005319566453       
0.04164741895426066       
0.04166151750551401       
0.04167222637215012       
0.04167942585615226       
0.04168299967211538       
0.04168283564228054       
0.04167882646142126       
0.04167087055192992       
0.04165887301643478       
0.04164274672269492       
0.04162241354333476       
0.04159780578909734       
0.04156886788805667       
0.04153555837341782       
0.04149785227460725       
0.04145574401961478       
0.041409251025036         
0.04135841819501915       
0.04130332365465618       
0.04124408619129017       
0.0411808750996738        
0.04111392349934054       
0.04104354679051102       
0.04097016897036968       
0.04089436142210778       
0.04081690240081792       
0.04073887282244242       
0.04066182031923862       
0.04058806391262103       
0.04052132683024517       
0.04046829946977781       
0.04045235669327051       
0.04044406454052447       
0.0404444043432702        
0.04045000991796441       
0.0404570379581039        
0.04046486493493191       
0.04047272344840979       
0.04047831076743674       
0.04048257241402881       
0.04048476168118472       
0.04048405004958013       
0.04048103890143061       
0.04047467280303677       
0.04046751258200451       
0.04045842580494734       
0.04044597572870959       
0.04043077011249807       
0.04041380651913642       
0.04039632171653087       
0.04037941621330668       
0.04036462693283364       
0.04035388342744388       
0.04034894525212093       
0.04034934863523088       
0.04035093405200757       
0.04035035822879783       
0.04034519063493099       
0.04033358112842936       
0.04031407408083987       
0.04028549624694799       
0.04024688510895649       
0.04019744092269354       
0.04013649343654706       
0.04006347808008501       
0.03997791847734463       
0.03987941332549567       
0.03976762634956788       
0.03964227847440307       
0.0395031416499285        
0.03935003387390507       
0.03918281515458672       
0.03900138417538966       
0.03880567551375662       
0.0385956572860491        
0.03837132912639304       
0.03813272045326584       
0.03787988893515359       
0.03761291913706069       
0.03733192131347203       
0.03703703031415655       
0.03672840459387756       
0.03640622528920776       
0.03607069538707735       
0.0357220389291023        
0.03536050029965267       
0.03498634352700869       
0.03459985164226918       
0.03420132608823688       
0.03379108615852358       
0.03336946846943319       
0.03293682648893335       
0.03249353008165243       
0.03203996511427802       
0.03157653308895274       
0.03110365083172853       
0.03062175022918356       
0.03013127801525806       
0.02963269561003287       
0.02912647904032105       
0.02861311890638458       
0.02809312043928862       
0.02756700363457264       
0.02703530348187836       
0.02649857029112724       
0.02595737012334542       
0.02541228536197731       
0.0248639153936338        
0.02431287745601003       
0.02375980762462031       
0.02320536199761116       
0.02265021804945356       
0.02209507619984634       
0.02154066158902002       
0.02098772610366839       
0.02043705061948825       
0.0198894475106214        
0.01934576338286365       
0.0188068820638683        
0.01827372778255513       
0.01774726851775658       
0.01722851944343196       
0.01671854635717956       
0.01621846895183388       
0.01572946371668181       
0.01525276619270599       
0.0147896722490795        
0.0143415378924402        
0.01390977710044595       
0.01349585700064814       
0.01310128968743557       
0.01272761989328043       
0.01237640775995777       
0.01204920607707155       
0.01174753163413999       
0.01147283070426544       
0.01122643934055875       
0.01100953984568755       
0.01082311564644627       
0.01066790750186464       
0.01054437454674547       
0.01045266378708708       
0.0103925912787099        
0.01036363730394178       
0.01036495649690355       
0.01039540230669911       
0.01045356370815686       
0.01053781092296113       
0.01064634632611157       
0.01077725667273278       
0.01092856324023428       
0.01109826726510409       
0.01128438896935555       
0.01148499935759718       
0.01169824470069221       
0.01192236417405361       
0.01215570144703819       
0.01239671119581522       
0.01264396154014123       
0.01289613333907436       
0.01315201719132327       
0.01341050882842175       
0.01367060348160736       
0.01393138964922811       
0.0141920426141498        
0.014451817942815         
0.01471004514452928       
0.01496612159136022       
0.01521950678598819       
0.01546971699676532       
0.01571632029214803       
0.01595893195350619       
0.01619721027271776       
0.01643085270497275       
0.01665959235137705       
0.01688319475925716       
0.01710145499533193       
0.01731419498619177       
0.01752126109109661       
0.01772252188558567       
0.01791786613935361       
0.01810720096511432       
0.01829045012551484       
0.01846755248330795       
0.01863846057107304       
0.0188031392839624        
0.01896156467469955       
0.01911372283974264       
0.0192596088999971        
0.01939922605141254       
0.01953258469667623       
0.01965970164249098       
0.0197805993588582        
0.01989530529987476       
0.0200038512793175        
0.02010627290211104       
0.0202026090479598        
0.02029290140450454       
0.02037719405272431       
0.02045553310147545       
0.02052796637505787       
0.02059454315553647       
0.02065531397632405       
0.02071033048109503       
0.02075964534679722       
0.02080331227777393       
0.02084138608718501       
0.02087392286960943       
0.02090098029160116       
0.02092261801817879       
0.02093889830768704       
0.02094988681947715       
0.02095565369331291       
0.02095627498467153       
0.02095183456031756       
0.02094242664532825       
0.0209281592561249        
0.02090915889875031       
0.02088557711857973       
0.0208575998430128        
0.0208254610864314        
0.0207894637806669        
0.0207500128344995        
0.02070767065526961       
0.02066325754330211       
0.02061805300212797       
0.02057426753926799       
0.0205490056089912        
0.02053388934426291       
0.02052510903643657       
0.02052114184642319       
0.02051932456375034       
0.02051907347993721       
0.020519869118512         
0.02052134881795624       
0.02052327125909179       
0.02052550946154851       
0.02052817668806643       
0.02053060363307145       
0.02053286073752884       
0.02053526814319163       
0.02053707878785768       
0.020538857042539         
0.02054062090756789       
0.02054207243223113       
0.02054331296168656       
0.02054447469999998       
0.02054537942291851       
0.02054618556427073       
0.02054696898791991       
0.02054773817023794       
0.02054852466004192       
0.02054941077747075       
0.02055047558758549       
0.02055189398101528       
0.02055389652978616       
0.02055685151013786       
0.02056129846579776       
0.02056801376079949       
0.02057808482421035       
0.02059296032009481       
0.02061444020075682       
0.02064447545376251       
0.02068443086216428       
0.02072286030916971       
0.02075571395417179       
0.02078140548330821       
0.02079866259335248       
0.02080641585991091       
0.0208037368098458        
0.02078980091623617       
0.02076386435236531       
0.02072524890375964       
0.02067333198871724       
0.02060754002700388       
0.02052734411615321       
0.02043225734910199       
0.02032183336470147       
0.02019566586073191       
0.02005338890186959       
0.01989467791975308       
0.01971925135364574       
0.01952687291726831       
0.01931735451145276       
0.01909055983222505       
0.01884640875385762       
0.0185848826000792        
0.01830603045268207       
0.01800997669031738       
0.0176969300013635        
0.01736719417636284       
0.01702118106135185       
0.01665942614374495       
0.01628260735237906       
0.01589156778369039       
0.01548734321605188       
0.0150711954411877        
0.01464465261509584       
0.01420955797966772       
0.0137681283873618        
0.01332302397781755       
0.01287742994797966       
0.01243515037610168       
0.01200071210135992       
0.01157947319416853       
0.01117772492718794       
0.01080276785286309       
0.01046293181146568       
0.01016749832602623       
0.009926476962149601      
0.009750193699460917      
0.009648679655073737      
0.009630907165190784      
0.009703994281241742      
0.009872553000088484      
0.01013834918452322       
0.01050035927185801       
0.01095518598237284       
0.01149769646742839       
0.01212171559207518       
0.01282064113851324       
0.01358791112817088       
0.01441731100576796       
0.01530314358642121       
0.01624029776317452       
0.01722425101572914       
0.01825103358534881       
0.01931717379766821       
0.02041963704612175       
0.0215557656065761        
0.02272322308683076       
0.02391994512637136       
0.02514409667431831       
0.02639403557880418       
0.02766828185714442       
0.02896549192072425       
0.030284437039342         
0.03162398539831274       
0.03298308711829291       
0.03436076179901577       
0.03575608809785916       
0.03716819502416612       
0.03859625465892315       
0.04003947603422663       
0.04149709997669277       
0.04296839478445263       
0.04445265253963943       
0.045949186006866         
0.04745732598255182       
0.04897641903556572       
0.05050582558009507       
0.0520449182242759        
0.05359308033622687       
0.05514970482380011       
0.05671419306523114       
0.05828595398038729       
0.05986440322670192       
0.06144896248857756       
0.06303905885869948       
0.06463412428525551       
0.06623359507983972       
0.06783691149307032       
0.06944351730902246       
0.0710528595120991        
0.07266438796101903       
0.07427755509876928       
0.07589181569866121       
0.07750662662213402       
0.07912144658976068       
0.08073573599502279       
0.08234895670891737       
0.08396057192194938       
0.08557004596713977       
0.08717684418071853       
0.08878043276873179       
0.0903802786995265        
0.09197584957969976       
0.09356661356850413       
0.09515203929030883       
0.09673159576005443       
0.09830475233668946       
0.09987097866484129       
0.101429744664443         
0.1029805205105686        
0.1045227766373444        
0.1060559837710991        
0.1075796129733438        
0.1090931356990743        
0.1105960239032319        
0.1120877501477173        
0.1135677877420436        
0.1150356109234816        
0.1164906950567428        
0.1179325168683618        
0.1193605547232129        
0.120774288932555         
0.12217320210894          
0.1235567795575524        
0.1249245097116748        
0.1262758846275928        
0.1276104005196497        
0.1289275583419278        
0.130226864450819         
0.1315078312935539        
0.1327699781822784        
0.1340128321164003        
0.1352359286692418        
0.1364388129532465        
0.1376210406351304        
0.1387821790323077        
0.1399218082775703        
0.1410395225487915        
0.1421349313674464        
0.1432076609775979        
0.1442573557833091        
0.1452836798467201        
0.146286318474353         
0.1472649798342747        
0.1482193966542816        
0.1491493279591383        
0.1500545608546024        
0.1509349123619393        
0.151790231275673         
0.15262040004026          
0.1534253366641662        
0.1542049966108293        
0.1549593747057414        
0.1556885070123183        
0.1563924726837911        
0.1570713957662268        
0.157725446950252         
0.1583548452460858        
0.1589598595773251        
0.1595408102690231        
0.1600980704198502        
0.1606320671524409        
0.1611432827113876        
0.1616322554048953        
0.1620995803798233        
0.1625459102097108        
0.1629719552924148        
0.1633784840394628        
0.1637663228517768        
0.1641363558796385        
0.1644895245483492        
0.1648268268516752        
0.1651493164092199        
0.1654581012820175        
0.1657543425406897        
0.1660392525928507        
0.1663140932594054        
0.166580173603484         
0.1668388475102366        
0.1670915110127557        
0.1673395993641904        
0.1675845838480592        
0.1678279683243708        
0.16807128549774          
0.1683160928996992        
0.1685639685702051        
0.1688165064129282        
0.1690753112092163        
0.1693419932602833        
0.1696181626192347        
0.1699054228823099        
0.1702053644874466        
0.1705195574821309        
0.1708495436948995        
0.1711968282672405        
0.1715628704595846        
0.1719490736967694        
0.172356774777395         
0.1727872321744879        
0.1732416133941531        
0.1737209813244507        
0.1742262795692893        
0.1747583167537684        
0.1753177497927889        
0.1759050662348397        
0.1765205657699845        
0.1771643410338699        
0.1778362580562687        
0.1785359365283699        
0.1792627304712273        
0.1800157097529214        
0.1807936430837184        
0.1815949833224809        
0.1824178559036934        
0.1832600514017506        
0.1841190232025195        
0.1849918914252856        
0.1858754541221967        
0.1867662066041456        
0.1876603698465709        
0.1885539283053493        
0.1894426774178226        
0.1903222804514504        
0.1911883338835627        
0.1920364400259912        
0.1928622849752088        
0.1936617194974229        
0.1944308401217327        
0.1951660673660541        
0.1958642180590477        
0.1965225687793958        
0.197138907846621         
0.1977115737900055        
0.1982394789134907        
0.1987221173831717        
0.1991595579667572        
0.1995524223865747        
0.1999018508140005        
0.200209456619987         
0.2004772727062341        
0.2007076920156521        
0.2009034046721275        
0.2010673341303024        
0.2012025745091773        
0.2013123307293606        
0.2013998628964148        
0.2014684360089313        
0.2015212754852901        
0.2015615288976449        
0.2015922340534843        
0.2016162929868013        
0.2016364518957767        
0.2016552861876561        
0.2016751903104309        
0.2016983718237539        
0.2017268489854279        
0.2017624514237472        
0.2018068232723458        
0.2018614284015109        
0.2019275571618298        
0.2020063343269576        
0.2020987279526096        
0.2022055587471041        
0.2023275097387605        
0.2024651361901286        
0.2026188753149441        
0.2027890559448105        
0.2029759078523997        
0.2031795707237843        
0.2034001027654178        
0.2036374888095523        
0.203891647945131         
0.204162440697705         
0.2044496756691027        
0.2047531156882881        
0.2050724835128661        
0.205407467026746         
0.2057577239722876        
0.2061228863146131        
0.206502564127673         
0.2068963491147262        
0.2073038177862936        
0.2077245342706006        
0.208158052810575         
0.208603919989283         
0.2090616766615198        
0.2095308596396903        
0.2100110031698438        
0.2105016401815566        
0.2110023033519639        
0.2115125260140402        
0.2120318428977198        
0.2125597907306152        
0.2130959087416577        
0.2136397390255224        
0.2141908268369876        
0.2147487207889097        
0.2153129729850116        
0.2158831390876509        
0.2164587783406041        
0.2170394535424968        
0.2176247309870649        
0.2182141803791049        
0.2188073747250014        
0.2194038902095614        
0.220003306064189         
0.2206052044279746        
0.2212091702089791        
0.2218147909478499        
0.222421656687411         
0.2230293598534791        
0.2236374951427974        
0.2242456594301828        
0.2248534516866231        
0.2254604729173675        
0.2260663261193597        
0.2266706162541692        
0.2272729502455853        
0.22787293699543          
0.2284701874242528        
0.2290643145274458        
0.2296549334581621        
0.2302416616322245        
0.2308241188476768        
0.2314019274310131        
0.2319747124037946        
0.2325421016614417        
0.2331037261770476        
0.2336592202226438        
0.2342082215990228        
0.2347503718874551        
0.2352853167138462        
0.2358127060201403        
0.2363321943496678        
0.2368434411360442        
0.2373461110021552        
0.2378398740636447        
0.2383244062259811        
0.238799389489017         
0.2392645122428119        
0.239719469562112         
0.2401639634834892        
0.2405977032781282        
0.2410204057094504        
0.2414317952658371        
0.2418316043796411        
0.2422195736217622        
0.2425954518625627        
0.2429589964092221        
0.243309973109317         
0.2436481564120424        
0.2439733293962666        
0.2442852837558329        
0.2445838197347292        
0.2448687460203059        
0.2451398795860474        
0.2453970454779845        
0.2456400765520438        
0.245868813155186         
0.2460831027467314        
0.2462827994661131        
0.2464677636402909        
0.2466378612346079        
0.2467929632440677        
0.2469329450297437        
0.2470576855991305        
0.2471670668329067        
0.2472609726610713        
0.2473392881916627        
0.2474018987956343        
0.2474486891515281        
0.2474795422576357        
0.2474943384148131        
0.2474929541868238        
0.2474752613496307        
0.2474411258324158        
0.2473904066612786        
0.2473229549205428        
0.2472386127347576        
0.2471372122861458        
0.2470185748867602        
0.2468825101076507        
0.2467288149895054        
0.2465572733419183        
0.2463676551607682        
0.2461597161661817        
0.245933197485496         
0.2456878255099334        
0.2454233119279358        
0.2451393539628203        
0.2448356348460268        
0.2445118245276151        
0.2441675806534268        
0.2438025498404505        
0.2434163692489328        
0.2430086684793419        
0.2425790718229342        
0.2421272008579073        
0.2416526774139477        
0.2411551269264661        
0.2406341821616907        
0.2400894873249231        
0.2395207025604255        
0.2389275088071038        
0.2383096130161748        
0.2376667536922295        
0.236998706750834         
0.2363052916304358        
0.2355863776283861        
0.2348418904231087        
0.2340718187014147        
0.2332762208410538        
0.2324552315913704        
0.2316090686559372        
0.2307380391132101        
0.2298425456066052        
0.2289230922026126        
0.2279802898495293        
0.227014861368119         
0.2260276458809337        
0.2250196026220101        
0.2239918140707375        
0.2229454883376485        
0.2218819607639137        
0.2208026947006484        
0.219709281424995         
0.2186034391837471        
0.2174870113477712        
0.2163619636812551        
0.2152303807250471        
0.2140944613153025        
0.2129565132575093        
0.2118189471822413        
0.2106842696201045        
0.209555075329207         
0.208434038919963         
0.207323905822104         
0.206227482634117         
0.2051476269070116        
0.2040872364135396        
0.2030492379459146        
0.2020365756863624        
0.2010521992120509        
0.200099051177811         
0.1991800547125442        
0.198298100598304         
0.1974560342733009        
0.1966566426913575        
0.1959026411144419        
0.1951966598642801        
0.1945412311007804        
0.1939387756482009        
0.1933915899508355        
0.1929018331919713        
0.1924715146049473        
0.1921024810576395        
0.1917964049400899        
0.1915547723788848        
0.1913788718588198        
0.1912697832752409        
0.1912283674352908        
0.19125525608681          
0.1913508424932308        
0.1915152725703499        
0.1917484366657691        
0.1920499620013788        
0.19241920580217          
0.1928552492049682        
0.1933568919845585        
0.1939226481452675        
0.1945507425078995        
0.1952391083406091        
0.1959853861976012        
0.1967869240675258        
0.1976407789927452        
0.1985437203731543        
0.1994922351434588        
0.2004825350355242        
0.2015105662147862        
0.2025720215330377        
0.2036623556483511        
0.2045998292123266        
