SC1.Luna.Energy           
-0.06651385755906213      
-0.0665139355648357       
-0.06651414021550045      
-0.06651457198667232      
-0.06651510066869462      
-0.06838824849440937      
-0.06838853014326622      
-0.06838915691791081      
-0.06839033059296334      
-0.06839074166475589      
-0.06838742146649131      
-0.06837993452857047      
-0.06836828547514026      
-0.06835247972036196      
-0.06833252347318815      
-0.06830842374390241      
-0.06828018835232923      
-0.06824782593756284      
-0.0682113459695349       
-0.06817075876232957      
-0.06812607548904133      
-0.06807730819874655      
-0.06802446983498552      
-0.0679675742563547       
-0.06790663625907468      
-0.06784167160130988      
-0.06777269702981645      
-0.06769973030877115      
-0.06762279025055193      
-0.06754189674913995      
-0.06745707081598309      
-0.06736833461808553      
-0.06727571151908533      
-0.06717922612317954      
-0.0670789043215673       
-0.06697477334265826      
-0.06686686180488945      
-0.06675519977346696      
-0.0666398188208177       
-0.0665207520904481       
-0.06639803436540867      
-0.06627170214119336      
-0.06614179370277401      
-0.06600834920715568      
-0.06587141077130645      
-0.06573102256516872      
-0.06558723091136781      
-0.06544008439152552      
-0.06528963395889006      
-0.06513593305919722      
-0.06497903775973932      
-0.06481900688629311      
-0.06465590217089735      
-0.06448978840845647      
-0.06432073362539001      
-0.06414880926040215      
-0.06397409035730527      
-0.06379665577305306      
-0.06361658840138722      
-0.06343397541225707      
-0.0632489085108901       
-0.06306148421727546      
-0.06287180416660695      
-0.0626799754355441       
-0.06248611089562904      
-0.06229032959504681      
-0.06209275717490923      
-0.06189352632242062      
-0.06169277726304157      
-0.0614906582998738       
-0.06128732640415353      
-0.06108294786035746      
-0.06087769897907908      
-0.06067176687839911      
-0.0604653503495435       
-0.06025866081561044      
-0.06005192339300063      
-0.05984537807626616      
-0.05963928106173419      
-0.05943390622694279      
-0.05922954679759843      
-0.05902651722885453      
-0.05882515533179002      
-0.05862582469617586      
-0.05842891745808229      
-0.05823485746964872      
-0.05804410395868702      
-0.05785715576936576      
-0.05767455629430913      
-0.0574968992579208       
-0.05732483552919999      
-0.05715908118336934      
-0.05700042711731572      
-0.05684975057225555      
-0.05670802899421102      
-0.05657635679307474      
-0.05645596560924385      
-0.05634824868572039      
-0.05625478976822251      
-0.056177396034207        
-0.05611813189596573      
-0.05607993275000456      
-0.0560652193315328       
-0.05606558575613373      
-0.05607984883229494      
-0.05610469806680496      
-0.05613174443036628      
-0.05616426709867838      
-0.05619356295069255      
-0.05621833112906305      
-0.0562417922850732       
-0.05626370392456159      
-0.05628504664635192      
-0.05630502129392778      
-0.05632079763461706      
-0.05633222400524296      
-0.05633907906894364      
-0.05634172963110606      
-0.056340151267945        
-0.05633489053548002      
-0.05632624602275804      
-0.05631319689805325      
-0.05629762792909021      
-0.05627750112216523      
-0.05625561741477425      
-0.05622737079499939      
-0.05619684301664107      
-0.0561665757496973       
-0.0561333653275834       
-0.05609638045822662      
-0.05606227596341017      
-0.05602670526794706      
-0.05599032430727069      
-0.0559525297955622       
-0.05591515244488687      
-0.05586418693283191      
-0.0558145754251741       
-0.05577010558876245      
-0.05572938769917008      
-0.05568944835641282      
-0.05565076584616241      
-0.05560630980071646      
-0.05556896684556095      
-0.05553671564513463      
-0.05551455268602457      
-0.05550257788039312      
-0.05550443788947909      
-0.05552112294408735      
-0.05555130867882996      
-0.05559358687340746      
-0.0556467487942327       
-0.05570974806093237      
-0.05578167134172649      
-0.05586171522074525      
-0.05594916785214685      
-0.05604339428334015      
-0.05614382463234838      
-0.05624994449509871      
-0.05636128708295104      
-0.05647742673746294      
-0.05659797354824878      
-0.05672256884225674      
-0.05685088138531073      
-0.05698260416886618      
-0.05711745166573301      
-0.05725515747888463      
-0.05739547232099112      
-0.05753816226130656      
-0.05768300720210759      
-0.05782979955235731      
-0.05797834306153347      
-0.05812845179397307      
-0.05827994922649598      
-0.05843266744595085      
-0.05858644643636265      
-0.05874113344627954      
-0.05889658242064912      
-0.05905265349185403      
-0.05920921252475941      
-0.05936613070444755      
-0.05952328416557698      
-0.05968055365577718      
-0.05983782423273419      
-0.05999498498711298      
-0.06015192879057164      
-0.06030855206781255      
-0.06046475458673298      
-0.06062043926663947      
-0.06077551200414864      
-0.06092988151199557      
-0.06108345917109248      
-0.06123615889588235      
-0.06138789700903063      
-0.06153859212601599      
-0.06168816504989809      
-0.06183653867292847      
-0.06198363788567771      
-0.0621293894940869       
-0.06227372214158629      
-0.06241656623701409      
-0.06255785388878751      
-0.06269751884277673      
-0.06283549642530695      
-0.06297172348966754      
-0.06310613836741245      
-0.06323868082227246      
-0.06336929200739413      
-0.06349791442638293      
-0.06362449189634758      
-0.06374896951361911      
-0.06387129362259847      
-0.06399141178615488      
-0.06410927275819223      
-0.06422482645882555      
-0.0643380239507645       
-0.06444881741747269      
-0.06455716014351784      
-0.06466300649582614      
-0.06476631190674233      
-0.06486703285812213      
-0.06496512686722651      
-0.06506055247333777      
-0.06515326922555961      
-0.06524323767209146      
-0.06533041935010665      
-0.06541477677663973      
-0.06549627344073081      
-0.06557487379608788      
-0.06565054325462277      
-0.0657232481810569       
-0.06579295588796651      
-0.06585963463173784      
-0.06592325360906839      
-0.0659837829543693       
-0.0660411937375853       
-0.06609545796266829      
-0.06614654856679056      
-0.06619443941996551      
-0.0662391053252586       
-0.06628052201962642      
-0.06631866617516591      
-0.06635351540090588      
-0.06638504824512795      
-0.06641324419811491      
-0.06643808369539364      
-0.06645954812144904      
-0.06647761981386013      
-0.06649228206789674      
-0.06650351914158979      
-0.06651131626114656      
-0.06651565962686461      
-0.06651653641950747      
-0.06651393480695918      
-0.06651385756365129      
-0.06651375878836681      
-0.06651347046709326      
-0.06651263760661155      
-0.06651001856067068      
-0.06650146921203445      
-0.06648941447497064      
-0.06647384623848512      
-0.06645475741604844      
-0.06643214195481816      
-0.06640599484533002      
-0.06637631213133896      
-0.06634309092041042      
-0.06630632939476945      
-0.06626602682283908      
-0.06622218357085122      
-0.06617480111528075      
-0.06612388205580982      
-0.06606943012837345      
-0.06601145021918056      
-0.06594994837898892      
-0.06588493183825461      
-0.06581640902230169      
-0.06574438956756937      
-0.0656688843385189       
-0.06558990544460802      
-0.06550746625848486      
-0.0654215814349229       
-0.06533226692984265      
-0.06523954002079493      
-0.06514341932781352      
-0.06504392483558455      
-0.06494107791568796      
-0.06483490135048241      
-0.06472541935801887      
-0.06461265761717259      
-0.06449664329475789      
-0.06437740507325115      
-0.06425497318033861      
-0.06412937941874652      
-0.06400065719834608      
-0.06386884156978173      
-0.06373396925864416      
-0.06359607870241374      
-0.06345521008849428      
-0.06331140539488206      
-0.06316470843159809      
-0.06301516488539387      
-0.06286282236684169      
-0.06270773045865739      
-0.06254994076805695      
-0.06238950698113601      
-0.06222648492124694      
-0.06206093260914252      
-0.0618929103280617       
-0.06172248069276096      
-0.06154970872116753      
-0.06137466191222993      
-0.0611974103276148       
-0.0610180266798197       
-0.06083658642412425      
-0.06065316785867452      
-0.06046785223020213      
-0.06028072384840454      
-0.06009187020624493      
-0.05990138211096928      
-0.05970935382489639      
-0.05951588321459898      
-0.0593210719140482       
-0.05912502549901757      
-0.05892785367713355      
-0.05872967049059855      
-0.05853059453870134      
-0.05833074921750112      
-0.05813026298224187      
-0.05792926962979337      
-0.05772790860964153      
-0.05752632536382055      
-0.05732467169564583      
-0.05712310617786209      
-0.0569217945987821       
-0.05672091045614115      
-0.05652063549756724      
-0.05632116032276045      
-0.05612268504813289      
-0.055925420048243        
-0.05572958677623652      
-0.05553541868463444      
-0.05534316225648578      
-0.05515307815707373      
-0.05496544253689467      
-0.0547805484986244       
-0.05459870776316028      
-0.05442025255588583      
-0.05424553776136257      
-0.05407494338623454      
-0.05390887739107002      
-0.05374777894208612      
-0.05359212218140075      
-0.0534424205954246       
-0.05329923211017019      
-0.05316316503201973      
-0.05303488502447354      
-0.05291512331009228      
-0.05280468630863652      
-0.05270446700354595      
-0.05261545827706277      
-0.05253876847616321      
-0.05247563926677085      
-0.05242746556237274      
-0.05239581635710752      
-0.05238245345122276      
-0.05238934064875017      
-0.05241862660998658      
-0.05247256275689793      
-0.05253905494468697      
-0.05261588123872146      
-0.05269355895556266      
-0.05277219448807235      
-0.05285592270520367      
-0.05292958796953995      
-0.05300460616828439      
-0.05307378751744819      
-0.05313499813348866      
-0.0531887384816887       
-0.05323292784376787      
-0.05326587353202539      
-0.05328714346449537      
-0.05329759261804301      
-0.05329941667545723      
-0.05329402900280422      
-0.05328089774284528      
-0.05325754137753103      
-0.05322040186005972      
-0.05317947529872469      
-0.05313656741235373      
-0.05308474189962242      
-0.0530318310946441       
-0.05297363022606938      
-0.05291171587333399      
-0.05285381738324896      
-0.05279545516100814      
-0.05273160843655916      
-0.05267356171354487      
-0.05262320281201949      
-0.05258577287416341      
-0.05256866047355807      
-0.05257663623965692      
-0.05260821881388641      
-0.05266174327744533      
-0.05273557112616165      
-0.05282813355523577      
-0.05293795013886649      
-0.05306363465150457      
-0.0532038941697289       
-0.05335752487064192      
-0.05352340631218315      
-0.05370049522494609      
-0.05388781929344866      
-0.05408447123576249      
-0.05428960328198953      
-0.05450242212563704      
-0.05472218431534705      
-0.05494819209374296      
-0.05517978963361878      
-0.05541635965682015      
-0.05565732037381986      
-0.05590212272997067      
-0.05615024791273402      
-0.05640120510693299      
-0.05665452945216137      
-0.05690978019407747      
-0.05716653900383716      
-0.05742440844375993      
-0.05768301057503573      
-0.05794198567757033      
-0.05820099108205053      
-0.05845970009454772      
-0.05871780101456548      
-0.0589749962248757       
-0.05923100135591215      
-0.05948554451077208      
-0.05973836555378823      
-0.05998921544619999      
-0.06023785563308161      
-0.0604840574710128       
-0.06072760170052786      
-0.06096827795020933      
-0.06120588427715109      
-0.06144022673549487      
-0.06167111897758729      
-0.06189838187680816      
-0.06212184317660581      
-0.06234133716168474      
-0.06255670434780303      
-0.06276779119447526      
-0.06297444983149203      
-0.06317653780415222      
-0.06337391783167622      
-0.06356645758338544      
-0.06375402946469824      
-0.0639365104176632       
-0.06411378173120698      
-0.06428572886556944      
-0.06445224128376363      
-0.06461321229434171      
-0.06476853890325239      
-0.06491812167278273      
-0.06506186459164648      
-0.06519967494974382      
-0.06533146322200389      
-0.06545714295742915      
-0.06557663067757874      
-0.06568984577846736      
-0.06579671044016189      
-0.06589714954045997      
-0.06599109057678826      
-0.06607846359064784      
-0.06615920109850139      
-0.06623323802754159      
-0.06630051165489037      
-0.06636096155399972      
-0.06641452954288628      
-0.06646115963827073      
-0.06650079801241812      
-0.06653339295666741      
-0.06655889484648839      
-0.06657725611181584      
-0.06658843121133073      
-0.06659237660941884      
-0.06658905075949965      
-0.06657841408874189      
-0.06656042898788977      
-0.06653505980496252      
-0.06650227284162007      
-0.06646203635590302      
-0.06641432056899521      
-0.06635909766828305      
-0.06629634182569022      
-0.06622602921581291      
-0.06614813803583738      
-0.06606264853196792      
-0.06596954303033278      
-0.06586880597130501      
-0.06576042395098924      
-0.06564438576523071      
-0.06552068245993257      
-0.06538930738667958      
-0.06525025626267277      
-0.06510352723882699      
-0.06494912097146774      
-0.06478704070175378      
-0.06461729234022973      
-0.0644398845606938       
-0.0642548288989004       
-0.06406213986008773      
-0.06386183503452897      
-0.06365393522032869      
-0.06343846455756308      
-0.06321545066941954      
-0.06298492481450638      
-0.06274692204970229      
-0.06250148140294159      
-0.06224864606026866      
-0.06198846356298714      
-0.06172098601933877      
-0.06144627033031484      
-0.06116437842924867      
-0.06087537753984343      
-0.06057934044871128      
-0.06027634579722237      
-0.05996647839260148      
-0.05964982953827834      
-0.05932649738858749      
-0.05899658732426349      
-0.05866021235402832      
-0.05831749354268301      
-0.05796856046621531      
-0.05761355169961919      
-0.05725261533440317      
-0.05688590953175884      
-0.05651360311245295      
-0.05613587618464583      
-0.05575292081611979      
-0.05536494174861921      
-0.05497215716113419      
-0.05457479948402712      
-0.0541731162660758       
-0.05376737110184542      
-0.05335784461796417      
-0.05294483552607416      
-0.0525286617449777       
-0.0521096615967145       
-0.05168819507932992      
-0.05126464522462802      
-0.05083941954013579      
-0.05041295154352315      
-0.04998570239238311      
-0.04955816261198224      
-0.04913085392832715      
-0.04870433120415844      
-0.04827918448359914      
-0.04785604114471807      
-0.04743556815759385      
-0.04701847444823883      
-0.046605513356927        
-0.04619748518451766      
-0.0457952398101598       
-0.04539967935957635      
-0.04501176089332441      
-0.04463249907962448      
-0.04426296879558456      
-0.04390430759369446      
-0.0435577179466039       
-0.04322446915983848      
-0.04290589881774853      
-0.04260341358518227      
-0.04231848915272043      
-0.04205266905778664      
-0.04180756205540216      
-0.04158483764028567      
-0.04138621924417969      
-0.04121347453494452      
-0.04106840214987079      
-0.04095281408780524      
-0.0408685128839219       
-0.04081726260515242      
-0.04080075264730168      
-0.04082055332182175      
-0.04087806231734911      
-0.04097444136207234      
-0.04111054285264912      
-0.04128682691244009      
-0.04150327036754548      
-0.04175927050353037      
-0.04205354819729362      
-0.04238405700316439      
-0.04274790680650795      
-0.04314131236028254      
-0.04355957794037349      
-0.04399712883585979      
-0.04444759799280545      
-0.04490397155046233      
-0.04535879051769981      
-0.04580439822677185      
-0.04623321601004993      
-0.04663802422496516      
-0.04701222389044074      
-0.04735005629987649      
-0.04764676373032484      
-0.04789868236827974      
-0.04810326724379832      
-0.04825905630205951      
-0.04836558591504542      
-0.04842327253812181      
-0.04843327522065527      
-0.04839735183243801      
-0.04831771919657585      
-0.04819692417298602      
-0.04803772996539124      
-0.04784301957002932      
-0.04761571656833688      
-0.047358722243482        
-0.04707486740442404      
-0.04676687687909875      
-0.04643734466901384      
-0.04608871775600978      
-0.04572328683118046      
-0.04534318237795473      
-0.04495037485122617      
-0.04454667785302127      
-0.04413375345654535      
-0.04371311899315029      
-0.04328615476762381      
-0.04285411230479159      
-0.04241812279186843      
-0.04197920552724248      
-0.04153827618414967      
-0.04109615478675527      
-0.04065357331951107      
-0.04021118293273319      
-0.03976956069521283      
-0.0393292159172986       
-0.03889059602288156      
-0.03845409199091614      
-0.0380200433814477       
-0.03758874296482143      
-0.03716044098482248      
-0.03673534905838956      
-0.03631364376310386      
-0.03589546991516875      
-0.03548094356876637      
-0.03507015475713247      
-0.03466316999466712      
-0.0342600345665304       
-0.03386077460605502      
-0.0334653990004412       
-0.03307390112248168      
-0.03268626040984988      
-0.03230244380396671      
-0.03192240705954277      
-0.03154609594218825      
-0.03117344730873316      
-0.03080439010036466      
-0.03043884624152273      
-0.03007673145859104      
-0.02971795602448394      
-0.02936242543463309      
-0.0290100410259637       
-0.02866070053025534      
-0.0283142985854303       
-0.02797072719531829      
-0.02762987614757088      
-0.02729163339252316      
-0.02695588538558999      
-0.02662251740133378      
-0.02629141380942203      
-0.02596245833191799      
-0.02563553427159745      
-0.0253105247185253       
-0.02498731273601888      
-0.02466578152779676      
-0.0243458145871553       
-0.02402729583431262      
-0.02371010973180017      
-0.02339414139442868      
-0.02307927668353267      
-0.02276540229111576      
-0.02245240581408403      
-0.02214017581947073      
-0.02182860190071781      
-0.02151757472998053      
-0.02120698609660015      
-0.02089672894639302      
-0.02058669741179014      
-0.02027678683755605      
-0.01996689380185151      
-0.01965691613309287      
-0.01934675292231942      
-0.0190363045353922       
-0.0187254726154977       
-0.01841416008940366      
-0.01810227116788637      
-0.01778971134452752      
-0.01747638739245545      
-0.0171622073592607       
-0.01684708055962308      
-0.01653091756962523      
-0.01621363021349591      
-0.01589513155547342      
-0.01557533588752189      
-0.01525415871678786      
-0.01493151675229148      
-0.01460732789094527      
-0.01428151120300484      
-0.01395398691644349      
-0.01362467640390305      
-0.01329350216333723      
-0.01296038780437113      
-0.01262525803146379      
-0.01228803862751346      
-0.01194865643736372      
-0.01160703935125441      
-0.01126311628824053      
-0.01091681717906925      
-0.01056807295199771      
-0.01021681551288589      
-0.009862977731208082     
-0.009506493423290137     
-0.009147297336275922     
-0.00878532513226922      
-0.008420513372657222     
-0.008052799502637577     
-0.00768212183539172      
-0.007308419539335101     
-0.006931632619886378     
-0.006551701907202022     
-0.006168569041294716     
-0.005782176457983235     
-0.005392467375100969     
-0.004999385778964915     
-0.004602876411118687     
-0.004202884755330052     
-0.003799357024305901     
-0.003392240149503435     
-0.002981481765537509     
-0.002567030200536585     
-0.002148834463922888     
-0.001726844235029855     
-0.001301009851982747     
-0.0008712823008379667    
-0.000437613204987454     
4.518480779119871e-08     
0.0004417400016980266     
0.0008875177701175506     
0.001337424418611788      
0.001791505286989674      
0.002249805136002446      
0.002712368156214499      
0.003179237976647577      
0.003650457673195481      
0.004126069776821208      
0.004606116281530924      
0.005090638652144541      
0.00557967783242358       
0.00607327425012321       
0.00657146782760161       
0.007074297986476095      
0.007581803654970492      
0.008094023274498569      
0.008610994806070041      
0.009132755736517006      
0.009659343084552734      
0.01019079340665844       
0.01072714280281172       
0.01126842692205676       
0.01181468096850342       
0.01236593970424234       
0.01292223745799076       
0.01348360812771941       
0.01405008518608249       
0.01462170168512431       
0.01519849026085931       
0.01578048313772462       
0.01636771213291363       
0.01696020866059136       
0.01755800373599371       
0.01816112797942261       
0.0187696116207314        
0.01938348450069427       
0.02000277607830852       
0.02062751543196962       
0.021257731263567         
0.02189345190188971       
0.02253470530594414       
0.02318151906818965       
0.02383392041769398       
0.02449193622321067       
0.02515559299618448       
0.0258249168936819        
0.02649993372125822       
0.02718066893575479       
0.02786714764865934       
0.02855939462628046       
0.02925743429611419       
0.0299612907469075        
0.03067098773178967       
0.03138654867073121       
0.03210799665295196       
0.03283535443928444       
0.03356864446449305       
0.03430788883954997       
0.03505310935387296       
0.03580432747752457       
0.03656156436337381       
0.03732484084922739       
0.03809417745992606       
0.03886959440940949       
0.03965111160341018       
0.04043874863884889       
0.04123252480973939       
0.04203245910653948       
0.04283857021874238       
0.04365087653679595       
0.04446939615400246       
0.04529414686839987       
0.04612514618462747       
0.04696241131577612       
0.04780595918522375       
0.0486558064284599        
0.04951196939489773       
0.05037446414967453       
0.05124330647544665       
0.05211851187417287       
0.0530000955688915        
0.05388807250549282       
0.05478245735517379       
0.05568326451344791       
0.05659050810603006       
0.05750420198784494       
0.05842435974546833       
0.05935099469888178       
0.06028411990322756       
0.06122374815056324       
0.06216989197161874       
0.06312256363755503       
0.06408177516172614       
0.06504753830144372       
0.06601986455974655       
0.06699876518717399       
0.0679842511835452        
0.06897633329974248       
0.06997502203950237       
0.07098032766121323       
0.07199226017971876       
0.07301082936812843       
0.07403604475963804       
0.07506791564935623       
0.07610645109687406       
0.07715165992517729       
0.07820355072689492       
0.07926213186323411       
0.08032741146658448       
0.0813993974424           
0.08247809747109117       
0.08356351900992803       
0.0846556692949525        
0.08575455534290208       
0.08686018395314329       
0.08797256170961666       
0.08909169498279237       
0.09021758993163599       
0.09135025250558645       
0.09248968844654357       
0.0936359032908675        
0.09478890237138905       
0.09594869081943037       
0.09711527356683702       
0.09828865534802095       
0.09946884070201327       
0.1006558339746016        
0.1018496393202632        
0.1030502607043286        
0.1042577019050937        
0.1054719665159087        
0.1066930579472951        
0.1079209794290733        
0.1091557340125012        
0.1103973245724204        
0.1116457538094137        
0.112901024251971         
0.1141631382594676        
0.1154320980211383        
0.1167079055630818        
0.1179905627472561        
0.1192800712744884        
0.1205764326866926        
0.1218796483690931        
0.1231897195524573        
0.1245066473153341        
0.1258304325862996        
0.1271610761462083        
0.1284985786304513        
0.1298429405312197        
0.1311941621997731        
0.1325522438487134        
0.1339171855542631        
0.1352889872585477        
0.1366676487718817        
0.1380531697750591        
0.1394455498216453        
0.1408447883402731        
0.1422508846369399        
0.1436638378973076        
0.1450836471890034        
0.1465103114639212        
0.1479438295605245        
0.1493842002061485        
0.1508314220193018        
0.1522854935119691        
0.1537464130919096        
0.155214179064956         
0.1566887896373105        
0.1581702429178384        
0.1596585369203581        
0.1611536695659275        
0.1626556386851274        
0.1641644420203381        
0.1656800772280142        
0.1672025418809494        
0.1687318334705397        
0.1702679494090369        
0.1718108870317965        
0.1733606435995179        
0.1749172163004749        
0.1764806022527408        
0.1780507985064005        
0.1796278020457563        
0.1812116097915212        
0.1828022186030027        
0.1843996252802756        
0.1860038265663412        
0.187614819149277         
0.1892325996643711        
0.1908571646962448        
0.1924885107809612        
0.1941266344081182        
0.1957715320229279        
0.1974232000282805        
0.1990816347867913        
0.2007468326228316        
0.2024187898245436        
0.2040975026458357        
0.2057829673083612        
0.2074751800034781        
0.2091741368941896        
0.2108798341170641        
0.212592267784137         
0.2143114339847893        
0.2160373287876069        
0.2177699482422162        
0.2195092883811           
0.2212553452213873        
0.223008114766622         
0.2247675930085071        
0.2265337759276672        
0.2283066594991692        
0.2300862396884553        
0.2318725124568087        
0.2336654737620147        
0.2354651195599502        
0.2372714458061468        
0.2390844484573241        
0.2409041234728948        
0.2427304668164425        
0.2445634744571668        
0.2464031423713014        
0.2482494665435           
0.2501024429681909        
0.2519620676509015        
0.2538283366095491        
0.2557012458757006        
0.2575807914957981        
0.259466969532351         
0.2613597760650959        
0.2632592071921185        
0.2651652590309455        
0.2670779277195953        
0.2689972094175983        
0.2709231003069772        
0.2728555965931921        
0.2747946945060477        
0.2767403903005632        
0.2786926802578035        
0.280651560685673         
0.2826170279196686        
0.2845890783235942        
0.2865677082902354        
0.2885529142409708        
0.2905446926304526        
0.2925430399410306        
0.2945479526873453        
0.2965594274157763        
0.2985774607048676        
0.300602049165709         
0.3026331894422775        
0.3046708782117306        
0.3067151121846583        
0.3087658881052568        
0.3108232027516329        
0.3128870529357417        
0.3149574355035117        
0.317034347334888         
0.3191177853438097        
0.3212077464781414        
0.3233042277195532        
0.3254072260833597        
0.3275167386183049        
0.3296327624063023        
0.3317552945610618        
0.3338843322319802        
0.3360198725973627        
0.3381619128682093        
0.3403104502866456        
0.3424654821253642        
0.3446270056870145        
0.346795018303541         
0.3489695173354717        
0.3511505001711521        
0.3533379642259285        
0.3555319069412783        
0.3577323257838869        
0.3599392182446725        
0.3621525818377551        
0.3643724140993743        
0.3665987125867501        
0.3688314748757969        
0.371070698564251         
0.3733163812638082        
0.3755685206031368        
0.3778271142253721        
0.3800921597866457        
0.382363654954559         
0.3846415974066009        
0.3869259848285068        
0.3892168149125619        
0.3915140853558463        
0.393817793858422         
0.3953011459436385        
