388641.8766523508      4.656612873077393e-10  -66558.85993853988     57727                  
388641.8758840673      -4.804309259947331     -66558.85729557845     57727.00069444445      
388641.8658135151      -18.04424792210921     -66558.82265125732     57727.00260839322      
388641.7877808763      -51.66191381950193     -66558.55419076839     57727.00746922934      
388641.3573675151      -124.8426865038564     -66557.07320735606     57727.01805620418      
388639.2754539621      -279.2313309334786     -66549.90728532661     57727.04041814868      
388633.7020438864      -494.5292649340408     -66530.71176661167     57727.07166814868      
388625.0279147099      -709.2442109021067     -66500.81138798151     57727.10291814868      
388613.2595309814      -923.3176815626866     -66460.20321909443     57727.13416814868      
388598.4044398296      -1136.691337266035     -66408.88273602212     57727.16541814868      
388580.4712787051      -1349.306978356777     -66346.84381448591     57727.19666814868      
388559.4697851156      -1561.106532179358     -66274.07872080672     57727.22791814868      
388535.4108083881      -1772.032040021135     -66190.57810054206     57727.25916814868      
388508.306323469       -1982.025649874042     -66096.3309647751      57727.29041814868      
388478.1694468804      -2191.029600172995     -65991.32467401426     57727.32166814868      
388445.0144548156      -2398.986212236508     -65875.54491965464     57727.35291814868      
388408.8568035092      -2605.837876565653     -65748.9757029434      57727.38416814868      
388369.7131519409      -2811.527038884378     -65611.59931138546     57727.41541814868      
388327.6013869198      -3015.996191198021     -65463.39629251487     57727.44666814868      
388282.5406507161      -3219.187857176039     -65304.34542495078     57727.47791814868      
388234.5513713227      -3421.044577138971     -65134.42368664622     57727.50916814868      
388183.6552954185      -3621.508897915359     -64953.60622022848     57727.54041814868      
388129.8755242511      -3820.523356875063     -64761.8662953204      57727.57166814868      
388073.2365525505      -4018.030465404998     -64559.17526772009     57727.60291814868      
388013.76431057        -4213.97269767012      -64345.50253530489     57727.63416814868      
387951.4862095784      -4408.292469828775     -64120.81549051477     57727.66541814868      
387886.4311908166      -4600.932127349886     -63885.07946925469     57727.69666814868      
387818.6297782824      -4791.833925592684     -63638.25769604321     57727.72791814868      
387748.1141355172      -4980.940009475547     -63380.31122521925     57727.75916814868      
387674.9181265793      -5168.192397452869     -63111.19887800184     57727.79041814868      
387599.0773816057      -5353.532959083459     -62830.87717518117     57727.82166814868      
387520.6293672062      -5536.903391401087     -62539.30026519965     57727.85291814868      
387439.6134619438      -5718.245199274301     -62236.41984736203     57727.88416814868      
387356.0710374025      -5897.499669022407     -61922.18508989073     57727.91541814868      
387270.0455451733      -6074.607840460943     -61596.54254251992     57727.94666814868      
387181.5826101045      -6249.510482525809     -61259.43604329368     57727.97791814868      
387090.7301304477      -6422.148061713066     -60910.80661920874     57728.00916814868      
386997.5383853444      -6592.460708458922     -60550.59238030834     57728.04041814868      
386902.0601501209      -6760.38818714748      -60178.7284068021      57728.07166814868      
386804.3508202581      -6925.869854818069     -59795.14662875084     57728.10291814868      
386704.4685444317      -7088.844625985308     -59399.77569781299     57728.13416814868      
386602.4743676214      -7249.250928601796     -58992.54085050888     57728.16541814868      
386498.4323850309      -7407.026656756891     -58573.36376240965     57728.19666814868      
386392.4099076312      -7562.109125073381     -58142.1623926046      57728.22791814868      
386284.4776405372      -7714.435013866707     -57698.850817746       57728.25916814868      
386174.7098752434      -7863.940309960759     -57243.33905490459     57728.29041814868      
386063.1846968544      -8010.560247993446     -56775.5328724018      57728.32166814868      
385949.9842078885      -8154.229241152418     -56295.33358770654     57728.35291814868      
385835.1947700855      -8294.880806073073     -55802.6378514028      57728.38416814868      
385718.9072658003      -8432.447486554433     -55297.33741613804     57728.41541814868      
385601.2173810929      -8566.860764841505     -54779.31888936341     57728.44666814868      
385482.2259125176      -8698.050964978007     -54248.46346856048     57728.47791814868      
385362.0390998496      -8825.947152620087     -53704.64665752518     57728.50916814868      
385240.7689876156      -8950.477019777383     -53147.73796214009     57728.54041814868      
385118.5338182749      -9071.566758644272     -52577.60056391131     57728.57166814868      
384995.4584602507      -9189.140928520355     -51994.09096937536     57728.60291814868      
384871.6748747905      -9303.122303857243     -51397.05863329062     57728.63416814868      
384747.3226257583      -9413.431707077376     -50786.34555331565     57728.66541814868      
384622.5494369855      -9519.987830159531     -50161.78583364058     57728.69666814868      
384497.5118029282      -9622.707028267585     -49523.20521477565     57728.72791814868      
384372.3756583449      -9721.503100548143     -48870.42056640605     57728.75916814868      
384247.3171143239      -9816.28704072284      -48203.23933989675     57728.79041814868      
384122.5232684791      -9906.966760150266     -47521.45897666486     57728.82166814868      
383998.1930982849      -9993.446784955813     -46824.86626823022     57728.85291814868      
383874.5384482495      -10075.62791250039     -46113.23666330008     57728.88416814868      
383751.7851227933      -10153.40682756442     -45386.33351673657     57728.91541814868      
383630.1740985315      -10226.67567782343     -44643.90727469013     57728.94666814868      
383509.9628722213      -10295.32159151375     -43885.69458955325     57728.97791814868      
383391.4269627965      -10359.22613483133     -43111.41735768811     57729.00916814868      
383274.8615889288      -10418.26470527356     -42320.78167210779     57729.04041814868      
383160.5835475888      -10472.30583981088     -41513.47668143323     57729.07166814868      
383048.9333229859      -10521.21043061162     -40689.17334550909     57729.10291814868      
382940.2774604369      -10564.83083872595     -39847.52307703416     57729.13416814868      
382835.0112463855      -10603.00987762056     -38988.15625745609     57729.16541814868      
382733.5617429345      -10635.5796507794      -38110.68061420045     57729.19666814868      
382636.3912344336      -10662.36022341405     -37214.67944507426     57729.22791814868      
382544.0011553225      -10683.15808749313     -36299.7096744431      57729.25916814868      
382456.9365817847      -10697.7643886933      -35365.29972458848     57729.29041814868      
382375.7913867593      -10705.95287601211     -34410.94718460957     57729.32166814868      
382301.2141793884      -10707.47750926247     -33436.11625850135     57729.35291814868      
382233.9151758476      -10702.06966305888     -32440.23497385652     57729.38416814868      
382174.6741815202      -10689.43485032956     -31422.69213337775     57729.41541814868      
382124.3499065769      -10669.2488528918      -30382.83399361458     57729.44666814868      
382083.8908895385      -10641.15313699614     -29319.96065991581     57729.47791814868      
382054.3483711061      -10604.74939967995     -28233.32219482522     57729.50916814868      
382036.8915483209      -10559.59302903921     -27122.11445105051     57729.54041814868      
382032.8257514129      -10505.18523810112     -25985.47466277193     57729.57166814868      
382043.6142344982      -10440.96352694882     -24822.47686517457     57729.60291814868      
382070.9044656221      -10366.2900510396      -23632.12726906112     57729.63416814868      
382116.5600604967      -10280.43734299549     -22413.35980680538     57729.66541814868      
382182.6998512642      -10182.570643563       -21165.03220608625     57729.69666814868      
382271.7460490449      -10071.72587325391     -19885.92316818919     57729.72791814868      
382386.4840957511      -9946.781946038136     -18574.7315758785      57729.75916814868      
382530.1376741746      -9806.425652365842     -17230.07921037541     57729.79041814868      
382706.4635502719      -9649.106712903271     -15850.519348719       57729.82166814868      
382919.8725937608      -9472.979699945872     -14434.55506359204     57729.85291814868      
383175.5856474771      -9275.828226605199     -12980.67343971865     57729.88416814868      
383479.8361327392      -9054.965003485868     -11487.40592353661     57729.91541814868      
383840.13566721        -8807.09880530724      -9953.431827826907     57729.94666814868      
384265.6247465912      -8528.155849442781     -8377.75377446623      57729.97791814868      
384767.5374988922      -8213.038498296937     -6759.994514298376     57730.00916814868      
385359.8160006767      -7855.298959227418     -5100.901336117793     57730.04041814868      
386059.9095800824      -7446.702149616738     -3403.210230378309     57730.07166814868      
386889.7693726111      -6976.658435256762     -1673.139471413723     57730.10291814868      
387707.05657006        -6524.502277873134     -203.6652870237472     57730.12916670787      
388539.4916621295      -6071.759389754909     1099.949313576372      57730.15241849107      
389484.3306421719      -5564.579821321166     2383.450115516217      57730.17553489334      
390449.0468994487      -5051.725164739354     3511.453317696966      57730.19635146049      
391420.9399236838      -4538.316173374422     4486.761659579459      57730.21510892349      
392409.9746421489      -4017.792989753589     5332.858579092646      57730.23241330001      
393414.7577396902      -3489.883383851707     6056.630226371492      57730.24855498196      
394454.8543090761      -2943.491961024952     6674.492964816782      57730.26408823349      
395514.8598005984      -2386.030069017364     7177.300324724999      57730.27899690073      
396551.2566124246      -1839.917453955512     7553.168058686351      57730.29293028676      
397549.2899342599      -1312.748196889461     7812.760267189622      57730.3059517779       
398520.7168728489      -798.3051695499998     7973.099418053658      57730.31842003646      
399481.437907405       -288.2224185297109     8045.085622971417      57730.33069554825      
400441.7038784171      222.8507806769248      8033.209132600317      57730.34304309006      
401436.5558856529      753.4656227953838      7934.204200170563      57730.35605238697      
402388.5515787285      1262.061590780715      7757.897210954598      57730.36883301463      
403386.2167091622      1795.587099158069      7488.098169487947      57730.38270674258      
404401.4959685122      2338.617508095977      7124.248021499872      57730.39747064376      
405358.8951463376      2850.231636092038      6698.199011568722      57730.4121231679       
406358.8190508229      3383.423969058891      6166.331493122716      57730.42832843847      
407351.2181690208      3910.648514649587      5549.228962171965      57730.44547709777      
408343.0486471709      4434.68155208194       4841.657349137342      57730.46384318724      
409341.2731403949      4958.062568492656      4035.245201166708      57730.48374995904      
410350.8419485064      5481.943386396042      3120.129454071135      57730.50554229481      
411360.6662730213      5998.894137152949      2100.491799500771      57730.529245367        
412409.8652380944      6526.516042726566      925.1577554900614      57730.55618005486      
413455.8562941182      7040.467050912806      -371.0236663072828     57730.58571605771      
414459.9237922441      7519.772015454804      -1739.94373966533      57730.61696605771      
415373.0986003048      7941.089162825643      -3098.753481201729     57730.64821605771      
416207.5790495315      8311.478671626273      -4442.575953333751     57730.67946605771      
416973.3698569135      8636.835896102513      -5768.387959965366     57730.71071605771      
417678.7332522675      8922.110845021869      -7074.374221759008     57730.74196605771      
418330.5461259288      9171.488116987575      -8359.514726090285     57730.77321605771      
418934.5787122294      9388.530953902085      -9623.316897240744     57730.80446605771      
419495.7112858122      9576.295558287948      -10865.639172062       57730.83571605771      
420018.1030120318      9737.421714219432      -12086.57322848402     57730.86696605771      
420505.3241800471      9874.204822928965      -13286.36445674799     57730.89821605771      
420960.46044029        9988.653444156138      -14465.35774187575     57730.92946605771      
421386.1955725892      10082.53555046697      -15623.96023025609     57730.96071605771      
421784.8777036965      10157.41594754336      -16762.61563476351     57730.99196605771      
422158.5726834965      10214.68676068008      -17881.78646539234     57731.02321605771      
422509.1074281615      10255.59243215675      -18981.94175597515     57731.05446605771      
422838.1053670315      10281.25036427619      -20063.54863323576     57731.08571605771      
423147.015630083       10292.66807226153      -21127.06658979133     57731.11696605771      
423437.1372381535      10290.75751926936      -22172.94366952893     57731.14821605771      
423709.6392755181      10276.34717703589      -23201.61400994169     57731.17946605771      
423965.5778110957      10250.19222591939      -24213.49634858974     57731.21071605771      
424205.9101715569      10212.98322161924      -25208.9932139095      57731.24196605771      
424431.5070440441      10165.35350654817      -26188.49059993987     57731.27321605771      
424643.162789934       10107.88557396464      -27152.35798068942     57731.30446605771      
424841.6042758367      10041.11655195806      -28100.94855991633     57731.33571605771      
425027.4984686903      9965.542959798095      -29034.59968084456     57731.36696605771      
425201.4589958198      9881.624845800969      -29953.63334110988     57731.39821605771      
425364.0518340369      9789.789395343036      -30858.3567733134      57731.42946605771      
425515.8002620863      9690.434099003109      -31749.06306255874     57731.46071605771      
425657.1891876493      9583.929539793204      -32626.03178040603     57731.49196605771      
425788.6689411323      9470.621847635157      -33489.52962058627     57731.52321605771      
425910.6586126807      9350.834878299534      -34339.81102616903     57731.55446605771      
426023.5489967587      9224.872149031235      -35177.11880107655     57731.58571605771      
426127.7051983568      9093.018557132051      -36001.68470119242     57731.61696605771      
426223.4689460819      8955.541920754127      -36813.73000204133     57731.64821605771      
426311.1606508117      8812.694359247133      -37613.46604128091     57731.67946605771      
426391.0812428094      8664.713526981381      -38401.09473516762     57731.71071605771      
426463.5138150096      8511.82372964816       -39176.80906881942     57731.74196605771      
426528.725096546       8354.236931767005      -39940.79356057142     57731.77321605771      
426586.9667772048      8192.153662084485      -40693.22470104849     57731.80446605771      
426638.4767002788      8025.763839804473      -41434.2713678015      57731.83571605771      
426683.4799392663      7855.247525214636      -42164.09521649824     57731.86696605771      
426722.1897718034      7680.775597006388      -42882.85104974697     57731.89821605771      
426754.8085621273      7502.510376199654      -43590.68716467181     57731.92946605771      
426781.5285623373      7320.606192364372      -44287.74568037439     57731.96071605771      
426802.5326410971      7135.209905719428      -44974.16284640355     57731.99196605771      
426817.9949476718      6946.461379332824      -45650.0693333312      57732.02321605771      
426828.0815178403      6754.493918437769      -46315.59050649584     57732.05446605771      
426832.950827752       6559.434674695975      -46970.84668393077     57732.08571605771      
426832.7543010745      6361.40501276623       -47615.95337944807     57732.11696605771      
426827.6367738825      6160.520854237642      -48251.02153179848     57732.14821605771      
426817.7369215119      5956.89299559635       -48876.15772077611     57732.17946605771      
426803.1876511173      5750.627396573524      -49491.46437108878     57732.21071605771      
426784.1164630066      5541.825453079156      -50097.03994476224     57732.24196605771      
426760.6457837503      5330.584250609641      -50692.97912280181     57732.27321605771      
426732.8932737269      5116.996793790724      -51279.37297678703     57732.30446605771      
426700.9721112627      4901.152225685313      -51856.30913103258     57732.33571605771      
426664.9912555248      4683.136032219732      -52423.87191590669     57732.36696605771      
426625.0556901043      4463.030226909133      -52982.14251285953     57732.39821605771      
426581.2666488132      4240.913529126992      -53531.19909167726     57732.42946605771      
426533.7218252886      4016.861530889801      -54071.11694044274     57732.46071605771      
426482.515567822       3790.946847004096      -54601.96858865297     57732.49196605771      
426427.7390605091      3563.23926222678       -55123.82392391025     57732.52321605771      
426369.4804919444      3333.805865411294      -55636.75030258016     57732.55446605771      
426307.8252123962      3102.711179436563      -56140.81265477921     57732.58571605771      
426242.8558804631      2870.01727672312       -56636.07358403356     57732.61696605771      
426174.6525999377      2635.783893766944      -57122.59346192579     57732.64821605771      
426103.2930476886      2400.06853913438       -57600.43051802635     57732.67946605771      
426028.8525932878      2162.926589300179      -58069.64092538664     57732.71071605771      
425951.4044109207      1924.41138495284       -58530.27888185229     57732.74196605771      
425871.0195842088      1684.574322084034      -58982.39668743823     57732.77321605771      
425787.7672044865      1443.464932123654      -59426.04481799143     57732.80446605771      
425701.7144629525      1201.130963664189      -59861.27199535285     57732.83571605771      
425612.9267371707      957.6184599924782      -60288.12525421561     57732.86696605771      
425521.4676723406      712.9718265952797      -60706.65000586532     57732.89821605771      
425427.3992576589      467.2339018104612      -61116.89009897452     57732.92946605771      
425330.7818981521      220.4460199999376      -61518.88787761494     57732.96071605771      
425231.6744822731      -27.35192436854413     -61912.68423663836     57732.99196605771      
425130.1344455614      -276.1214224178257     -62298.31867456939     57733.02321605771      
425026.2178306204      -525.8252932019459     -62675.82934414371     57733.05446605771      
424919.9793436644      -776.4276286378299     -63045.25310061748     57733.08571605771      
424811.4724078591      -1027.893747002832     -63406.62554796562     57733.11696605771      
424700.7492136647      -1280.190142572064     -63759.98108307998     57733.14821605771      
424587.8607663796      -1533.284437378989     -64105.35293807089     57733.17946605771      
424472.8569310484      -1787.14534112579      -64442.77322077082     57733.21071605771      
424355.7864749192      -2041.742606820117     -64772.27295353198     57733.24196605771      
424236.6971076043      -2297.046988165221     -65093.88211040411     57733.27321605771      
424115.6355190527      -2553.030204762475     -65407.62965277455     57733.30446605771      
423992.6474155201      -2809.664902020882     -65713.54356354804     57733.33571605771      
423867.777553614       -3066.924616634307     -66011.65087993702     57733.36696605771      
423741.0697725737      -3324.783739311242     -66301.97772493352     57733.39821605771      
423612.5670248216      -3583.217485655856     -66584.54933752446     57733.42946605771      
423482.3114049678      -3842.201862087117     -66859.39010171317     57733.46071605771      
423350.3441773285      -4101.71363289138      -67126.52357440458     57733.49196605771      
423216.70580199        -4361.730294533976     -67385.97251220676     57733.52321605771      
423081.4359595941      -4622.230044797474     -67637.75889720298     57733.55446605771      
422944.5735748848      -4883.191752863462     -67881.90396174075     57733.58571605771      
422806.1568390129      -5144.594936485097     -68118.42821228456     57733.61696605771      
422666.2232307969      -5406.419733119012     -68347.35145237696     57733.64821605771      
422524.8095368934      -5668.646875981718     -68568.69280474745     57733.67946605771      
422381.9518710248      -5931.257666713391     -68782.47073261038     57733.71071605771      
422237.6856921847      -6194.233955643198     -68988.70306018722     57733.74196605771      
422092.0458220341      -6457.55811650943      -69187.40699248985     57733.77321605771      
421945.066461464       -6721.213021793592     -69378.59913439759     57733.80446605771      
421796.7812062792      -6985.182024861628     -69562.29550906045     57733.83571605771      
421647.2230622155      -7249.448936437311     -69738.51157565777     57733.86696605771      
421496.4244592547      -7513.998001585598     -69907.26224654238     57733.89821605771      
421344.4172651657      -7778.813883413779     -70068.56190379649     57733.92946605771      
421191.2327985175      -8043.881640306834     -70222.42441522668     57733.96071605771      
421036.9018410206      -8309.186707745939     -70368.86314982119     57733.99196605771      
420881.4546493705      -8574.714876364942     -70507.89099269433     57734.02321605771      
420724.9209664197      -8840.452277323038     -70639.52035954111     57734.05446605771      
420567.3300319479      -9106.385361785677     -70763.76321062242     57734.08571605771      
420408.7105929493      -9372.500880724652     -70880.63106430166     57734.11696605771      
420249.0909133281      -9638.785871287047     -70990.13501015339     57734.14821605771      
420088.498783294       -9905.227636493451     -71092.28572166234     57734.17946605771      
419926.9615282526      -10171.81372937835     -71187.09346853077     57734.21071605771      
419764.5060173927      -10438.53193319418     -71274.56812861151     57734.24196605771      
419601.1586717366      -10705.37024881387     -71354.7191994835      57734.27321605771      
419436.9454719737      -10972.31687607387     -71427.55580968653     57734.30446605771      
419271.8919659614      -11239.36019530228     -71493.08672962835     57734.33571605771      
419106.0232757436      -11506.48875531125     -71551.32038218188     57734.36696605771      
418939.3641044176      -11773.69125526902     -71602.26485298439     57734.39821605771      
418771.9387427154      -12040.95652671108     -71645.92790045349     57734.42946605771      
418603.7710751375      -12308.27352198208     -71682.31696553378     57734.46071605771      
418434.8845860097      -12575.63129580179     -71711.43918118475     57734.49196605771      
418265.3023651759      -12843.01899113479     -71733.30138162541     57734.52321605771      
418095.0471135731      -13110.42582094708     -71747.91011134499     57734.55446605771      
417924.1411483772      -13377.84105705489     -71755.27163389383     57734.58571605771      
417752.606408113       -13645.25401273313     -71755.39194046338     57734.61696605771      
417580.4644575718      -13912.65402537164     -71748.27675826858     57734.64821605771      
417407.7364923332      -14180.03044550233     -71733.93155874251     57734.67946605771      
417234.4433433238      -14447.37261883366     -71712.36156555296     57734.71071605771      
417060.605481066       -14714.6698725263      -71683.57176245378     57734.74196605771      
416886.2430199048      -14981.91149725575     -71647.56690097849     57734.77321605771      
416711.3757218375      -15249.08673632206     -71604.35150798835     57734.80446605771      
416536.0230004073      -15516.18476841453     -71553.92989308276     57734.83571605771      
416360.2039244635      -15783.19469035075     -71496.30615588358     57734.86696605771      
416183.9372215596      -16050.10550614273     -71431.48419320202     57734.89821605771      
416007.2412814771      -16316.90610897032     -71359.46770609739     57734.92946605771      
415830.1341594755      -16583.58526734446     -71280.26020683846     57734.96071605771      
415652.6335795917      -16850.13160697237     -71193.86502577501     57734.99196605771      
415474.7569375611      -17116.53359963598     -71100.28531813093     57735.02321605771      
415296.5213038794      -17382.77954563194     -70999.52407072758     57735.05446605771      
415117.943426779       -17648.85755612358     -70891.58410864559     57735.08571605771      
414939.0397348563      -17914.75554178621     -70776.46810183721     57735.11696605771      
414759.8263399011      -18180.46119426628     -70654.17857169631     57735.14821605771      
414580.3190394742      -18445.9619717906      -70524.71789759744     57735.17946605771      
414400.5333195936      -18711.24508039837     -70388.08832341275     57735.21071605771      
414220.4843570467      -18976.29746215994     -70244.29196401713     57735.24196605771      
414040.1870219096      -19241.10577687184     -70093.33081179121     57735.27321605771      
413859.655880018       -19505.65638360549     -69935.20674313352     57735.30446605771      
413678.9051950917      -19769.93532852275     -69769.92152499036     57735.33571605771      
413497.9489311285      -20033.92832541784     -69597.4768214169      57735.36696605771      
413316.8007545583      -20297.6207403728      -69417.87420017672     57735.39821605771      
413135.4740365563      -20560.99757196291     -69231.115139395       57735.42946605771      
412953.9818549792      -20824.04343842684     -69037.20103427352     57735.46071605771      
412772.3369965695      -21086.74255823073     -68836.13320388171     57735.49196605771      
412590.5519591379      -21349.07873043322     -68627.91289803419     57735.52321605771      
412408.6389533983      -21611.03532129466     -68412.54130426845     57735.55446605771      
412226.6099051327      -21872.59524352786     -68190.01955493529     57735.58571605771      
412044.4764571235      -22133.74093963124     -67960.34873441594     57735.61696605771      
411862.2499712911      -22394.45436070146     -67723.52988647786     57735.64821605771      
411679.9415304473      -22654.71695219469     -67479.56402178676     57735.67946605771      
411497.5619404112      -22914.50963228228     -67228.45212558709     57735.71071605771      
411315.1217318944      -23173.81277427417     -66970.19516556719     57735.74196605771      
411132.63116262        -23432.60618448291     -66704.79409992574     57735.77321605771      
410950.1002190508      -23690.86908702895     -66432.24988565693     57735.80446605771      
410767.5386184717      -23948.580101918       -66152.56348706807     57735.83571605771      
410584.9558110937      -24205.71722284612     -65865.73588455342     57735.86696605771      
410402.3609817997      -24462.25780122374     -65571.76808363751     57735.89821605771      
410219.7630523169      -24718.17852271908     -65270.66112431204     57735.92946605771      
410037.1706831611      -24973.45538784714     -64962.41609068353     57735.96071605771      
409854.5922758635      -25228.06368793987     -64647.03412095481     57735.99196605771      
409672.0359747988      -25481.97798805308     -64324.51641776229     57736.02321605771      
409489.5096694725      -25735.17210235526     -63994.86425889235     57736.05446605771      
409307.0209965894      -25987.61907355482     -63658.0790083999      57736.08571605771      
409124.5773424321      -26239.29114768178     -63314.16212815544     57736.11696605771      
408942.18584484        -26490.15975581118     -62963.11518984757     57736.14821605771      
408759.8533956404      -26740.19548896227     -62604.93988746667     57736.17946605771      
408577.5866431487      -26989.36807268089     -62239.63805029896     57736.21071605771      
408395.3919943141      -27237.64634784946     -61867.21165646252     57736.24196605771      
408213.2756173969      -27484.99824392865     -61487.66284701353     57736.27321605771      
408031.2434444457      -27731.39075624734     -61100.99394065794     57736.30446605771      
407849.3011741446      -27976.78991861996     -60707.20744910062     57736.33571605771      
407667.4542742689      -28221.16078293807     -60306.30609306853     57736.36696605771      
407485.7079847236      -28464.46739118195     -59898.29281904426     57736.39821605771      
407304.0673203947      -28706.67275150408     -59483.17081674769     57736.42946605771      
407122.5370744194      -28947.73880964443     -59060.94353740681     57736.46071605771      
406941.1218210778      -29187.62642735962     -58631.6147128594      57736.49196605771      
406759.82591927        -29426.29535401132     -58195.18837552665     57736.52321605771      
406578.6535161476      -29663.70419788826     -57751.66887930817     57736.55446605771      
406397.6085504371      -29899.81040385426     -57301.0609214382      57736.58571605771      
406216.6947564504      -30134.5702234347      -56843.36956535911     57736.61696605771      
406035.9156679651      -30367.93868907873     -56378.60026465754     57736.64821605771      
405855.2746226251      -30599.86958382054     -55906.75888811718     57736.67946605771      
405674.7747660172      -30830.31541808819     -55427.85174594201     57736.71071605771      
405494.4190565113      -31059.22739902308     -54941.88561720567     57736.74196605771      
405314.2102700273      -31286.55540406584     -54448.86777858625     57736.77321605771      
405134.1510053966      -31512.24795003032     -53948.80603444335     57736.80446605771      
404954.2436894564      -31736.25216945627     -53441.7087483022      57736.83571605771      
404774.4905830051      -31958.51377957913     -52927.58487580644     57736.86696605771      
404594.8937867543      -32178.97705571656     -52406.44399920556     57736.89821605771      
404415.4552479792      -32397.58480028626     -51878.29636344353     57736.92946605771      
404236.1767669773      -32614.27831929081     -51343.15291391837     57736.96071605771      
404057.060004511       -32828.99739158883     -50801.02533598126     57736.99196605771      
403878.1064893449      -33041.68024279932     -50251.92609624939     57737.02321605771      
403699.3176266114      -33252.26351505266     -49695.8684858037      57737.05446605771      
403520.6947060919      -33460.68224447258     -49132.8666653462      57737.08571605771      
403342.2389116343      -33666.8698316961      -48562.93571239425     57737.11696605771      
403163.9513307987      -33870.75801733077     -47986.09167058463     57737.14821605771      
402985.8329654953      -34072.27685356665     -47402.35160116671     57737.17946605771      
402807.884742684       -34271.35468388312     -46811.73363676135     57737.21071605771      
402630.1075263392      -34467.91811689257     -46214.2570374604      57737.24196605771      
402452.5021301924      -34661.89200108768     -45609.94224934533     57737.27321605771      
402275.0693307389      -34853.19940729618     -44998.8109654994      57737.30446605771      
402097.8098817446      -35041.76160488593     -44380.88618958741     57737.33571605771      
401920.7245293218      -35227.49804372554     -43756.19230207519     57737.36696605771      
401743.8140283915      -35410.32633314431     -43124.75512915722     57737.39821605771      
401567.0791595801      -35590.16222994241     -42486.60201446121     57737.42946605771      
401390.5207478979      -35766.91962076269     -41841.76189358853     57737.46071605771      
401214.1396822535      -35940.51051089865     -41190.26537155086     57737.49196605771      
401037.9369366569      -36110.84501080911     -40532.14480315192     57737.52321605771      
400861.9135921489      -36277.83133246239     -39867.43437636289     57737.55446605771      
400686.0708608517      -36441.37578083875     -39196.17019872426     57737.58571605771      
400510.4101111843      -36601.38275274112     -38518.39038680698     57737.61696605771      
400334.9328951302      -36757.75473421781     -37834.13515874738     57737.64821605771      
400159.6409765862      -36910.39230879748     -37143.44692986447     57737.67946605771      
399984.5363622325      -37059.19416188817     -36446.37041135211     57737.71071605771      
399809.6213339575      -37204.05709357013     -35742.95271202564     57737.74196605771      
399634.8984837579      -37344.87603112248     -35033.2434430843      57737.77321605771      
399460.3707501335      -37481.54405356304     -34317.29482583547     57737.80446605771      
399286.0414574567      -37613.95241357887     -33595.16180230473     57737.83571605771      
399111.9143573383      -37741.99056915358     -32866.90214863274     57737.86696605771      
398937.9936729377      -37865.5462162675      -32132.57659114103     57737.89821605771      
398764.2841452217      -37984.50533502275     -31392.24892491594     57737.92946605771      
398590.7910826832      -38098.75223458967     -30645.98613473724     57737.96071605771      
398417.5204135252      -38208.16960934772     -29893.85851814345     57737.99196605771      
398244.4787412691      -38312.63859761997     -29135.93981039588     57738.02321605771      
398071.6734027716      -38412.03885540878     -28372.30731106689     57738.05446605771      
397899.1125301751      -38506.24863052965     -27603.04201193937     57738.08571605771      
397726.8051157647      -38595.14484955918     -26828.22872586633     57738.11696605771      
397554.7610806889      -38678.60320899104     -26047.95621619772     57738.14821605771      
397382.9913464846      -38756.49828302933     -25262.31732633529     57738.17946605771      
397211.507910924       -38828.70363338225     -24471.40910893207     57738.21071605771      
397040.3239271034      -38895.09193346756     -23675.33295420531     57738.24196605771      
396869.4537866951      -38955.53509837374     -22874.19471678036     57738.27321605771      
396698.9132062403      -39009.90443297115     -22068.10484043675     57738.30446605771      
396528.7193179526      -39058.07078344224     -21257.17848007064     57738.33571605771      
396358.8907638711      -39099.90470457259     -20441.53562014096     57738.36696605771      
396189.4477942085      -39135.27663402222     -19621.30118881239     57738.39821605771      
396020.4123686734      -39164.05708585781     -18796.60516695917     57738.42946605771      
395851.8082621462      -39186.11684843792     -17967.58269114283     57738.46071605771      
395683.6611734224      -39201.32719882979     -17134.37414962822     57738.49196605771      
395515.9988377523      -39209.56012475977     -16297.1252704628      57738.52321605771      
395348.8511418115      -39210.68856616092     -15455.98720059701     57738.55446605771      
395182.2502423406      -39204.58666112972     -14611.11657499138     57738.58571605771      
395016.2306870781      -39191.13000744364     -13762.67557462456     57738.61696605771      
394850.8295380299      -39170.19593560482     -12910.83197229245     57738.64821605771      
394686.0864970755      -39141.66378927068     -12055.75916507244     57738.67946605771      
394522.0440323813      -39105.4152239535      -11197.63619232146     57738.71071605771      
394358.747506624       -39061.33450830011     -10336.6477380764      57738.74196605771      
394196.2453053164      -39009.30883937037     -9472.9841167423       57738.77321605771      
394034.5889655384      -38949.22866203772     -8606.841240979033     57738.80446605771      
393873.8333032588      -38880.98800370621     -7738.420570734917     57738.83571605771      
393714.0365400371      -38804.48480816833     -6867.929042432312     57738.86696605771      
393555.2604271818      -38719.62127955065     -5995.578977373283     57738.89821605771      
393397.5703674666      -38626.30422598113     -5121.587968521286     57738.92946605771      
393241.0355323895      -38524.44541369606     -4246.178744911565     57738.96071605771      
393085.7289755746      -38413.9619149213      -3369.579013056005     57738.99196605771      
392931.7277402297      -38294.77646002597     -2492.021274842438     57739.02321605771      
392779.1129605981      -38166.81778313325     -1613.742621569487     57739.05446605771      
392627.96995528        -38030.0209715068      -734.9845039235079     57739.08571605771      
392478.3883129029      -37884.32780166304     144.0075221274747      57739.11696605771      
392330.4619680743      -37729.68707163304     1022.984073356318      57739.14821605771      
392184.2892670053      -37566.05492358965     1901.692240855569      57739.17946605771      
392039.9730222112      -37393.39515102362     2779.875914606382      57739.21071605771      
391897.6205542841      -37211.67949982294     3657.276130256651      57739.24196605771      
391757.343721287       -37020.88794606496     4533.631437118253      57739.27321605771      
391619.2589337902      -36821.00896068391     5408.678286168521      57739.30446605771      
391483.4871556329      -36612.03974998745     6282.151436634857      57739.33571605771      
391350.1538885895      -36393.98648233253     7153.784379528195      57739.36696605771      
391219.3891417522      -36166.86448404867     8023.309776293056      57739.39821605771      
391091.3273839945      -35930.69841515239     8890.45991055679       57739.42946605771      
390966.1074799662      -35685.52241429278     9754.967150784854      57739.46071605771      
390843.8726082366      -35431.38022380418     10616.56442150063      57739.49196605771      
390724.7701628252      -35168.32527858402     11474.98568059472      57739.52321605771      
390608.9516370677      -34896.42076931305     12329.96640014375      57739.55446605771      
390496.5724902927      -34615.73967555897     13181.24404807904      57739.58571605771      
390387.7919979053      -34326.36476453858     14028.55856799285      57739.61696605771      
390282.7730842818      -34028.3885667506      14871.65285435153      57739.64821605771      
390181.6821403601      -33721.91331333926     15710.27322039404      57739.67946605771      
390084.6888255393      -33407.05084765049     16544.16985603306      57739.71071605771      
389991.9658554877      -33083.9225024064      17373.09727315305      57739.74196605771      
389903.688775763       -32752.65895544491     18196.8147357952       57739.77321605771      
389820.0357235838      -32413.40004982876     19015.08667285286      57739.80446605771      
389741.1871778716      -32066.29459170853     19827.6830710599       57739.83571605771      
389667.3256995642      -31711.50011823841     20634.37984622807      57739.86696605771      
389598.635662525       -31349.1826493097      21434.95919089747      57739.89821605771      
389535.3029776649      -30979.51640964807     22229.2098967809       57739.92946605771      
389477.5148107705      -30602.68353457495     23016.92765061445      57739.96071605771      
389425.4592958086      -30218.87375763195     23797.91530227446      57739.99196605771      
389379.3252454582      -29828.2840783521      24571.98310426658      57740.02321605771      
389339.3018594657      -29431.11842374031     25338.94892194994      57740.05446605771      
389305.5784334354      -29027.58729042728     26098.63841410908      57740.08571605771      
389278.3440685437      -28617.90738186498     26850.88518373405      57740.11696605771      
389257.7873842276      -28202.30123361072     27595.5308991114       57740.14821605771      
389244.0962342711      -27780.99684102416     28332.42538555348      57740.17946605771      
389237.4574286454      -27354.22727623586     29061.42668831248      57740.21071605771      
389238.0564614305      -26922.23030781791     29782.40110742362      57740.24196605771      
389246.0772461785      -26485.24802126867     30495.22320540239      57740.27321605771      
389261.7018599548      -26043.52643830937     31199.77578888596      57740.30446605771      
389285.1102961673      -25597.31514811384     31895.94986544692      57740.33571605771      
389316.4802279979      -25146.86693679415     32583.64457693377      57740.36696605771      
389355.9867823347      -24692.4374279933      33262.76711078732      57740.39821605771      
389403.8023250435      -24234.28473206316     33933.23259086661      57740.42946605771      
389460.0962582739      -23772.66910115003     34594.96394937056      57740.46071605771      
389525.0348294561      -23307.85260262393     35247.89178148673      57740.49196605771      
389598.7809532064      -22840.09879641615     35891.95418441476      57740.52321605771      
389681.4940455506      -22369.67242922277     36527.09658241518      57740.55446605771      
389773.329871091       -21896.83913709365     37153.27153952321      57740.58571605771      
389874.4404024251      -21421.8651687868      37770.43856153754      57740.61696605771      
389984.9736925995      -20945.01711517136     38378.56388885464      57740.64821605771      
390105.0737597896      -20466.56165627067     38977.62028166567      57740.67946605771      
390234.8804842163      -19986.76532222146     39567.58679897476      57740.71071605771      
390374.5295172107      -19505.89426432758     40148.44857282436      57740.74196605771      
390524.1522015189      -19024.21404758084     40720.19657904013      57740.77321605771      
390683.8755032598      -18541.98944919207     41282.82740572716      57740.80446605771      
390853.8219545374      -18059.48427435337     41836.34302066322      57740.83571605771      
391034.109606475       -17576.96118510783     42380.75053865064      57740.86696605771      
391224.851992373       -17094.6815381382      42916.06198979969      57740.89821605771      
391426.1580999934      -16612.90524255607     43442.29408962945      57740.92946605771      
391638.1323531666      -16131.8906219397      43959.46801178578      57740.96071605771      
391860.8746016663      -15651.89429240001     44467.60916409212      57740.99196605771      
392094.4801192364      -15173.17104698819     44966.74696856503      57741.02321605771      
392339.0396087679      -14695.97375820519     45456.91464595016      57741.05446605771      
392594.6392147369      -14220.55328275597     45938.14900525576      57741.08571605771      
392861.3605419442      -13747.15837952663     46410.49023869226      57741.11696605771      
393139.280680227       -13276.03563642737     46873.98172235726      57741.14821605771      
393428.472234796       -12807.42940173324     47328.66982294239      57741.17946605771      
393729.00336134        -12341.58173094114     47774.60371068088      57741.21071605771      
394040.9378059856      -11878.73233326288     48211.83517869984      57741.24196605771      
394364.3349492789      -11419.11852879455     48640.41846889205      57741.27321605771      
394699.2498539265      -10962.9752120449      49060.41010437704      57741.30446605771      
395045.7333160012      -10510.53481750556     49471.86872857948      57741.33571605771      
395403.8319189206      -10062.02729838714     49874.85495091794      57741.36696605771      
395773.5880902808      -9617.680102681363     50269.43119906286      57741.39821605771      
396155.0401608875      -9177.718157709423     50655.66157769459      57741.42946605771      
396548.2224257863      -8742.363858924786     51033.61173366663      57741.46071605771      
396953.1652070835      -8311.837058738929     51403.34872745773      57741.49196605771      
397369.8949180242      -7886.355066632794     51764.94091077761      57741.52321605771      
397798.434128423       -7466.132644765748     52118.45781017482      57741.55446605771      
398238.8016309488      -7051.382010383786     52463.97001648339      57741.58571605771      
398691.0125081392      -6642.312840883969     52801.54907993216      57741.61696605771      
399155.0782000044      -6239.132277389472     53131.2674107351       57741.64821605771      
399631.0065718371      -5842.044938240055     53453.19818497197      57741.67946605771      
400118.8019823272      -5451.252926647532     53767.41525556561      57741.71071605771      
400618.4653516231      -5066.955843953408     54073.99306815913      57741.74196605771      
401129.9942292745      -4689.350804420836     54373.0065816948       57741.77321605771      
401653.382861965       -4318.632447484735     54664.53119349614      57741.80446605771      
402188.6222607849      -3954.9929589928       54948.64266865627      57741.83571605771      
402735.7002681266      -3598.622085701849     55225.41707353687      57741.86696605771      
403294.6016239647      -3249.707154585987     55494.93071318647      57741.89821605771      
403865.3080314932      -2908.433092943822     55757.26007248852      57741.92946605771      
404447.7982220678      -2574.982445272719     56012.48176085563      57741.96071605771      
405042.048019301       -2249.535398558684     56260.67246029047      57741.99196605771      
405648.0304023725      -1932.269800230875     56501.90887663893      57742.02321605771      
406265.7155684135      -1623.361180442662     56736.26769386679      57742.05446605771      
406895.0709939544      -1322.982774698379     56963.82553119734      57742.08571605771      
407536.0614954125      -1031.305542817972     57184.65890295326      57742.11696605771      
408188.6492885418      -748.4981959895449     57398.84418095098      57742.14821605771      
408852.7940468789      -474.727216116873      57606.45755930462      57742.17946605771      
409528.4529591182      -210.1568792195249     57807.57502149983      57742.21071605771      
410215.580785418       45.05072108525928      58002.27230960636      57742.24196605771      
410914.1299126191      290.7356540167457      58190.62489550293      57742.27321605771      
411624.0504083656      526.7401241428815      58372.70795399543      57742.30446605771      
412345.2900741252      752.9084518233649      58548.59633771356      57742.33571605771      
413077.7944970995      969.0870497418291      58718.36455367903      57742.36696605771      
413821.5071010258      1175.124400294873      58882.08674144265      57742.39821605771      
414576.3691958727      1370.871032269024      59039.83665269401      57742.42946605771      
415342.3200264178      1556.17950160474       59191.68763225205      57742.46071605771      
416119.2968197473      1730.90436430827       59337.71260035135      57742.49196605771      
416907.2348316376      1894.90215745983       59477.98403614226      57742.52321605771      
417706.0673918608      2048.031376379906      59612.57396232974      57742.55446605771      
418515.7259484121      2190.152451940463      59741.55393087857      57742.58571605771      
419336.1401106507      2321.127732045803      59864.99500971852      57742.61696605771      
420167.2376914182      2440.821455262514      59982.96777038649      57742.64821605771      
421008.944748075       2549.099732639821      60095.54227654689      57742.67946605771      
421861.1856225212      2645.830525703957      60202.78807333555      57742.71071605771      
422723.8829801967      2730.883624632454      60304.77417747575      57742.74196605771      
423596.9578480528      2804.130630657375      60401.56906811904      57742.77321605771      
424480.3296515764      2865.444930593851      60493.24067836595      57742.80446605771      
425373.9162507905      2914.701679640009      60579.85638742576      57742.83571605771      
426277.6339753154      2951.777780349348      60661.4830133768       57742.86696605771      
427191.3976584774      2976.551862620701      60738.18680649158      57742.89821605771      
428115.1206704922      2988.904263089047      60810.03344309394      57742.92946605771      
429048.7149507045      2988.717008806394      60877.08801991793      57742.96071605771      
429992.0910389845      2975.873793007959      60939.4150489395       57742.99196605771      
430945.158106186       2950.25995924314       60997.07845265572      57743.02321605771      
431907.8239837673      2911.762481672136      61050.14155978706      57743.05446605771      
432879.9951925611      2860.269945592769      61098.66710138058      57743.08571605771      
433861.5769706884      2795.672532309167      61142.71720729361      57743.11696605771      
434852.4733007073      2717.861996049047      61182.35340303933      57743.14821605771      
435852.586935915       2626.731649327314      61217.63660697649      57743.17946605771      
436861.8194258941      2522.17634446891       61248.62712782775      57743.21071605771      
437880.0711412914      2404.092456210929      61275.38466251203      57743.24196605771      
438907.2412978568      2272.377863742426      61297.96829427694      57743.27321605771      
439943.227979734       2126.931937150875      61316.4364911196       57743.30446605771      
440987.9281620835      1967.655515871771      61330.84710448396      57743.33571605771      
442041.237732972       1794.450895686401      61341.25736822456      57743.36696605771      
443103.0515146113      1607.22181187052       61347.72389782671      57743.39821605771      
444173.2632839357      1405.873423457153      61350.30268987478      57743.42946605771      
445251.7657925438      1190.312296957598      61349.04912175977      57743.46071605771      
446338.4507860148      960.4463945549905      61344.01795161916      57743.49196605771      
447433.2090226386      716.1850542503398      61335.26331850188      57743.52321605771      
448535.9302915466      457.4389786600768      61322.83874275147      57743.55446605771      
449646.5034302862      184.1202199513045      61306.79712660221      57743.58571605771      
450764.8163418478      -103.8578340767017     61287.19075498146      57743.61696605771      
451890.7560111603      -406.5804744378147     61264.07129651382      57743.64821605771      
453024.2085210828      -724.1316808693882     61237.48980472152      57743.67946605771      
454165.0590678936      -1056.594139850026     61207.49671941627      57743.71071605771      
455313.1919763134      -1404.049253866028     61174.14186827815      57743.74196605771      
456468.4907140675      -1766.577154563007     61137.47446861703      57743.77321605771      
457630.8379060053      -2144.256715577084     61097.54312931222      57743.80446605771      
458800.11534782        -2537.16556078568      61054.39585292636      57743.83571605771      
459976.2040193218      -2945.380080724424     61008.08003798932      57743.86696605771      
461158.9840973659      -3368.975440177007     60958.64248144816      57743.89821605771      
462348.3349683892      -3808.025589678041     60906.12938127955      57743.92946605771      
463544.1352406006      -4262.603275834213     60850.58633926021      57743.96071605771      
464746.2627558236      -4732.780052171923     60792.05836389193      57743.99196605771      
465954.5946010653      -5218.626285359569     60730.58987347719      57744.02321605771      
467169.0071196936      -5720.211169682025     60666.22469934147      57744.05446605771      
468389.3759224131      -6237.602732605344     60599.0060891981       57744.08571605771      
469615.5758979267      -6770.867844302189     60528.97671065262      57744.11696605771      
470847.4812233482      -7320.072225994823     60456.17865484126      57744.14821605771      
472084.9653743752      -7885.2804579741       60380.65344020079      57744.17946605771      
473327.9011352157      -8466.555988167662     60302.4420163652       57744.21071605771      
474576.1606083841      -9063.961136048421     60221.58476818519      57744.24196605771      
475829.6152241413      -9677.557104912205     60138.1215198658       57744.27321605771      
477088.1357499032      -10307.4039851661      60052.09153921943      57744.30446605771      
478351.5922994011      -10953.56076165083     59963.53354202789      57744.33571605771      
479619.8543416992      -11616.08531979438     59872.48569651153      57744.36696605771      
480892.7907100405      -12295.0344523481      59778.98562789896      57744.39821605771      
482170.2696106718      -12990.46386144548     59683.07042309499      57744.42946605771      
483452.1586313223      -13702.42816914668     59584.77663544033      57744.46071605771      
484738.3247497891      -14430.9809189358      59484.14028956069      57744.49196605771      
486028.6343423131      -15176.1745813241      59381.19688629902      57744.52321605771      
487322.9531918864      -15938.06055829823     59275.98140772811      57744.55446605771      
488621.1464964434      -16716.68918842337     59168.52832223756      57744.58571605771      
489923.0788771328      -17512.10974724474     59058.87158969117      57744.61696605771      
491228.6143862273      -18324.37045630091     58947.04466665091      57744.64821605771      
492537.6165152725      -19153.51848303901     58833.08051166173      57744.67946605771      
493849.9482030438      -19999.59994492325     58717.01159059418      57744.71071605771      
495165.4718434904      -20862.65991243191     58598.86988203879      57744.74196605771      
496484.0492936085      -21742.742412729       58478.68688274932      57744.77321605771      
497805.5418814824      -22639.89042864981     58356.49361312929      57744.80446605771      
499129.81041392        -23554.14590642741     58232.32062275798      57744.83571605771      
500456.7151844555      -24485.54975427792     58106.19799595176      57744.86696605771      
501786.115981155       -25434.14184526596     57978.1553573557       57744.89821605771      
503117.872094454       -26399.96101909289     57848.2218775623       57744.92946605771      
504451.8423249971      -27383.04508370984     57716.42627875235      57744.96071605771      
505787.8849914286      -28383.43081766863     57582.79684035439      57744.99196605771      
507125.8579384471      -29401.15396778388     57447.36140471789      57745.02321605771      
508465.6185443677      -30436.24925569342     57310.147382798        57745.05446605771      
509807.0237291979      -31488.75037522366     57171.1817598457       57745.08571605771      
511149.9299624832      -32558.68999413904     57030.49110110164      57745.11696605771      
512494.1932712214      -33646.09975485399     56888.10155748858      57745.14821605771      
513839.6692477983      -34751.0102750206      56744.0388712999       57745.17946605771      
515186.2130578827      -35873.45114891331     56598.32838188011      57745.21071605771      
516533.6794486635      -37013.45094412329     56450.99503129402      57745.24196605771      
517881.9227564818      -38171.03720730277     56302.06336998127      57745.27321605771      
519230.7969151162      -39346.23646065851     56151.55756239402      57745.30446605771      
520580.1554637836      -40539.07420292708     55999.50139261308      57745.33571605771      
521929.851555229       -41749.57490934984     55845.91826994097      57745.36696605771      
523279.737963844       -42977.76203156746     55690.83123446852      57745.39821605771      
524629.667093733       -44223.65799836613     55534.2629626119       57745.42946605771      
525979.4909871959      -45487.28421172472     55376.23577261894      57745.46071605771      
527329.0613324646      -46768.66105205698     55216.77163004002      57745.49196605771      
528678.229472234       -48067.80787413985     55055.8921531637       57745.52321605771      
530026.8464118353      -49384.74300761526     54893.61861841219      57745.55446605771      
531374.7628275095      -50719.48375651917     54729.97196569748      57745.58571605771      
532721.8290747049      -52072.04639876704     54564.97280373293      57745.61696605771      
534067.8951963012      -53442.44618653699     54398.64141530148      57745.64821605771      
535412.8109313202      -54830.69734193842     54230.99776247604      57745.67946605771      
536756.4257227302      -56236.81306200808     54062.06149179208      57745.71071605771      
538098.5887261875      -57660.80551432544     53891.85193937064      57745.74196605771      
539439.1488183358      -59102.68583728059     53720.38813598909      57745.77321605771      
540777.9546052127      -60562.46413938958     53547.68881210033      57745.80446605771      
542114.8544306654      -62040.14949859426     53373.77240279678      57745.83571605771      
543449.69638467        -63535.74996249648     53198.65705271959      57745.86696605771      
544782.3283122052      -65049.27254385177     53022.3606209125       57745.89821605771      
546112.5978210438      -66580.72322551699     52844.900685617        57745.92946605771      
547440.3522906343      -68130.10695593778     52666.29454901058      57745.96071605771      
548765.4388804452      -69697.42764936191     52486.5592418853       57745.99196605771      
550087.7045384187      -71282.68818511048     52305.71152826746      57746.02321605771      
551406.9960094242      -72885.89040685128     52123.76790997678      57746.05446605771      
552723.1598435801      -74507.03512283564     51940.74463112438      57746.08571605771      
554036.0424052116      -76146.12210136399     51756.65768255059      57746.11696605771      
555345.4898805288      -77803.15007581581     51571.52280620016      57746.14821605771      
556651.3482865656      -79478.11674013991     51385.35549943641      57746.17946605771      
557953.4634794767      -81171.01874913048     51198.17101929287      57746.21071605771      
559251.6811629506      -82881.851717766       51009.98438666256      57746.24196605771      
560545.8468966079      -84610.61022056018     50820.81039042513      57746.27321605771      
561835.8061043875      -86357.28779093365     50630.66359151193      57746.30446605771      
563121.4040827637      -88121.87692156603     50439.55832690766      57746.33571605771      
564402.4860096979      -89904.36905993981     50247.50871359083      57746.36696605771      
565678.8969520755      -91704.75461355961     50054.52865241146      57746.39821605771      
566950.481874612       -93523.02294553778     49860.63183190697      57746.42946605771      
568217.0856479949      -95359.16237502643     49665.83173205606      57746.46071605771      
569478.5530571522      -97213.16017670737     49470.14162797127      57746.49196605771      
570734.7288094934      -99085.002580303       49273.57459353055      57746.52321605771      
571985.4575431299      -100974.6747701089     49076.14350494766      57746.55446605771      
573230.5838348904      -102882.1608855276     48877.86104428234      57746.58571605771      
574469.9522091796      -104807.4440167435     48678.73970289066      57746.61696605771      
575703.4071450771      -106750.5062101787     48478.79178481542      57746.64821605771      
576930.7930851327      -108711.3284642175     48278.02941011793      57746.67946605771      
578151.9544432709      -110689.8907298299     48076.46451815093      57746.71071605771      
579366.7356128377      -112686.1719102439     47874.10887077395      57746.74196605771      
580574.9809746149      -114700.14986064       47670.97405551122      57746.77321605771      
581776.5349048023      -116731.8013878701     47467.07148865226      57746.80446605771      
582971.2417827697      -118781.1022511836     47262.41241829726      57746.83571605771      
584158.9459997686      -120848.0271580516     47057.00792734596      57746.86696605771      
585339.4919656281      -122932.5497698611     46850.86893643247      57746.89821605771      
586512.7241173957      -125034.6426977866     46644.0062068055       57746.92946605771      
587678.4869269563      -127154.2775036055     46436.43034315511      57746.96071605771      
588836.6249088161      -129291.4246995495     46228.15179638693      57746.99196605771      
589986.98262785        -131446.0537481801     46019.18086634358      57747.02321605771      
591129.4047070178      -133618.1330622828     45809.52770447585      57747.05446605771      
592263.7358348162      -135807.6300057776     45599.20231646218      57747.08571605771      
593389.8207738282      -138014.5108896808     45388.21456477832      57747.11696605771      
594507.5043669863      -140238.7409780222     45176.57417121899      57747.14821605771      
595616.6315460469      -142480.2844838483     44964.29071936943      57747.17946605771      
596717.0473389099      -144739.1045702122     44751.37365703032      57747.21071605771      
597808.5968771314      -147015.1633501865     44537.83229859543      57747.24196605771      
598891.1254034002      -149308.4218868992     44323.67582738295      57747.27321605771      
599964.478278983       -151618.840193583      44108.91329792203      57747.30446605771      
601028.5009911379      -153946.3772336475     43893.55363819344      57747.33571605771      
602083.0391602339      -156290.9909217668     43677.60565182753      57747.36696605771      
603127.9385481332      -158652.6381199775     43461.0780202577       57747.39821605771      
604163.0450639671      -161031.2746438106     43243.97930483299      57747.42946605771      
605188.2047724472      -163426.8552584236     43026.31794888724      57747.46071605771      
606203.2639008681      -165839.3336797564     42808.10227976862      57747.49196605771      
607208.0688463363      -168268.6625747027     42589.34051082775      57747.52321605771      
608202.466182969       -170714.7935612962     42370.04074336757      57747.55446605771      
609186.3026690666      -173177.6772089128     42150.21096855294      57747.58571605771      
610159.4252542575      -175657.2630384883     41929.85906928338      57747.61696605771      
611121.6810863224      -178153.4995237611     41708.99282202759      57747.64821605771      
612072.9175194547      -180666.3340874809     41487.61989862155      57747.67946605771      
613012.9821195825      -183195.7131077286     41265.74786803091      57747.71071605771      
613941.7226725706      -185741.5819141555     41043.38419807737      57747.74196605771      
614858.9871909525      -188303.884789285      40820.53625713088      57747.77321605771      
615764.6239209251      -190882.5649688173     40597.21131576778      57747.80446605771      
616658.4813493268      -193477.5646419516     40373.41654839559      57747.83571605771      
617540.4082105891      -196088.8249517193     40149.15903484492      57747.86696605771      
618410.2534936724      -198716.2859953337     39924.44576192967      57747.89821605771      
619267.8664486521      -201359.886825569      39699.28362497585      57747.92946605771      
620113.0965949243      -204019.5654470742     39473.67942931899      57747.96071605771      
620945.7937261276      -206695.2588228597     39247.63989177186      57747.99196605771      
621765.807918306       -209386.9028706406     39021.17164206307      57748.02321605771      
622572.989536432       -212094.4324642729     38794.2812242457       57748.05446605771      
623367.1892412383      -214817.7814341885     38566.9750980784       57748.08571605771      
624148.2579960356      -217556.8825678458     38339.25964037809      57748.11696605771      
624916.0470735179      -220311.667610194      38111.14114634573      57748.14821605771      
625670.4080625551      -223082.0672641526     37882.62583086549      57748.17946605771      
626411.1928749738      -225868.0111911076     37653.71982977723      57748.21071605771      
627138.2537519584      -228669.4280124415     37424.42920112493      57748.24196605771      
627851.4432722885      -231486.2453059776     37194.75992637684      57748.27321605771      
628550.6143568844      -234318.3896126465     36964.71791162528      57748.30446605771      
629235.6202770179      -237165.7864329615     36734.30898875924      57748.33571605771      
629906.3146606854      -240028.3602286159     36503.53891661443      57748.36696605771      
630562.5514993387      -242906.0344230746     36272.41338210058      57748.39821605771      
631204.1851546107      -245798.7314021832     36040.93800130623      57748.42946605771      
631831.070365037       -248706.3725147966     35809.11832058028      57748.46071605771      
632443.0622527741      -251628.8780734243     35576.95981759363      57748.49196605771      
633040.0163303121      -254566.1673548966     35344.46790237792      57748.52321605771      
633621.7885067713      -257518.1586020771     35111.64791834587      57748.55446605771      
634188.2350962663      -260484.7690204621     34878.50514328765      57748.58571605771      
634739.2128221459      -263465.9147850489     34645.04479035185      57748.61696605771      
635274.5788253444      -266461.511036986      34411.27200900318      57748.64821605771      
635794.1906706815      -269471.4718853608     34177.19188596384      57748.67946605771      
636297.9063535735      -272495.7104079874     33942.80944613414      57748.71071605771      
636785.5843067472      -275534.1386522134     33708.12965349693      57748.74196605771      
637257.0834069547      -278586.6676357544     33473.15741200239      57748.77321605771      
637712.2629816921      -281653.2073475467     33237.89756643647      57748.80446605771      
638150.9828159227      -284733.6667486273     33002.354903272        57748.83571605771      
638573.1031588031      -287827.9537730372     32766.53415150283      57748.86696605771      
638978.4847299511      -290935.9753297755     32530.43998346227      57748.89821605771      
639366.988728032       -294057.6372996541     32294.07701562357      57748.92946605771      
639738.4768347343      -297192.8445424286     32057.44980938829      57748.96071605771      
640092.8112233587      -300341.5008937075     31820.56287185557      57748.99196605771      
640429.8545651148      -303503.5091670132     31583.42065657864      57749.02321605771      
640749.4700358846      -306678.7711548471     31346.02756430599      57749.05446605771      
641051.521322992       -309867.1876297839     31108.38794370813      57749.08571605771      
641335.8726319831      -313068.6583455962     30870.5060920906       57749.11696605771      
641602.3886934115      -316283.0820384097     30632.3862560922       57749.14821605771      
641850.9347696347      -319510.3564278898     30394.03263237191      57749.17946605771      
642081.3766616182      -322750.3782184598     30155.44936827917      57749.21071605771      
642293.5807157505      -326003.0431005538     29916.64056251547      57749.24196605771      
642487.4138301439      -329268.2457529244     29677.61026577992      57749.27321605771      
642662.7434635477      -332545.8798398708     29438.36248140302      57749.30446605771      
642819.4376390805      -335835.8380187331     29198.90116597078      57749.33571605771      
642957.3649531517      -339138.0119371901     28959.23022993404      57749.36696605771      
643076.3945818102      -342452.2922357114     28719.35353820727      57749.39821605771      
643176.3962876176      -345778.568549022      28479.27491075688      57749.42946605771      
643257.2404265333      -349116.7295076073     28238.99812317704      57749.46071605771      
643318.7979548092      -352466.6627392554     27998.52690725567      57749.49196605771      
643360.9404358969      -355828.2548706401     27757.8649515291       57749.52321605771      
643383.5400473624      -359201.3915289443     27517.01590182717      57749.55446605771      
643386.4695878153      -362585.957343525      27275.98336180672      57749.58571605771      
643369.6024838465      -365981.8359476213     27034.77089347725      57749.61696605771      
643332.8127963953      -369388.9099811199     26793.38201771522      57749.64821605771      
643275.9752300261      -372807.0610882813     26551.82021476756      57749.67946605771      
643198.9651364315      -376236.1699256828     26310.0889247508       57749.71071605771      
643101.6585237178      -379676.1161600313     26068.19154813455      57749.74196605771      
642983.9320628204      -383126.7784711105     25826.13144622126      57749.77321605771      
642845.6630945047      -386588.0345537589     25583.91194161482      57749.80446605771      
642686.7296363739      -390059.7611198928     25341.53631868018      57749.83571605771      
642507.0103898924      -393541.8339005789     25099.0078239959       57749.86696605771      
642306.3847474115      -397034.1276481567     24856.32966679882      57749.89821605771      
642084.7327992098      -400536.5161384092     24613.50501941814      57749.92946605771      
641841.9353405386      -404048.8721727849     24370.53701770492      57749.96071605771      
641577.8738786791      -407571.0675806712     24127.42876145217      57749.99196605771      
641292.4306400038      -411102.9732217201     23884.18331480637      57750.02321605771      
640985.4885770498      -414644.4589882254     23640.80370667408      57750.05446605771      
640656.9313749442      -418195.3938085598     23397.29293112049      57750.08571605771      
640306.6434610933      -421755.6456456364     23153.65394775785      57750.11696605771      
639934.5100083782      -425325.0815054871     22909.88968213339      57750.14821605771      
639540.4169448446      -428903.5674358311     22666.00302610442      57750.17946605771      
639124.2509601619      -432490.9685297338     22421.99683820939      57750.21071605771      
638685.8995127301      -436087.1489283156     22177.87394403311      57750.24196605771      
638225.2508367939      -439691.9718235169     21933.63713656372      57750.27321605771      
637742.1939495618      -443305.2994609224     21689.28917654569      57750.30446605771      
637236.6186583255      -446926.9931426438     21444.83279282448      57750.33571605771      
636708.4155675838      -450556.913230261      21200.27068268729      57750.36696605771      
636157.4760861702      -454194.9191478229     20955.60551219597      57750.39821605771      
635583.6924343802      -457840.8693849104     20710.83991651639      57750.42946605771      
634986.9576511004      -461494.6214997578     20465.97650024091      57750.46071605771      
634367.1656009374      -465156.0321224385     20221.01783770561      57750.49196605771      
633724.2109813488      -468824.9569581093     19975.96647330211      57750.52321605771      
633057.9893290368      -472501.2507913074     19730.82492178516      57750.55446605771      
632368.3970299985      -476184.7674853706     19485.59566857194      57750.58571605771      
631655.3313222758      -479875.3599918012     19240.28117004188      57750.61696605771      
630918.6903059857      -483572.8803498112     18994.88385382702      57750.64821605771      
630158.372949712       -487277.1796908737     18749.40611909871      57750.67946605771      
629374.2790976177      -490988.1082423519     18503.8503368501       57750.71071605771      
628566.3094765515      -494705.5153311915     18258.21885017416      57750.74196605771      
627734.3657031488      -498429.2493876801     18012.51397453714      57750.77321605771      
626878.3502909249      -502159.1579492717     17766.73799804645      57750.80446605771      
625998.1666573614      -505895.0876644781     17520.89318171638      57750.83571605771      
625093.7191309817      -509636.8842968264     17274.98175972846      57750.86696605771      
624164.9129584207      -513384.3927288843     17029.00593968661      57750.89821605771      
623211.654311478       -517137.4569663508     16782.96790287056      57750.92946605771      
622233.8502941672      -520895.9201422177     16536.86980448401      57750.96071605771      
621231.4089497456      -524659.6245209943     16290.71377389866      57750.99196605771      
620204.2392677366      -528428.4115030055     16044.50191489555      57751.02321605771      
619152.251190934       -532202.1216287535     15798.23630590137      57751.05446605771      
618075.355622394       -535980.5945833505     15551.91900022305      57751.08571605771      
616973.4644315793      -539763.6692019746     15305.55202627747      57751.11696605771      
615846.4904646317      -543551.1834706153     15059.13738781546      57751.14821605771      
614694.3475463492      -547342.9745364506     14812.67706414941      57751.17946605771      
613516.95049041        -551138.8787087267     14566.17301037         57751.21071605771      
612314.2151054511      -554938.7314644918     14319.62715756381      57751.24196605771      
611086.0582019479      -558742.367453441      14073.0414130264       57751.27321605771      
609832.3975990729      -562549.6205028316     13826.41766047338      57751.30446605771      
608553.1521315343      -566360.3236224675     13579.75776024704      57751.33571605771      
607248.2416563861      -570174.3090097511     13333.06354952196      57751.36696605771      
605917.5870598177      -573991.4080548064     13086.33684250503      57751.39821605771      
604561.1102639158      -577811.4513456717     12839.5794306359       57751.42946605771      
603178.7342334003      -581634.2686735576     12592.79308278143      57751.46071605771      
601770.382982332       -585459.6890381797     12345.97954543045      57751.49196605771      
600335.9815807913      -589287.5406531546     12099.14054288343      57751.52321605771      
598875.4561615286      -593117.6509514683     11852.27777744125      57751.55446605771      
597388.7339265825      -596949.8465910129     11605.39292959077      57751.58571605771      
595875.7431538671      -600783.9534601888     11358.48765818769      57751.61696605771      
594336.4132037258      -604619.7966835799     11111.56360063772      57751.64821605771      
592770.6745254515      -608457.200627691      10864.62237307482      57751.67946605771      
591178.458663773       -612295.9889067591     10617.66557053698      57751.71071605771      
589559.6982653043      -616135.984388627      10370.69476714183      57751.74196605771      
587914.3270849581      -619977.0092006866     10123.71151625563      57751.77321605771      
586242.2799913677      -623818.8847367915     9876.717350666644      57751.80446605771      
584543.4929770271      -627661.4316597211     9629.713782747102      57751.83571605771      
582817.9031588917      -631504.4699127437     9382.70230462472       57751.86696605771      
581065.448788425       -635347.8187222099     9135.684388343478      57751.89821605771      
579286.0692568657      -639191.2966047269     8888.661486024386      57751.92946605771      
577479.7051013992      -643034.7213735018     8641.63503002678       57751.96071605771      
575646.298011285       -646877.9101447402     8394.606433105248      57751.99196605771      
573785.7908339384      -650720.679344115      8147.577088566322      57752.02321605771      
571898.1275809666      -654562.8447132956     7900.548370421515      57752.05446605771      
569983.2534341598      -658404.2213165419     7653.521633542026      57752.08571605771      
568041.114751433       -662244.6235473597     7406.498213807296      57752.11696605771      
566071.6590727196      -666083.8651352172     7159.479428255756      57752.14821605771      
564074.8351258144      -669921.7591523242     6912.466575232451      57752.17946605771      
562050.5928321686      -673758.1180204714     6665.460934534378      57752.21071605771      
559998.8833126304      -677592.7535179296     6418.4637675556        57752.24196605771      
557919.6588931363      -681425.4767864079     6171.476317430555      57752.27321605771      
555812.8731103461      -685256.0983380707     5924.499809175381      57752.30446605771      
553678.4807172265      -689084.4280626129     5677.535449827847      57752.33571605771      
551516.4376885772      -692910.2752343933     5430.584428587114      57752.36696605771      
549326.7012265043      -696733.4485196221     5183.647916951042      57752.39821605771      
547109.2297658325      -700553.755983606      4936.727068851469      57752.42946605771      
544863.982979465       -704371.0050980479     4689.823020790878      57752.46071605771      
542590.9217836806      -708185.002748401      4442.936891975231      57752.49196605771      
540290.0083433742      -711995.5552412749     4196.069784446154      57752.52321605771      
537961.2060772367      -715802.4683118962     3949.222783213598      57752.55446605771      
535604.4796628733      -719605.5471316181     3702.396956384298      57752.58571605771      
533219.7950418617      -723404.5963154845     3455.593355293095      57752.61696605771      
530807.1194247468      -727199.419929841      3208.813014628948      57752.64821605771      
528366.4212959724      -730989.8214999948     2962.056952563347      57752.67946605771      
525897.6704187512      -734775.6040179251     2715.326170875749      57752.71071605771      
523400.8378398668      -738556.5699500381     2468.62165507843       57752.74196605771      
520875.8958944149      -742332.5212449693     2221.944374541461      57752.77321605771      
518322.8182104741      -746103.2593414305     1975.295282614534      57752.80446605771      
515741.5797125797      -749868.5851768901     1728.675316751644      57752.83571605771      
513132.1566307984      -753628.2991923492     1482.08539862599       57752.86696605771      
510494.5264984042      -757382.2013450607     1235.526434259547      57752.89821605771      
507828.6681608083      -761130.0911133819     988.9993141363957      57752.92946605771      
505134.5617787642      -764871.7675056246     742.504913323326       57752.96071605771      
502412.1888326334      -768607.0290681501     496.0440915878862      57752.99196605771      
499661.5321265821      -772335.6738935047     249.6176935154945      57753.02321605771      
496882.5757927065      -776057.4996285915     3.226548626262229      57753.05446605771      
494075.3052950876      -779772.3034828748     -243.1285285095801     57753.08571605771      
491239.7074337761      -783479.8822366232     -489.4467381566647     57753.11696605771      
488375.7703487031      -787180.032249183      -735.7272952992935     57753.14821605771      
485483.4835235213      -790872.5494672861     -981.9694295283407     57753.17946605771      
482562.8377893713      -794557.229433385      -1228.172384928621     57753.21071605771      
479613.8253285777      -798233.8672940237     -1474.335419964569     57753.24196605771      
476636.4396782703      -801902.2578082314     -1720.45780737017      57753.27321605771      
473630.6757339309      -805562.1953559471     -1966.538834036328     57753.30446605771      
470596.5297528697      -809213.4739464698     -2212.577800900617     57753.33571605771      
467533.9993576243      -812855.8872269323     -2458.574022836983     57753.36696605771      
464443.0835392858      -816489.2284908009     -2704.526828545786     57753.39821605771      
461323.7826607506      -820113.2906863962     -2950.435560444661     57753.42946605771      
458176.0984598976      -823727.8664254367     -3196.299574559322     57753.46071605771      
455000.0340526903      -827332.7479916008     -3442.118240416225     57753.49196605771      
451795.5939362033      -830927.7273491089     -3687.890940932964     57753.52321605771      
448562.783991575       -834512.5961513226     -3933.617072313151     57753.55446605771      
445301.6114868846      -838087.1457493603     -4179.296043936803     57753.58571605771      
442012.0850799535      -841651.1672007281     -4424.927278255869     57753.61696605771      
438694.2148210725      -845204.4512779652     -4670.510210686713     57753.64821605771      
435348.0121556519      -848746.7884772988     -4916.044289504411     57753.67946605771      
431973.4899267994      -852277.9690273157     -5161.528975737456     57753.71071605771      
428570.6623778198      -855797.7828976376     -5406.96374306269      57753.74196605771      
425139.5451546416      -859306.0198076102     -5652.3480776996       57753.77321605771      
421680.155308167       -862802.4692349974     -5897.681478306884     57753.80446605771      
418192.5112965502      -866286.9204246819     -6142.963455877209     57753.83571605771      
414676.6329873973      -869759.1623973702     -6388.193533634127     57753.86696605771      
411132.5416598936      -873218.9839583029     -6633.371246927069     57753.89821605771      
407560.2600068575      -876666.1737059666     -6878.49614312913      57753.92946605771      
403959.8121367182      -880100.5200408031     -7123.567781533406     57753.96071605771      
400331.2235754222      -883521.8111739273     -7368.585733249842     57753.99196605771      
396674.5212682649      -886929.8351358324     -7613.549581102445     57754.02321605771      
392989.7335816484      -890324.3797851022     -7858.458919527126     57754.05446605771      
389276.8903047697      -893705.2328171127     -8103.313354469137     57754.08571605771      
385536.0226512329      -897072.1817727322     -8348.112503280572     57754.11696605771      
381767.1632605921      -900425.0140470115     -8592.855994618789     57754.14821605771      
377970.3461998219      -903763.516897871      -8837.543468344724     57754.17946605771      
374145.606964717       -907087.4774547743     -9082.174575420795     57754.21071605771      
370292.9824812218      -910396.6827273935     -9326.748977809737     57754.24196605771      
366412.5111066892      -913690.9196142629     -9571.266348373145     57754.27321605771      
362504.2326310722      -916969.9749114199     -9815.726370769844     57754.30446605771      
358568.1882780429      -920233.6353210326     -10060.1287393556      57754.33571605771      
354604.4207060483      -923481.6874600098     -10304.47315908107     57754.36696605771      
350612.9740092937      -926713.9178685992     -10548.75934539217     57754.39821605771      
346593.8937186641      -929930.1130189635     -10792.98702412774     57754.42946605771      
342547.2268025747      -933130.0593237395     -11037.15593142062     57754.46071605771      
338473.02166776        -936313.5431445795     -11281.26581359556     57754.49196605771      
334371.3281599969      -939480.3508006689     -11525.31642706902     57754.52321605771      
330242.1975647629      -942630.2685772233     -11769.30753824877     57754.55446605771      
326085.6826078328      -945763.0827339609     -12013.23892343399     57754.58571605771      
321901.8374558124      -948878.5795135531     -12257.11036871379     57754.61696605771      
317690.7177166117      -951976.5451500469     -12500.92166986788     57754.64821605771      
313452.3804398573      -955056.765877265      -12744.67263226554     57754.67946605771      
309186.8841172439      -958119.0279371721     -12988.3630707658      57754.71071605771      
304894.2886828306      -961163.1175882184     -13231.99280961702     57754.74196605771      
300574.6555132759      -964188.8211136519     -13475.56168235641     57754.77321605771      
296228.0474280189      -967195.9248297994     -13719.0695317107      57754.80446605771      
291854.528689404       -970184.2150943155     -13962.51620949502     57754.83571605771      
287454.1650027502      -973153.4783144024     -14205.90157651232     57754.86696605771      
283027.0235163689      -976103.5009549909     -14449.22550245479     57754.89821605771      
278573.1728215272      -979034.0695468936     -14692.48786580295     57754.92946605771      
274092.6829523622      -981944.9706949168     -14935.68855372415     57754.96071605771      
269585.6253857433      -984835.9910859412     -15178.82746197423     57754.99196605771      
265052.0730410871      -987706.9174969614     -15421.90449479624     57755.02321605771      
260492.1002801235      -990557.5368030923     -15664.91956482042     57755.05446605771      
255905.7829066161      -993387.6359855328     -15907.87259296409     57755.08571605771      
251293.1981660365      -996197.002139491      -16150.76350833126     57755.11696605771      
246654.4247451962      -998985.422482074      -16393.59224811161     57755.14821605771      
241989.5427718338      -1001752.684360128     -16636.35875748104     57755.17946605771      
237298.6338156706      -1004498.575257681     -16879.06298950285     57755.21071605771      
232581.7808818861      -1007222.882805167     -17121.70490502036     57755.24196605771      
227839.0684196276      -1009925.394784939     -17364.28447256575     57755.27321605771      
223070.5823154157      -1012605.899140419     -17606.80166825454     57755.30446605771      
218276.4098940458      -1015264.183983363     -17849.25647568482     57755.33571605771      
213456.6399179464      -1017900.037601441     -18091.64888583747     57755.36696605771      
208611.3625865059      -1020513.248465783     -18333.97889697627     57755.39821605771      
203740.6695353689      -1023103.605238474     -18576.24651454517     57755.42946605771      
198844.6538356994      -1025670.896779997     -18818.45175106975     57755.46071605771      
193923.4099934178      -1028214.912156644     -19060.59462605498     57755.49196605771      
188977.0339484086      -1030735.440647867     -19302.67516588437     57755.52321605771      
184005.6230737043      -1033232.271753584     -19544.6934037194      57755.55446605771      
179009.2761746423      -1035705.195201444     -19786.64937939867     57755.58571605771      
173988.0934880021      -1038154.000954034     -20028.54313933675     57755.61696605771      
168942.1766811193      -1040578.479216047     -20270.37473642232     57755.64821605771      
163871.6288509797      -1042978.420441392     -20512.1442299175      57755.67946605771      
158776.5545232971      -1045353.615340263     -20753.8516853578      57755.71071605771      
153657.0596515733      -1047703.854886157     -20995.49717444845     57755.74196605771      
148513.2516161432      -1050028.930322834     -21237.08077496488     57755.77321605771      
143345.2392232073      -1052328.633171242     -21478.60257065104     57755.80446605771      
138153.1327038523      -1054602.755236384     -21720.06265111704     57755.83571605771      
132937.0437130614      -1056851.088614135     -21961.46111173864     57755.86696605771      
127697.0853287167      -1059073.425698008     -22202.79805355531     57755.89821605771      
122433.3720505945      -1061269.559185881     -22444.07358316844     57755.92946605771      
117146.0197993565      -1063439.28208666      -22685.28781263978     57755.96071605771      
111835.1459155359      -1065582.3877269       -22926.44085939054     57755.99196605771      
106500.8691585234      -1067698.669757382     -23167.53284609813     57756.02321605771      
101143.3097055534      -1069787.922159624     -23408.56390059507     57756.05446605771      
95762.58915068967      -1071849.939252364     -23649.53415576764     57756.08571605771      
90358.83050381756      -1073884.515697978     -23890.44374945312     57756.11696605771      
84932.15818963879      -1075891.446508853     -24131.29282433877     57756.14821605771      
79482.69804667449      -1077870.527053721     -24372.08152785921     57756.17946605771      
74010.57732789978      -1079821.553063814     -24612.8100120966      57756.21071605771      
68515.9246932744       -1081744.32063958      -24853.47843367083     57756.24196605771      
62998.87021850763      -1083638.626256131     -25094.08695364924     57756.27321605771      
57459.54538762067      -1085504.266769879     -25334.6357374363      57756.30446605771      
51898.08309362996      -1087341.0394245       -25575.12495467445     57756.33571605771      
46314.61763762646      -1089148.741856986     -25815.55477914074     57756.36696605771      
40709.28472787472      -1090927.172103636     -26055.92538864585     57756.39821605771      
35082.22147893159      -1092676.128606022     -26296.23696493165     57756.42946605771      
29433.56641078814      -1094395.410216895     -26536.48969356867     57756.46071605771      
23763.45944803512      -1096084.816206061     -26776.68376385455     57756.49196605771      
18072.04191905403      -1097744.146266202     -27016.81936871074     57756.52321605771      
12359.45655523588      -1099373.200518666     -27256.89670458285     57756.55446605771      
6625.847490229302      -1100971.779519213     -27496.91597133549     57756.58571605771      
871.3602592190582      -1102539.684263718     -27736.87737215334     57756.61696605771      
-4903.858201761923     -1104076.716193839     -27976.78111343534     57756.64821605771      
-10699.65955648736     -1105582.677202643     -28216.62740469741     57756.67946605771      
-16515.89406915593     -1107057.3696402       -28456.41645846603     57756.71071605771      
-22352.41060497189     -1108500.596319141     -28696.14849017869     57756.74196605771      
-28209.05663068693     -1109912.160520172     -28935.82371808228     57756.77321605771      
-34085.67821510046     -1111291.865997565     -29175.44236312906     57756.80446605771      
-39982.12002951784     -1112639.51698461      -29415.00464887737     57756.83571605771      
-45898.22534816393     -1113954.918199043     -29654.51080138877     57756.86696605771      
-51833.83604687127     -1115237.874848502     -29893.96104912786     57756.89821605771      
-57788.79261011804     -1116488.19263562      -30133.35562285443     57756.92946605771      
-63762.93412122646     -1117705.677763758     -30372.6947555322      57756.96071605771      
-69756.09826929666     -1118890.136942058     -30611.9786822201      57756.99196605771      
-71299.9117767205      -1119189.284892844     -30673.48637445306     57756.99999999999      
