388641.8766523513      3.274180926382542e-10  -66558.85993854009     57727                  
388641.8758840678      -4.804309260114678     -66558.85729557858     57727.00069444445      
388641.8193483889      -41.48578467664629     -66558.66279680561     57727.00599767607      
388641.5157925397      -104.0798069476878     -66557.61835274971     57727.01505166384      
388641.60856726        -106.6286462069911     -66556.7442905754      57727.01574610829      
388641.8239027591      -105.7953954956174     -66555.23467246282     57727.01622062872      
388642.233595215       -103.0544383501037     -66552.45857931583     57727.01691507317      
388645.3964629828      -82.03107680271933     -66530.99374613116     57727.02224060873      
388664.7068685004      41.45198186787457      -66398.77307958031     57727.05349060873      
388685.3036847347      165.1103684172049      -66255.82818043258     57727.08474060873      
388707.191622656       288.9052564802332      -66102.13396347105     57727.11599060873      
388730.3754562658      412.7974766593106      -65937.66318148337     57727.14724060873      
388754.8600362295      536.7474975065415      -65762.38637076414     57727.17849060873      
388780.6503044688      660.7154055260689      -65576.27179162417     57727.20974060873      
388807.7513097839      784.6608787763325      -65379.28536365615     57727.24099060873      
388836.168224554       908.5431646395664      -65171.39059548115     57727.27224060873      
388865.9063625927      1032.321056320601      -64952.54850866928     57727.30349060873      
388896.9711982448      1155.952862628248      -64722.7175555006      57727.33474060873      
388929.368386791       1279.396381582039      -64481.8535301962      57727.36599060873      
388963.1037862556      1402.608872380079      -64229.90947321308     57727.39724060873      
388998.1834807454      1525.547019656573      -63966.8355681574      57727.42849060873      
389034.6138053793      1648.166904686826      -63692.57903082529     57727.45974060873      
389072.4013729944      1770.423965592985      -63407.08398983194     57727.49099060873      
389111.5531027085      1892.272961175484      -63110.29135823702     57727.52224060873      
389152.0762505098      2013.667932241704      -62802.13869551417     57727.55349060873      
389193.9784420627      2134.562154876417      -62482.56005914723     57727.58474060873      
389237.2677078645      2254.90809607102       -62151.4858450629      57727.61599060873      
389281.9525209731      2374.657366108506      -61808.84261602961     57727.64724060873      
389328.0418375623      2493.760662076704      -61454.55291706044     57727.67849060873      
389375.545140492       2612.167712840092      -61088.53507675898     57727.70974060873      
389424.4724861915      2729.82721977662       -60710.7029934343      57727.74099060873      
389474.8345552059      2846.686786950893      -60320.96590468418     57727.77224060873      
389526.6427066439      2962.692855083202      -59919.22813900565     57727.80349060873      
389579.9090370256      3077.790621045046      -59505.3888478324      57727.83474060873      
389634.6464438537      3191.923957132596      -59079.34171621744     57727.86599060873      
389690.8686944197      3305.035323571487      -58640.97465018019     57727.89724060873      
389748.5905004201      3417.06566822598       -58190.16943850304     57727.92849060873      
389807.8275989006      3527.954323391743      -57726.80138650624     57727.95974060873      
389868.5968402364      3637.638893462819      -57250.73891902959     57727.99099060873      
389930.9162839617      3746.055127148647      -56761.84314951403     57728.02224060873      
389994.8053032145      3853.136783786096      -56259.96741168816     57728.05349060873      
390060.2846988146      3958.815487146589      -55744.95674992252     57728.08474060873      
390127.3768241409      4063.020559965997      -55216.6473638037      57728.11599060873      
390196.1057219668      4165.678848223768      -54674.86600189625     57728.14724060873      
390266.4972747461      4266.714527972174      -54119.42929897935     57728.17849060873      
390338.5793700637      4366.048887237397      -53550.1430502615      57728.20974060873      
390412.3820830385      4463.600091208304      -52966.80141516138     57728.24099060873      
390487.9378779233      4559.282922552709      -52369.18604217724     57728.27224060873      
390565.2818314987      4653.008487664185      -51757.06510512064     57728.30349060873      
390644.4518810329      4744.68389988436       -51130.19223952451     57728.33474060873      
390725.489100421       4834.211917511377      -50488.30536630841     57728.36599060873      
390808.4380083242      4921.490546291825      -49831.1253877426      57728.39724060873      
390893.346913046       5006.412594459413      -49158.354738322       57728.42849060873      
390980.2682997125      5088.865167912649      -48469.67577027001     57728.45974060873      
391069.2592661225      5168.729107874977      -47764.74894991827     57728.49099060873      
391160.3820150334      5245.878355808883      -47043.21083703545     57728.52224060873      
391253.704412144       5320.179228457462      -46304.67181412493     57728.55349060873      
391349.3006206326      5391.489599601191      -45548.713526569       57728.58474060873      
391447.251825557       5459.657966224484      -44774.88598698944     57728.61599060873      
391547.647064216       5524.522373218853      -43982.70428796203     57728.64724060873      
391650.5841818197      5585.909182354109      -43171.6448558042      57728.67849060873      
391756.1709364156      5643.631649615221      -42341.14116394041     57728.70974060873      
391864.5262825585      5697.488267904497      -41490.57880653057     57728.74099060873      
391975.7818700658      5747.260839116832      -40619.28981055169     57728.77224060873      
392090.0838035383      5792.712211890313      -39726.54603589745     57728.80349060873      
392207.5947201586      5833.583606177061      -38811.55147633483     57728.83474060873      
392328.4962585649      5869.591442002005      -37873.4332266186      57728.86599060873      
392452.9920123686      5900.423547407467      -36911.23081893509     57728.89724060873      
392581.311089387       5925.734584743794      -35923.88354981878     57728.92849060873      
392713.7124345971      5945.140507595836      -34910.21530916049     57728.95974060873      
392850.4901263739      5958.211762326933      -33868.91627493386     57728.99099060873      
392991.9799261224      5964.464889809351      -32798.52063464191     57729.02224060873      
393138.5674620114      5963.352033161034      -31697.37921307697     57729.05349060873      
393290.6985714807      5954.247672672027      -30563.62548898234     57729.08474060873      
393448.8925374107      5936.431654116772      -29395.1329133529      57729.11599060873      
393613.7592670894      5909.067155516444      -28189.46060838476     57729.14724060873      
393786.0219422333      5871.171618395892      -26943.78328003264     57729.17849060873      
393966.5474179357      5821.577715243599      -25654.79926988023     57729.20974060873      
394156.3878563236      5758.879842654773      -24318.60767305048     57729.24099060873      
394356.8390901405      5681.359017850009      -22930.54058652225     57729.27224060873      
394569.524682847       5586.874548672055      -21484.92838617309     57729.30349060873      
394796.5209180731      5472.702642108758      -19974.76164377711     57729.33474060873      
395040.549860905       5335.286499915903      -18391.18706523754     57729.36599060873      
395305.2917197477      5169.830761246845      -16722.72381752832     57729.39724060873      
395595.9203069287      4969.603628846566      -14953.9801616725      57729.42849060873      
395920.0916975089      4724.642131168388      -13063.40770478641     57729.45974060873      
396289.9602893469      4419.095644739546      -11019.01071456483     57729.49099060873      
396726.9118693199      4024.938476300624      -8769.077392041714     57729.52224060873      
397207.8875558419      3552.704907529449      -6514.806392938075     57729.55009373684      
397551.3850463422      3192.488911321299      -5057.840039471321     57729.56614149584      
397872.8202220977      2838.912477178928      -3817.791437794758     57729.5785076972       
398116.7792121669      2560.176066671869      -2960.863803028438     57729.58631541501      
398347.6327885751      2288.230265172473      -2220.626403943659     57729.59254636012      
398562.2496334091      2028.231626713101      -1597.348404345172     57729.59740627723      
398765.4630229257      1775.550862240892      -1068.00682890853      57729.60124745538      
398964.4443776504      1521.81156772616       -610.3729327524834     57729.60435711873      
399170.9616681063      1251.532586811348      -203.0449283564885     57729.60697625798      
399339.0861374564      1025.968764182378      74.16431454384838      57729.60870848087      
399504.9128328157      798.2640114990463      296.2343705676121      57729.61011882285      
399663.4715245925      575.2823750294019      457.2457066653296      57729.61124196926      
399797.3170132115      382.6851601772487      550.9929518058707      57729.61206050485      
399949.556669423       158.2425065464222      606.5749263763191      57729.61290036365      
400092.5509987485      -58.40160835534243     604.5239443236023      57729.61365995828      
400224.8838258627      -264.6135019842168     550.6610642805681      57729.61439934083      
400335.6853514967      -442.0983166957312     462.8024428547342      57729.61509619147      
400451.0999646178      -632.3434588154723     324.8789273283946      57729.61595465548      
400547.3959650616      -795.8989750142464     169.1273430349884      57729.6168250229       
400643.6525109307      -964.4829167805383     -28.46560444388706     57729.61789086551      
400742.5471548378      -1143.913893654172     -281.4364462017547     57729.61926114726      
400842.7508571629      -1333.455311331782     -598.241523035882      57729.62103358989      
400943.5185914353      -1533.794941378976     -990.9053298896943     57729.6233488056       
401044.7321939488      -1747.686459257718     -1479.098773023799     57729.62642747942      
401141.5314382178      -1968.327494649486     -2061.851343985718     57729.63039630809      
401233.1452258066      -2198.052201621136     -2760.08332101481      57729.63556221107      
401317.6794371754      -2438.460633204768     -3599.092261756916     57729.64233677349      
401391.9421804651      -2690.389557436571     -4609.060079403691     57729.65127134878      
401451.1988545684      -2953.946520552941     -5826.337806780093     57729.66311050161      
401488.7214494367      -3228.287950811544     -7294.46376853844      57729.67886141019      
401495.1654148432      -3511.329294443382     -9065.70205389962      57729.69989433733      
401457.6813669428      -3799.148414964873     -11202.20284491395     57729.72807720306      
401378.9668443212      -4041.261620647888     -13345.94614350686     57729.75932720306      
401275.5129807692      -4229.470271169877     -15314.62200132641     57729.79057720306      
401155.2508101381      -4379.117356754243     -17147.04483374083     57729.82182720306      
401022.8759756954      -4499.466887977625     -18868.71640491268     57729.85307720306      
400881.4106607277      -4596.582526521659     -20497.52867858348     57729.88432720306      
400732.9210842572      -4674.671304065688     -22046.64645894776     57729.91557720306      
400578.88630184        -4736.784091183004     -23526.11276002707     57729.94682720306      
400420.4041616549      -4785.211732278613     -24943.80969255274     57729.97807720306      
400258.3139162888      -4821.723601590007     -26306.06668117109     57730.00932720306      
400093.2730328666      -4847.718644037697     -27618.06306523048     57730.04057720306      
399925.8073555472      -4864.324989667066     -28884.10454233909     57730.07182720306      
399756.3450206941      -4872.467929484837     -30107.81888419998     57730.10307720306      
399585.2400697964      -4872.917663255916     -31292.29814089786     57730.13432720306      
399412.7893086686      -4866.323670174095     -32440.20429306843     57730.16557720306      
399239.244610225       -4853.239989375048     -33553.849281574       57730.19682720306      
399064.8220654824      -4834.144172468708     -34635.2566663461      57730.22807720306      
398889.7089062075      -4809.451721390715     -35686.20984971763     57730.25932720306      
398714.0688210382      -4779.527253843125     -36708.29029930235     57730.29057720306      
398538.0460930922      -4744.693258460386     -37702.90820940315     57730.32182720306      
398361.7688596364      -4705.237033560707     -38671.32736384857     57730.35307720306      
398185.3517083424      -4661.41624945695      -39614.68549510385     57730.38432720306      
398008.8977657661      -4613.463456826228     -40534.01110463664     57730.41557720306      
397832.5003927946      -4561.589764767632     -41430.23747325046     57730.44682720306      
397656.2445724723      -4505.98786992255      -42304.21441836226     57730.47807720306      
397480.2080546772      -4446.834575576542     -43156.71822867414     57730.50932720306      
397304.4623070152      -4384.292892111822     -43988.46011231421     57730.54057720306      
397129.0733098428      -4318.513803587903     -44800.09342331662     57730.57182720306      
396954.1022249252      -4249.637767940241     -45592.21987702119     57730.60307720306      
396779.6059610585      -4177.795988740338     -46365.39492317211     57730.63432720306      
396605.6376549734      -4103.111502901727     -47120.13241301559     57730.66557720306      
396432.2470821317      -4025.700120979376     -47856.90867124677     57730.69682720306      
396259.4810093095      -3945.67123424795      -48576.16606355197     57730.72807720306      
396087.3834984389      -3863.128514470461     -49278.31613449926     57730.75932720306      
395915.9961694189      -3778.170528537791     -49963.74237770978     57730.79057720306      
395745.358428354       -3690.891270743335     -50632.80268990654     57730.82182720306      
395575.5076663986      -3601.380629525624     -51285.8315520458      57730.85307720306      
395406.4794334907      -3509.724803591448     -51923.14197388742     57730.88432720306      
395238.3075906804      -3416.006664335664     -52545.02723273898     57730.91557720306      
395071.0244440102      -3320.306076649296     -53151.76243246892     57730.94682720306      
394904.6608624383      -3222.700189166415     -53743.6059050386      57730.97807720306      
394739.2463820258      -3123.263687705811     -54320.80047359617     57731.00932720306      
394574.8092981486      -3022.069021395195     -54883.57459349588     57731.04057720306      
394411.3767472279      -2919.186610375442     -55432.14338534958     57731.07182720306      
394248.9747793745      -2814.685027053441     -55966.70957231725     57731.10307720306      
394087.6284230225      -2708.63115889744      -56487.46433223016     57731.13432720306      
393927.3617424812      -2601.090360423783     -56994.58807377108     57731.16557720306      
393768.1978893097      -2492.126585289991     -57488.25114476637     57731.19682720306      
393610.1591481902      -2381.802505599738     -57968.61447964345     57731.22807720306      
393453.2669778936      -2270.179625318122     -58435.83019224717     57731.25932720306      
393297.5420479437      -2157.318377459593     -58890.04211946778     57731.29057720306      
393143.004271396       -2043.27821587454      -59331.38632049218     57731.32182720306      
392989.672834179       -1928.117695272011     -59759.99153593499     57731.35307720306      
392837.5662213116      -1811.894550059859     -60175.9796106239      57731.38432720306      
392686.7022403688      -1694.665761162934     -60579.46588339151     57731.41557720306      
392537.098042444       -1576.487616949297     -60970.55954686061     57731.44682720306      
392388.7701408333      -1457.415774326055     -61349.3639798852      57731.47807720306      
392241.734427702       -1337.505309547197     -61715.97705502854     57731.50932720306      
392096.0061888983      -1216.810764668407     -62070.49142321019     57731.54057720306      
391951.6001170715      -1095.386195544282     -62412.99477743307     57731.57182720306      
391808.5303232766      -973.2852107553808     -62743.57009730932     57731.60307720306      
391666.8103471794      -850.5610072732889     -63062.29587592978     57731.63432720306      
391526.4531659702      -727.2664086461855     -63369.24633047009     57731.66557720306      
391387.4712021194      -603.4538949865782     -63664.49159778933     57731.69682720306      
391249.8763300469      -479.1756304837363     -63948.09791615728     57731.72807720306      
391113.6798817911      -354.4834941460149     -64220.12779413625     57731.75932720306      
390978.8926517632      -229.4291029824344     -64480.64016754658     57731.79057720306      
390845.5249006414      -104.0638332836543     -64729.69054535926     57731.82182720306      
390713.586358468       21.56115434010735      -64967.33114527851     57731.85307720306      
390583.086227005       147.3948970132051      -65193.61101970811     57731.88432720306      
390454.0331813854      273.3866131182622      -65408.57617273072     57731.91557720306      
390326.4353711146      399.4856816679549      -65612.26966867203     57731.94682720306      
390200.3004204474      525.641628414829       -65804.73173276913     57731.97807720306      
390075.6354281701      651.8041131052705      -65985.99984441514     57732.00932720306      
389952.4469668353      777.9229122771667      -66156.10882340811     57732.04057720306      
389830.741081446       903.9479091386638      -66315.09090959368     57732.07182720306      
389710.5232876324      1029.829080664747      -66462.97583625413     57732.10307720306      
389591.7985693181      1155.516489183781      -66599.79089756287     57732.13432720306      
389474.5713759218      1280.960268590847      -66725.56101039346     57732.16557720306      
389358.8456190705      1406.11061675961       -66840.30877074361     57732.19682720306      
389244.6246688445      1530.917788589741      -66944.05450500872     57732.22807720306      
389131.9113495913      1655.332084114187      -67036.8163163143      57732.25932720306      
389020.7079352645      1779.303842650061      -67118.6101260947      57732.29057720306      
388911.0161443077      1902.783437433522      -67189.449711084       57732.32182720306      
388802.8371341192      2025.721265166841      -67249.34673586485     57732.35307720306      
388696.1714950333      2148.067741480198      -67298.31078110097     57732.38432720306      
388591.0192438422      2269.773296751522      -67336.34936756335     57732.41557720306      
388487.3798168853      2390.788366709377      -67363.46797603994     57732.44682720306      
388385.2520626331      2511.063388842224      -67379.67006320432     57732.47807720306      
388284.6342337801      2630.548799053551      -67384.95707350098     57732.50932720306      
388260.4617599023      2659.399319805118      -67384.59476626538     57732.51690528836      
388258.2510635087      2662.040645387578      -67384.52945794816     57732.5175997328       
388241.3694248593      2682.226157180587      -67383.85176900547     57732.5229104783       
388142.9135713244      2800.492155523152      -67373.47781871608     57732.5541604783       
388045.9608451286      2917.84782221348       -67352.18393534445     57732.5854104783       
387950.5073855881      3034.243542559769      -67319.96468835212     57732.6166604783       
387856.5486949878      3149.629677442981      -67276.81264044745     57732.6479104783       
387764.0796277242      3263.956560697399      -67222.71833817632     57732.6791604783       
387673.0943788766      3377.174490966212      -67157.67029853855     57732.7104104783       
387583.5864720804      3489.233729098793      -67081.654991573       57732.7416604783       
387495.5487467113      3600.084495514671      -66994.65681884022     57732.7729104783       
387408.9733443976      3709.676961929559      -66896.65808771398     57732.8041604783       
387323.8516947141      3817.961248531592      -66787.63898137612     57732.8354104783       
387240.174500059       3924.88742101509       -66667.577524391       57732.8666604783       
387157.9317197259      4030.405481860631      -66536.44954371755     57732.8979104783       
387077.1125529893      4134.465367577963      -66394.22862499593     57732.9291604783       
386997.7054212493      4237.016941969061      -66240.88606392626     57732.9604104783       
386919.6979490842      4338.009992802916      -66076.39081253279     57732.9916604783       
386843.0769442518      4437.394221932071      -65900.70942008396     57733.0229104783       
386767.8283764231      4535.119240584991      -65713.80596841258     57733.0541604783       
386693.9373546229      4631.13456420743       -65515.64200135181     57733.0854104783       
386621.3881033491      4725.389601197749      -65306.17644797412     57733.1166604783       
386550.16393713        4817.833646659015      -65085.36553928586     57733.1479104783       
386480.247233466       4908.415875519298      -64853.16271799555     57733.1791604783       
386411.6194041062      4997.085329340247      -64609.51854093463     57733.2104104783       
386344.2608643696      5083.790907941613      -64354.38057366753     57733.2416604783       
386278.1510004303      5168.481360165202      -64087.69327678008     57733.2729104783       
386213.2681344704      5251.10526806867       -63809.39788328519     57733.3041604783       
386149.5894873557      5331.611036299961      -63519.43226652741     57733.3354104783       
386087.0911387578      5409.94687656494       -63217.73079790574     57733.3666604783       
386025.7479843913      5486.06079456825       -62904.22419366492     57733.3979104783       
385965.5336902552      5559.900569287282      -62578.83934992892     57733.4291604783       
385906.4206434239      5631.413736323633      -62241.49916506463     57733.4604104783       
385848.3798991583      5700.547569550235      -61892.12234836946     57733.4916604783       
385791.3811240721      5767.249055233278      -61530.62321396984     57733.5229104783       
385735.3925348022      5831.46486971647       -61156.91145870082     57733.5541604783       
385680.3808318314      5893.14135482223       -60770.89192260179     57733.5854104783       
385626.3111280754      5952.224485069222      -60372.46433051655     57733.6166604783       
385573.1468715079      6008.659838375632      -59961.5230131175      57733.6479104783       
385520.8497613806      6062.392559900578      -59537.95660548408     57733.6791604783       
385469.379657238       6113.367326240983      -59101.64772115371     57733.7104104783       
385418.6944801326      6161.528299530844      -58652.47259932032     57733.7416604783       
385368.7501049869      6206.81908299249       -58190.30072258049     57733.7729104783       
385319.500243222       6249.18267180819       -57714.99440231774     57733.8041604783       
385270.896314656       6288.561393084434      -57226.40832845555     57733.8354104783       
385222.8873072332      6324.896845671203      -56724.38907990648     57733.8666604783       
385175.4196232676      6358.129833478528      -56208.77459157458     57733.8979104783       
385128.4369106797      6388.200285801206      -55679.39357323501     57733.9291604783       
385081.8798771799      6415.047175791868      -55136.06487499406     57733.9604104783       
385035.686085458       6438.608425933984      -54578.59679332182     57733.9916604783       
384989.7897268152      6458.820806958058      -54006.7863108186      57734.0229104783       
384944.1213706162      6475.619818693758      -53420.41826191569     57734.0541604783       
384898.6076861139      6488.939563377622      -52819.26441558859     57734.0854104783       
384853.1711329899      6498.712603917411      -52203.08246484656     57734.1166604783       
384807.7296163413      6504.869799286567      -51571.61491121857     57734.1479104783       
384762.1961008009      6507.340126724703      -50924.58783064035     57734.1791604783       
384716.4781779888      6506.05047771673       -50261.70950499209     57734.2104104783       
384670.4775801272      6500.925432074815      -49582.66890098428     57734.2416604783       
384624.0896316902      6491.886995977002      -48887.13397503812     57734.2729104783       
384577.2026290207      6478.854311456867      -48174.74977915746     57734.3041604783       
384529.6971362802      6461.743326091775      -47445.13633839249     57734.3354104783       
384481.4451837799      6440.466410521967      -46697.88626518135     57734.3666604783       
384432.3093515974      6414.931927432164      -45932.5620693918      57734.3979104783       
384382.1417181531      6385.043736721087      -45148.69311499265     57734.4291604783       
384330.782649015       6350.700619514675      -44345.77216457528     57734.4604104783       
384278.0593953619      6311.795619160082      -43523.25144094705     57734.4916604783       
384223.7844649325      6268.215271660269      -42680.53812008294     57734.5229104783       
384167.7537190846      6219.838711967146      -41816.98915101404     57734.5541604783       
384109.7441384605      6166.536619343529      -40931.90527461765     57734.5854104783       
384049.5111846082      6108.169980896717      -40024.5240832524      57734.6166604783       
383986.7856658984      6044.588625676068      -39094.01192468635     57734.6479104783       
383921.2699906522      5975.629470296339      -38139.45440397522     57734.6791604783       
383852.6336562054      5901.114420061767      -37159.84517193651     57734.7104104783       
383780.5077774143      5820.847826693273      -36154.07260311391     57734.7416604783       
383704.4783956551      5734.613394410157      -35120.90385176959     57734.7729104783       
383624.0782238907      5642.170370249994      -34058.96562011604     57734.8041604783       
383538.7763629484      5543.248824669816      -32966.72076203531     57734.8354104783       
383447.9653537771      5437.543736037205      -31842.43955304885     57734.8666604783       
383350.9446837464      5324.70748579628       -30684.16404551039     57734.8979104783       
383246.8995014848      5204.340233000847      -29489.66333831237     57734.9291604783       
383134.8727490548      5075.977380653818      -28256.37673002793     57734.9604104783       
383013.7280802235      4939.073007840168      -26981.34044269357     57734.9916604783       
382882.0996088996      4792.977564639379      -25661.09164909327     57735.0229104783       
382738.3223796092      4636.907249129468      -24291.54047739531     57735.0541604783       
382580.3338401795      4469.900968471989      -22867.79573456886     57735.0854104783       
382405.5302999113      4290.758196035837      -21383.92186185917     57735.1166604783       
382210.5508841986      4097.946382288013      -19832.59035936612     57735.1479104783       
381990.9394820494      3889.457684061519      -18204.56298094336     57735.1791604783       
381740.5902239846      3662.576896969756      -16487.89423856066     57735.2104104783       
381450.7829524176      3413.483547368145      -14666.63877177256     57735.2416604783       
381108.3749203451      3136.518242657155      -12718.6224283826      57735.2729104783       
380692.0553904843      2822.693021504139      -10611.27732366268     57735.3041604783       
380163.4231355197      2456.229078283875      -8292.96722382406      57735.3354104783       
379440.6558604782      2004.669986569665      -5671.921685283945     57735.3666604783       
379008.230401313       1757.905034730407      -4364.550257163268     57735.38056497365      
378459.5800505089      1466.560790185224      -2951.091170130734     57735.39429134106      
377989.5043607284      1234.163658471316      -1936.649324478931     57735.40329390519      
377452.2860634907      985.922111757518       -977.5754227010184     57735.41117181177      
376998.6329001737      789.3639732344163      -319.5991846962715     57735.41626998001      
376537.0055813752      600.6070954755633      218.8258145432337      57735.42034518921      
376041.4053793208      409.6871563209315      660.7838155850186      57735.42378999405      
375616.7409074298      255.1561278368754      935.3614081589039      57735.42619538622      
375160.6447259105      98.00717897395225      1130.569743644941      57735.42841114473      
374657.9176303636      -65.09991521787015     1234.093577278487      57735.43061425402      
374135.4713898709      -223.8115953718298     1226.23970676912       57735.43284627888      
373688.1741552008      -351.2197883468943     1132.341837498272      57735.43485636079      
373151.5827416067      -493.9861634223344     920.7726492341317      57735.4375457004       
372714.8065848373      -602.203959372142      673.9038366615132      57735.44006313189      
372258.2823681276      -707.7219769166004     348.7333983934659      57735.44309825016      
371713.5605782379      -823.51603275854       -123.4918649688188     57735.44736481288      
371106.2593389305      -939.6440043126604     -750.6522542751336     57735.4530810561       
370449.9419447648      -1049.69252047249      -1538.761715012661     57735.46054868221      
369750.4028186602      -1149.134100929325     -2494.730166998372     57735.47014589464      
368992.4717896517      -1235.767611383606     -3653.911716906383     57735.48262512294      
368159.576666627       -1305.155064336825     -5062.123147065984     57735.49902539111      
367234.8163288875      -1349.773719977173     -6774.009646584862     57735.52074748192      
366199.8787920494      -1358.127692625032     -8854.660593011766     57735.54969507929      
365245.4804562839      -1325.765652792204     -10910.10974948856     57735.58094507929      
364405.9298776801      -1264.624736289166     -12814.65668409102     57735.61219507929      
363649.9552837316      -1182.762198393502     -14599.07892622694     57735.64344507929      
362958.2138295         -1085.123243185139     -16284.30990376064     57735.67469507929      
362317.8044815419      -974.9987425939071     -17885.38934402679     57735.70594507929      
361719.6388556815      -854.7116130400609     -19413.57635334255     57735.73719507929      
361157.0427678889      -725.9769748547951     -20877.57341325437     57735.76844507929      
360624.9522296289      -590.1070071158501     -22284.28063312377     57735.79969507929      
360119.4224343743      -448.1349796108407     -23639.28403842906     57735.83094507929      
359637.3130445199      -300.8942096516294     -24947.18464886755     57735.86219507929      
359176.0783293274      -149.0704236811944     -26211.82778984772     57735.89344507929      
358733.6225159559      6.762300436421356      -27436.46745020042     57735.92469507929      
358308.1972528843      166.1161436422844      -28623.88695729691     57735.95594507929      
357898.327152079       328.5711500536381      -29776.48944495003     57735.98719507929      
357502.7545765174      493.7616123977423      -30896.36692109215     57736.01844507929      
357120.3979395972      661.3657941517104      -31985.35384964345     57736.04969507929      
356750.319693767       831.0980482659161      -33045.069314448       57736.08094507929      
356391.7013986941      1002.702679164953      -34076.95062298475     57736.11219507929      
356043.8240495168      1175.949092246106      -35082.28039568647     57736.14344507929      
355706.0523725062      1350.62792399892       -36062.20863054263     57736.17469507929      
355377.8221541255      1526.547912717402      -37017.77084443292     57736.20594507929      
355058.62991811        1703.533349022977      -37949.90311699302     57736.23719507929      
354748.0244406768      1881.421970983492      -38859.45466404445     57736.26844507929      
354445.5997195233      2060.06322233522       -39747.1984222524      57736.29969507929      
354150.9891036677      2239.31679195972       -40613.84001897421     57736.33094507929      
353863.8603582828      2419.051386975878      -41460.02542051043     57736.36219507929      
353583.9114888259      2599.143686328023      -42286.34749075551     57736.39344507929      
353310.8671863087      2779.477453145697      -43093.3516453685      57736.42469507929      
353044.4757843394      2959.942773426365      -43881.54075033969     57736.45594507929      
352784.5066406189      3140.435393955605      -44651.37938556148     57736.48719507929      
352530.7478724881      3320.856154309288      -45403.29757178406     57736.51844507929      
352283.0043896519      3501.110488836157      -46137.694041718       57736.54969507929      
352041.0961775546      3681.107994852752      -46854.93912198633     57736.58094507929      
351804.8567933923      3860.762047550788      -47555.37728132575     57736.61219507929      
351574.1320431737      4039.989466566555      -48239.32939129832     57736.64344507929      
351348.7788138288      4218.710217637092      -48907.09473833596     57736.67469507929      
351128.6640385035      4396.847151604227      -49558.95281985609     57736.70594507929      
350913.6637769169      4574.325766085999      -50195.16495217626     57736.73719507929      
350703.6623952512      4751.073998735609      -50815.97571381733     57736.76844507929      
350498.5518327089      4927.022038690272      -51421.61424434211     57736.79969507929      
350298.2309435904      5102.102161108438      -52012.29541600372     57736.83094507929      
350102.6049056313      5276.248572258453      -52588.22089306853     57736.86219507929      
349911.584686356       5449.397275891881      -53149.58009165217     57736.89344507929      
349725.0865606793      5621.485948976099      -53696.5510511905      57736.92469507929      
349543.0316736735      5792.453832942806      -54229.30122721277     57736.95594507929      
349365.3456435089      5962.241628940744      -54747.98821384623     57736.98719507929      
349191.9581999005      6130.791408092864      -55252.76040342051     57737.01844507929      
349022.8028542511      6298.046530033394      -55743.7575896331      57737.04969507929      
348857.81659821        6463.9515630987        -56221.11151995615     57737.08094507929      
348696.9396274527      6628.452217564702      -56684.94640228819     57737.11219507929      
348540.1150882631      6791.495281030583      -57135.37937027474     57737.14344507929      
348387.2888444767      6953.028563040451      -57572.52091121067     57737.17469507929      
348238.4092629685      7113.000838166976      -57996.47526000076     57737.20594507929      
348093.427015646       7271.361799909866      -58407.34076226629     57737.23719507929      
347952.2948965665      7428.062014740506      -58805.21020935067     57737.26844507929      
347814.9676526187      7583.052883623152      -59190.1711476824      57737.29969507929      
347681.4018267362      7736.28660040409       -59562.30616469189     57737.33094507929      
347551.5556122577      7887.716119619535      -59921.69315325137     57737.36219507929      
347425.3887176592      8037.295123176093      -60268.40555640479     57737.39344507929      
347302.862240596       8184.977993380078      -60602.51259397401     57737.42469507929      
347183.9385506978      8330.719781795784      -60924.07947247122     57737.45594507929      
347068.5811801028      8474.476186612777      -61233.1675796029      57737.48719507929      
346956.7547213243      8616.203528038623      -61529.83466452843     57737.51844507929      
346848.4247316888      8755.858729289605      -61814.13500492011     57737.54969507929      
346743.5576440759      8893.39929270092       -62086.11956177292     57737.58094507929      
346642.1206831695      9028.783283729965      -62345.83612282238     57737.61219507929      
346544.0817870483      9161.969312395315      -62593.32943534409     57737.64344507929      
346449.4095335318      9292.916519791705      -62828.64132904069     57737.67469507929      
346358.0730712046      9421.584559217639      -63051.81082964929     57737.70594507929      
346270.0420544574      9547.933584758546      -63262.8742638499      57737.73719507929      
346185.2865825298      9671.924236876455      -63461.86535599285     57737.76844507929      
346103.7771420809      9793.517632693194      -63648.81531712126     57737.79969507929      
346025.4845533381      9912.675350504698      -63823.75292671376     57737.83094507929      
345950.3799192407      10029.35942142472      -63986.70460753467     57737.86219507929      
345878.4345776725      10143.53231770183      -64137.69449393921     57737.89344507929      
345809.6200563768      10255.15694543602      -64276.74449394678     57737.92469507929      
345743.9080306922      10364.19663121852      -64403.87434536309     57737.95594507929      
345681.2702835771      10470.61511564292      -64519.10166620224     57737.98719507929      
345621.6786680891      10574.37654321368      -64622.44199963081     57738.01844507929      
345565.1050719584      10675.44545641034      -64713.90885363064     57738.04969507929      
345511.5213844597      10773.78678341009      -64793.51373555308     57738.08094507929      
345460.8994650769      10869.36583245932      -64861.26618171127     57738.11219507929      
345413.2111141828      10962.14828239721      -64917.17378213977     57738.14344507929      
345368.4280454036      11052.10017711458      -64961.24220062376     57738.17469507929      
345326.5218599197      11139.18791342509      -64993.47519008486     57738.20594507929      
345287.4640222136      11223.37823537661      -65013.87460338726     57738.23719507929      
345251.2258375334      11304.63822447673      -65022.44039961114     57738.26844507929      
345217.7784307576      11382.93529363673      -65019.17064581867     57738.29969507929      
345187.0927269529      11458.23717428065      -65004.06151432171     57738.33094507929      
345159.1394331458      11530.51190967748      -64977.10727543995     57738.36219507929      
345133.8890216123      11599.72784394027      -64938.30028571983     57738.39344507929      
345111.3117143841      11665.85361450957      -64887.63097156539     57738.42469507929      
345091.3774692969      11728.85813753202      -64825.08780821317     57738.45594507929      
345074.0559671075      11788.71059922162      -64750.65729396234     57738.48719507929      
345059.3166000145      11845.38044260571      -64664.32391955119     57738.51844507929      
345047.1284612954      11898.83735748443      -64566.07013255        57738.54969507929      
345037.4603364097      11949.05126297311      -64455.87629661498     57738.58094507929      
345030.2806951059      11995.99229573458      -64333.7206454292      57738.61219507929      
345025.5576848949      12039.63079325856      -64199.5792311249      57738.64344507929      
345023.2591256143      12079.93728002001      -64053.4258669594      57738.67469507929      
345023.3525054601      12116.88244583433      -63895.23206398651     57738.70594507929      
345025.8049780385      12150.43712953027      -63724.96696143282     57738.73719507929      
345030.5833607991      12180.57229790456      -63542.59725045589     57738.76844507929      
345037.6541347608      12207.25902314024      -63348.08709092702     57738.79969507929      
345046.9834454412      12230.46846187467      -63141.3980208367      57738.83094507929      
345058.5371053799      12250.17182581979      -62922.48885788312     57738.86219507929      
345072.2805978314      12266.34035705073      -62691.31559275315     57738.89344507929      
345088.1790820539      12278.94529717559      -62447.83127355526     57738.92469507929      
345106.1973999768      12287.95785817719      -62191.98588080598     57738.95594507929      
345126.3000846926      12293.34918408247      -61923.72619230853     57738.98719507929      
345148.451370386       12295.09031654977      -61642.99563719315     57739.01844507929      
345172.615204172       12293.15215348835      -61349.73413831138     57739.04969507929      
345198.7552596672      12287.50540844666      -61043.87794208947     57739.08094507929      
345226.8349527976      12278.12055980905      -60725.35943485214     57739.11219507929      
345256.8174595081      12264.96780282978      -60394.10694452107     57739.14344507929      
345288.6657359143      12248.01699348506      -60050.04452647043     57739.17469507929      
345322.3425407924      12227.23759177431      -59693.09173219322     57739.20594507929      
345357.8104609954      12202.59859335102      -59323.16335927461     57739.23719507929      
345395.0319395508      12174.06846239031      -58940.16918100622     57739.26844507929      
345433.9693070682      12141.61505514225      -58544.01365377901     57739.29969507929      
345474.5848166377      12105.20553693551      -58134.5956001773      57739.33094507929      
345516.8406824479      12064.80629534302      -57711.80786545298     57739.36219507929      
345560.699122871       12020.3828387269       -57275.53694477685     57739.39344507929      
345606.1224079941      11971.89969277308      -56825.66257834932     57739.42469507929      
345653.0729124873      11919.3202833768       -56362.05731108721     57739.45594507929      
345701.5131741195      11862.60681292064      -55884.58601318937     57739.48719507929      
345751.4059589683      11801.7201180405       -55393.10535740557     57739.51844507929      
345802.7143336403      11736.61952103038      -54887.46324828397     57739.54969507929      
345855.4017457711      11667.26266265655      -54367.49819803762     57739.58094507929      
345909.4321135657      11593.60532278964      -53833.03864293559     57739.61219507929      
345964.7699259495      11515.60121617101      -53283.90219327052     57739.64344507929      
346021.3803542674      11433.20177461683      -52719.89480896047     57739.67469507929      
346079.2293775055      11346.35590306159      -52140.80989167788     57739.70594507929      
346138.2839228211      11255.00970994783      -51546.42728303612     57739.73719507929      
346198.5120235013      11159.10621203874      -50936.51215675649     57739.76844507929      
346259.8829973074      11058.58499970224      -50310.81379083867     57739.79969507929      
346322.3676478578      10953.38187174548      -49669.06420350674     57739.83094507929      
346385.9384930739      10843.42842382357      -49010.97663401616     57739.86219507929      
346450.5700247952      10728.65159249692      -48336.24384619643     57739.89344507929      
346516.2390051149      10608.97313701197      -47644.53622874212     57739.92469507929      
346582.9248052708      10484.30906397682      -46935.49966160094     57739.95594507929      
346650.6097949468      10354.56897486746      -46208.75311214689     57739.98719507929      
346719.2797910131      10219.65532795042      -45463.88591791614     57740.01844507929      
346788.9245767241      10079.4626039069       -44700.45470420501     57740.04969507929      
346859.538505287       9933.876348015536      -43917.97987435983     57740.08094507929      
346931.1212041664      9782.772081950985      -43115.94159758425     57740.11219507929      
347003.6784012167      9626.014049392845      -42293.77520282283     57740.14344507929      
347077.2228983259      9463.453773053578      -41450.86586679222     57740.17469507929      
347151.7757254299      9294.928374626255      -40586.5424582263      57740.20594507929      
347227.3675157371      9120.258624536938      -39700.07036713225     57740.23719507929      
347304.040155052       8939.246652893089      -38790.64310491        57740.26844507929      
347381.8487728329      8751.673251358876      -37857.37240525029     57740.29969507929      
347460.8641629382      8557.294675617835      -36899.27648211876     57740.33094507929      
347541.1757499278      8355.838817777887      -35915.26600323015     57740.36219507929      
347622.8952540797      8147.00060597407       -34904.12720566429     57740.39344507929      
347706.1612617057      7930.436414955042      -33864.50140069891     57740.42469507929      
347791.1449815184      7705.757222848941      -32794.85986676882     57740.45594507929      
347878.0575754856      7472.52013528243       -31693.47278125428     57740.48719507929      
347967.1596088369      7230.217787146703      -30558.37034502621     57740.51844507929      
348058.7733982095      6978.264911585193      -29387.29353174096     57740.54969507929      
348153.2993927921      6715.981087248951      -28177.63082304133     57740.58094507929      
348251.2382793836      6442.568232135534      -26926.3356656871      57740.61219507929      
348353.221394646       6157.080707880392      -25629.81685590453     57740.64344507929      
348460.0535037373      5858.384815421363      -24283.78999837411     57740.67469507929      
348572.7745368606      5545.102602846287      -22883.07145925426     57740.70594507929      
348692.7513997959      5215.531753851988      -21421.28463694586     57740.73719507929      
348821.8194619546      4867.52761199417       -19890.4274612768      57740.76844507929      
348962.510191716       4498.322498354035      -18280.21022239921     57740.79969507929      
349118.43735782        4104.235362390933      -16576.99192589484     57740.83094507929      
349294.9978295618      3680.175908328234      -14761.96503641248     57740.86219507929      
349500.7605884182      3218.727598505895      -12807.80229875364     57740.89344507929      
349750.5761608187      2708.256373432734      -10671.75330255835     57740.92469507929      
350073.9191784795      2128.329553855103      -8278.973959452269     57740.95594507929      
350349.7026673636      1702.124910819428      -6544.792093986529     57740.97596784209      
350599.6801633262      1366.021233191655      -5192.98767585546      57740.989934974        
350836.5104474031      1088.046836888316      -4086.561579011221     57741.00021761643      
351026.0798229567      891.7308084579199      -3312.234449169904     57741.00675370328      
351211.5737419049      720.5946237469616      -2642.660121179855     57741.01193636096      
351388.5951986657      575.4007916565461      -2079.175059195142     57741.01593836433      
351558.5216267022      451.7002842035581      -1603.047203432972     57741.01904730118      
351722.5490064073      346.0624924864824      -1199.94927819111      57741.02147254803      
351882.7931045473      255.2580623719768      -856.709713449658      57741.0233807043       
352043.4752504865      175.9190608242789      -560.0481621226354     57741.02491006193      
352220.5228861044      101.444904038668       -285.4270548263739     57741.02622815914      
352378.8279560046      45.8364477428695       -84.01743405552406     57741.02714302437      
352527.831713183       2.575014277092123      69.19276534800883      57741.02782406191      
352695.6140461345      -36.00569797428034     201.2433766138711      57741.0284309455       
352828.3973062172      -59.19468447584222     276.4809993490053      57741.02882316951      
352968.1297728721      -76.81785685201612     328.6796073534206      57741.0291796833       
353121.804109226       -88.41222038420528     355.12884046814        57741.02953485938      
353264.1969485575      -92.08718587985641     351.5489620866283      57741.0298561146       
353399.4826638928      -89.45440964558657     323.8084209782101      57741.03017654049      
353541.4219420834      -80.44203932497476     269.8483006883907      57741.03055010217      
353669.3074208762      -66.97171239041199     199.9302892162232      57741.03093679389      
353796.08933621        -48.72402764048456     111.1027044065268      57741.03138229167      
353933.8394534073      -23.49343069281167     -7.002292223929544     57741.03195287161      
354082.3940258583      9.885869050398469      -159.087041386214      57741.03268870133      
354241.0778350286      52.45150298799126      -349.3196535940078     57741.03363612558      
354415.4332254222      107.2525988292473      -590.7670034027105     57741.03489848693      
354602.9757462019      175.3458866414367      -887.6137613111787     57741.0365507705       
354806.976567095       259.8833167135381      -1253.311809118954     57741.03873895056      
355027.3105779851      363.0757610235523      -1697.316105267528     57741.04161446763      
355267.0885427395      488.9342163639958      -2237.045666201651     57741.04541598562      
355529.5301799393      642.272970824677       -2893.673193710201     57741.0504654326       
355818.0687877575      828.8126615829096      -3692.818990112108     57741.05719735553      
356136.5907406466      1055.364947065325      -4665.73071169664      57741.06620214054      
356489.6134322649      1329.950446559043      -5850.393964868286     57741.07828346792      
356882.5314583982      1661.838584527468      -7292.641838210708     57741.09453563815      
357322.2306983577      2061.641076157601      -9048.020481172614     57741.1164582404       
357817.8054673624      2541.029167815559      -11182.83963537448     57741.14610455092      
358264.3752427396      2991.565216919276      -13223.02718419451     57741.17735455092      
358660.6678402802      3399.882269061254      -15103.78098717934     57741.20860455092      
359022.2284292824      3774.732640500384      -16859.81501477448     57741.23985455092      
359358.5976481637      4121.955539436625      -18514.0705318784      57741.27110455092      
359676.0887375221      4445.697576677572      -20082.71233045173     57741.30235455092      
359979.112274843       4749.039862671492      -21577.67330542849     57741.33360455092      
360270.8785985913      5034.351935514376      -23008.07991063825     57741.36485455092      
360553.8006013808      5303.506017188913      -24381.10941188026     57741.39610455092      
360829.7391217105      5558.013965573598      -25702.53463346294     57741.42735455092      
361100.1598427876      5799.118715222681      -26977.08573396524     57741.45860455092      
361366.2376523307      6027.857555970208      -28208.69931624626     57741.48985455092      
361628.9283799754      6245.107241554779      -29400.69522014433     57741.52110455092      
361889.0195037897      6451.616981259882      -30555.90524955469     57741.55235455092      
362147.1668591028      6648.033093418055      -31676.76898957394     57741.58360455092      
362403.9217709402      6834.917782049479      -32765.4065057897      57741.61485455092      
362659.7514760761      7012.763680457963      -33823.67443738987     57741.64610455092      
362915.0547432338      7182.005273625893      -34853.20992483641     57741.67735455092      
363170.1739921743      7343.02799874125       -35855.46546862533     57741.70860455092      
363425.4048175914      7496.175573433273      -36831.73692142324     57741.73985455092      
363681.0035602411      7641.755961948762      -37783.18620783181     57741.77110455092      
363937.1933887315      7780.046282793871      -38710.85994439363     57741.80235455092      
364194.1692317124      7911.29687168013       -39615.70483485063     57741.83360455092      
364452.1018123539      8035.734684067593      -40498.5805022131      57741.86485455092      
364711.1409750141      8153.566157203715      -41360.27026384357     57741.89610455092      
364971.4184483772      8264.979636404028      -42201.49024116679     57741.92735455092      
365233.0501560103      8370.14744839913       -43022.89711004832     57741.95860455092      
365496.1381608121      8469.227673796722      -43825.09473325613     57741.98985455092      
365760.7723106527      8562.365682810316      -44608.63986709813     57742.02110455092      
366027.0316388784      8649.695463803046      -45374.04709631628     57742.05235455092      
366294.985562182       8731.340781430034      -46121.79312175892     57742.08360455092      
366564.6949100539      8807.416189490801      -46852.32050217182     57742.11485455092      
366836.212813348       8878.027924524846      -47566.04093312431     57742.14610455092      
367109.5854746883      8943.274687484136      -48263.33813149626     57742.17735455092      
367384.852838786       9003.248342609815      -48944.57038225184     57742.20860455092      
367662.0491780563      9058.03453533637       -49610.0727947835      57742.23985455092      
367941.2036059888      9107.71324323624       -50260.15930844202     57742.27110455092      
368222.3405286088      9152.359272381025      -50895.12448060523     57742.30235455092      
368505.4800429997      9192.042695940823      -51515.24508549447     57742.33360455092      
368790.6382898606      9226.829255588009      -52120.78154770207     57742.36485455092      
369077.8277665246      9256.780720484987      -52711.97923086938     57742.39610455092      
369367.0576055747      9281.95521206553       -53289.0695990196      57742.42735455092      
369658.3338234108      9302.407502178252      -53852.27126559059     57742.45860455092      
369951.6595428147      9318.189277390438      -54401.79094314594     57742.48985455092      
370247.0351924098      9329.349386676988      -54937.82430499788     57742.52110455092      
370544.4586860599      9335.934064439958      -55460.55676849674     57742.55235455092      
370843.9255845213      9337.987134691803      -55970.16420848368     57742.58360455092      
371145.4292413359      9335.550201953065      -56466.81360833021     57742.61485455092      
371448.9609350239      9328.662819938334      -56950.66365506791     57742.64610455092      
371754.5099887938      9317.362653800734      -57421.8652843224      57742.67735455092      
372062.0638793907      9301.685626617091      -57880.56218008396     57742.70860455092      
372371.6083361706      9281.666055582118      -58326.89123375878     57742.73985455092      
372683.1274314793      9257.336777551103      -58760.98296643474     57742.77110455092      
372996.6036631457      9228.729269148876      -59182.96191785144     57742.80235455092      
373312.0180301567      9195.873751601139      -59592.94700517788     57742.83360455092      
373629.3501018762      9158.799295284856      -59991.05185436299     57742.86485455092      
373948.5780816973      9117.533913983969      -60377.38510652851     57742.89610455092      
374269.6788655954      9072.104653012724      -60752.05070161344     57742.92735455092      
374592.6280959909      9022.537675311163      -61115.14814125068     57742.95860455092      
374917.4002116118      8968.858335306479      -61466.7727326548      57742.98985455092      
375243.96849341        8911.091255233903      -61807.01581512137     57743.02110455092      
375572.3051071294      8849.260393620993      -62135.96497058039     57743.05235455092      
375902.3811427362      8783.38911056994       -62453.70421950615     57743.08360455092      
376234.1666510192      8713.500228735706      -62760.31420336122     57743.11485455092      
376567.6306775133      8639.616094574903      -63055.87235464137     57743.14610455092      
376902.7412942084      8561.758629433702      -63340.4530554885      57743.17735455092      
377239.4656289214      8479.949384984644      -63614.12778575109     57743.20860455092      
377577.7698927505      8394.209592536521      -63876.96526129139     57743.23985455092      
377917.6194056929      8304.560209986554      -64129.03156326773     57743.27110455092      
378258.9786204935      8211.021970171267      -64370.3902590567      57743.30235455092      
378601.8111450843      8113.615420081711      -64601.10251542163     57743.33360455092      
378946.0797634251      8012.360965374581      -64821.22720448312     57743.36485455092      
379291.7464550824      7907.278909619297      -65030.82100299925     57743.39610455092      
379638.7724135473      7798.389492697192      -65229.93848542177     57743.42735455092      
379987.1180634093      7685.712927048669      -65418.63221115577     57743.45860455092      
380336.7430763775      7569.269436168306      -65596.95280641626     57743.48985455092      
380687.606386432       7449.07928474298       -65764.94904104264     57743.52110455092      
381039.6662038831      7325.162814813237      -65922.66790060443     57743.55235455092      
381392.8800286096      7197.540477340255      -66070.15465410511     57743.58360455092      
381747.2046624415      7066.23286354859       -66207.45291756706     57743.61485455092      
382102.5962207564      6931.260734697134      -66334.60471375987     57743.64610455092      
382459.0101432604      6792.645054640721      -66451.65052831359     57743.67735455092      
382816.4012041739      6650.407014538338      -66558.62936244081     57743.70860455092      
383174.7235216054      6504.568064061947      -66655.57878247532     57743.73985455092      
383533.9305663314      6355.149938455732      -66742.53496642003     57743.77110455092      
383893.9751699325      6202.174685790371      -66819.5327476822      57743.80235455092      
384254.8095323307      6045.664693042803      -66886.60565616252     57743.83360455092      
384616.3852286841      5885.642715342707      -66943.7859568525      57743.86485455092      
384978.653215818       5722.131897719672      -66991.10468608301     57743.89610455092      
385341.563837991       5555.155803693218      -67028.59168555934     57743.92735455092      
385705.0668321708      5384.73844003542       -67056.27563430634     57743.95860455092      
386069.1113327646      5210.904282040334      -67074.18407864132     57743.98985455092      
386433.6458758352      5033.678297916093      -67082.34346028289     57744.02110455092      
386798.618402752       4853.085976632967      -67080.77914269871     57744.05235455092      
387163.9762634177      4669.153348548447      -67069.51543578631     57744.08360455092      
387529.6662188963      4481.907013146447      -67048.57561897834     57744.11485455092      
387895.6344435751      4291.374163212087      -67017.98196285462     57744.14610455092      
388261.8265268111      4097.582609768848      -66977.75574934142     57744.17735455092      
388628.187474072       3900.560806391899      -66927.91729057135     57744.20860455092      
388994.6617075322      3700.337877223465      -66868.48594647512     57744.23985455092      
389361.1930662197      3496.943638010714      -66799.48014117021     57744.27110455092      
389727.7248055715      3290.408624499229      -66720.91737821036     57744.30235455092      
390094.1995964952      3080.764117502848      -66632.81425475421     57744.33360455092      
390460.5595238868      2868.042168975917      -66535.18647471016     57744.36485455092      
390826.7460846067      2652.275627700699      -66428.04886091086     57744.39610455092      
391192.7001848769      2433.498168917773      -66311.41536636856     57744.42735455092      
391558.3621371555      2211.74431722088       -66185.29908466007     57744.45860455092      
391923.6716563839      1987.049477051471      -66049.71225948894     57744.48985455092      
392288.5678556616      1759.449960119746      -65904.66629346876     57744.52110455092      
392652.9892413073      1528.983014085017      -65750.1717561727      57744.55235455092      
393016.8737072903      1295.686851801227      -65586.2383914901      57744.58360455092      
393380.1585290192      1059.600680487179      -65412.87512433239     57744.61485455092      
393742.7803564585      820.7647351474443      -65230.09006672716     57744.64610455092      
394104.6752065748      579.2203055718419      -65037.89052334066     57744.67735455092      
394465.7784550595      335.0097712560892      -64836.28299646689     57744.70860455092      
394826.0248273295      88.17663357362471      -64625.27319052164     57744.73985455092      
395185.3483887694      -161.2344504575813     -64404.86601607998     57744.77110455092      
395543.6825341911      -413.1776341899895     -64175.06559349399     57744.80235455092      
395900.9599764873      -667.605842798599      -63935.87525613057     57744.83360455092      
396257.1127344362      -924.4707408274044     -63687.29755326694     57744.86485455092      
396612.0721196428      -1183.722691481176     -63429.33425268251     57744.89610455092      
396965.7687225719      -1445.310718314402     -63161.98634298863     57744.92735455092      
397318.1323976423      -1709.182464965124     -62885.25403573548     57744.95860455092      
397669.092247344       -1975.28415357857      -62599.13676733941     57744.98985455092      
398018.576605336       -2243.560542562664     -62303.63320087353     57745.02110455092      
398366.5130185092      -2513.954879316276     -61998.74122776775     57745.05235455092      
398712.8282279072      -2786.40885856175      -61684.45796946528     57745.08360455092      
399057.4481485438      -3060.862571919548     -61360.77977908477     57745.11485455092      
399400.2978480061      -3337.254459349715     -61027.70224314107     57745.14610455092      
399741.3015238199      -3615.521258085624     -60685.22018337985     57745.17735455092      
400080.3824795098      -3895.597950395269     -60333.32765878347     57745.20860455092      
400417.4630993449      -4177.417705789456     -59972.01796781135     57745.23985455092      
400752.4648216004      -4460.911828276177     -59601.2836509403      57745.27110455092      
401085.3081104191      -4746.00969428596      -59221.1164935752      57745.30235455092      
401415.9124261002      -5032.638691854903     -58831.5075294065      57745.33360455092      
401744.1961937885      -5320.724156667209     -58432.4470442936      57745.36485455092      
402070.0767704896      -5610.189305547239     -58023.92458076353     57745.39610455092      
402393.4704103179      -5900.955167981774     -57605.92894321636     57745.42735455092      
402714.292227972       -6192.940511262168     -57178.44820393861     57745.45860455092      
403032.4561601853      -6486.061769790285     -56741.46971003365     57745.48985455092      
403347.8749252842      -6780.232964146933     -56294.98009138637     57745.52110455092      
403660.4599805993      -7075.365620453747     -55838.96526978804     57745.55235455092      
403970.1214777009      -7371.368685586582     -55373.41046935976     57745.58360455092      
404276.7682153428      -7668.148438780132     -54898.300228422       57745.61485455092      
404580.3075899997      -7965.608400151679     -54413.61841297185     57745.64610455092      
404880.6455439705      -8263.649231685056     -53919.34823194206     57745.67735455092      
405177.6865107192      -8562.168641143842     -53415.47225443185     57745.70860455092      
405471.3333576143      -8861.061274475374     -52901.97242911438     57745.73985455092      
405761.4873257322      -9160.218607156596     -52378.83010604532     57745.77110455092      
406048.0479666701      -9459.528829978575     -51846.02606111419     57745.80235455092      
406330.9130762234      -9758.876729741925     -51303.54052340351     57745.83360455092      
406609.9786247594      -10058.14356531476     -50751.35320574192     57745.86485455092      
406885.1386842454      -10357.20693452867     -50189.4433387652      57745.89610455092      
407156.2853515114      -10655.94064228421     -49617.78970882352     57745.92735455092      
407423.3086679311      -10954.21455537059     -49036.37070010717     57745.95860455092      
407686.0965350948      -11251.89445434832     -48445.16434139274     57745.98985455092      
407944.5346263983      -11548.84187791222     -47844.14835785028     57746.02110455092      
408198.5062943521      -11844.91396011662     -47233.30022839032     57746.05235455092      
408447.8924734209      -12139.96326011152     -46612.5972490726      57746.08360455092      
408692.5715781793      -12433.83758473959     -45982.01660314651     57746.11485455092      
408932.4193967144      -12726.37979937137     -45341.53543834362     57746.14610455092      
409167.3089787489      -13017.42763720916     -44691.13095210066     57746.17735455092      
409397.1105187053      -13306.8134924949      -44030.78048545065     57746.20860455092      
409621.6912331803      -13594.36420782906     -43360.46162638975     57746.23985455092      
409840.9152327453      -13879.90085092092     -42680.1523235994      57746.27110455092      
410054.6433878347      -14163.23848104035     -41989.83101148403     57746.30235455092      
410262.7331884865      -14444.18590542236     -41289.47674757309     57746.33360455092      
410465.0385978736      -14722.54542093027     -40579.06936343199     57746.36485455092      
410661.4098990466      -14998.11255110177     -39858.58963033123     57746.39610455092      
410851.6935351859      -15270.67576398214     -39128.01944103737     57746.42735455092      
411035.7319428082      -15540.01618086539     -38387.34200921547     57746.45860455092      
411213.3633779022      -15805.90727123625     -37636.54208806845     57746.48985455092      
411384.4217348169      -16068.1145341566      -36875.60620998639     57746.52110455092      
411548.736357781       -16326.39516564776     -36104.52294914366     57746.55235455092      
411706.1318449258      -16580.49771234136     -35323.2832091548      57746.58360455092      
411856.4278449352      -16830.16170677992     -34531.88053809572     57746.61485455092      
411999.4388458872      -17075.11729455569     -33730.31147340068     57746.64610455092      
412134.9739569117      -17315.08483890451     -32918.57591937733     57746.67735455092      
412262.8366823685      -17549.77451306178     -32096.67756032248     57746.70860455092      
412382.8246889255      -17778.88587598799     -31264.62431249036     57746.73985455092      
412494.7295658292      -18002.10743209936     -30422.42881844874     57746.77110455092      
412598.3365788027      -18219.11617505689     -29570.10898767003     57746.80235455092      
412693.424418129       -18429.57711651137     -28707.68858753495     57746.83360455092      
412779.7649418584      -18633.14279598447     -27835.197889281       57746.86485455092      
412857.1229146281      -18829.45278297867     -26952.67437381003     57746.89610455092      
412925.2557439113      -19018.13315816123     -26060.16350267196     57746.92735455092      
412983.9132146916      -19198.7959852751      -25157.71955996761     57746.95860455092      
413032.8372245359      -19371.03877108442     -24245.40657136429     57746.98985455092      
413071.7615211958      -19534.44391598598     -23323.2993068863      57747.02110455092      
413100.4114453219      -19688.57815771306     -22391.48437462666     57747.05235455092      
413118.5036813834      -19832.99201113693     -21450.06141302452     57747.08360455092      
413125.7460204188      -19967.21920854216     -20499.14438985212     57747.11485455092      
413121.837139145       -20090.77614067172     -19538.86301655247     57747.14610455092      
413106.4664000005      -20203.16131434421     -18569.36428704916     57747.17735455092      
413079.3136787448      -20303.85481916104     -17590.81415059711     57747.20860455092      
413040.0492260441      -20392.31782136785     -16603.39932864031     57747.23985455092      
412988.333571303       -20467.9920897101      -15607.32928596021     57747.27110455092      
412923.8174780339      -20530.29956457692     -14602.83836661527     57747.30235455092      
412846.1419615194      -20578.64198282428     -13590.18810523525     57747.33360455092      
412754.9383810901      -20612.40057339543     -12569.66972410961     57747.36485455092      
412649.8286213632      -20630.93583631838     -11541.60682613836     57747.39610455092      
412530.4253780441      -20633.58743471351     -10506.35829301731     57747.42735455092      
412396.3325672694      -20619.6742081492      -9464.32139694615      57747.45860455092      
412247.145878632       -20588.4943429874      -8415.935132558749     57747.48985455092      
412082.4534952969      -20539.32572431686     -7361.683773589873     57747.52110455092      
411901.837007098       -20471.42650263753     -6302.100655864313     57747.55235455092      
411704.8725453726      -20384.03591176345     -5237.772184388275     57747.58360455092      
411491.1321712069      -20276.37537861395     -4169.342057469883     57747.61485455092      
411260.185551635       -20147.64997058515     -3097.515694713191     57747.64610455092      
411011.6019613551      -19997.05022577522     -2023.06484822894      57747.67735455092      
410744.9526493481      -19823.75442989876     -946.8323672851839     57747.70860455092      
410459.8136130228      -19626.93138373097     130.2629243179108      57747.73985455092      
410155.7688227075      -19405.74373209244     1207.221291800408      57747.77110455092      
409832.4139403939      -19159.35191338804     2282.957162616949      57747.80235455092      
409489.3605754096      -18886.9187944466      3356.294295376836      57747.83360455092      
409126.2411169637      -18587.61505380837     4425.961150056304      57747.86485455092      
408742.7141784513      -18260.62537319544     5490.586586713383      57747.89610455092      
408338.4706805262      -17905.15549033361     6548.696043315547      57747.92735455092      
407913.2405886315      -17520.44015647959     7598.708367908897      57747.95860455092      
407466.8003055977      -17105.75202212693     8638.933505350404      57747.98985455092      
406998.9806994834      -16660.41146781495     9667.571263004909      57748.02110455092      
406509.6757230468      -16183.79734664208     10682.71140158374      57748.05235455092      
405998.8515501841      -15675.35859511808     11682.3353146562       57748.08360455092      
405466.5561200631      -15134.62661450717     12664.31957086557      57748.11485455092      
404912.9289395369      -14561.22828249187     13626.44159371543      57748.14610455092      
404338.2109507605      -13954.89940144155     14566.38774191498      57748.17735455092      
403742.7542251601      -13315.49833242521     15481.76402557132      57748.20860455092      
403127.0311993548      -12643.01950577442     16370.10964714995      57748.23985455092      
402491.6431266683      -11937.60643693161     17228.9134888757       57748.27110455092      
401837.3273825151      -11199.56383854075     18055.63357900133      57748.30235455092      
401164.9632393623      -10429.36835590869     18847.71945861826      57748.33360455092      
400475.5757190117      -9627.677451728454     19602.63724097211      57748.36485455092      
399770.3371436468      -8795.335949666107     20317.89701155253      57748.39610455092      
399050.5660441471      -7933.379775348338     20991.08206706683      57748.42735455092      
398317.7231474497      -7043.036487136989     21619.87934467033      57748.45860455092      
397573.4042540849      -6125.722275092285     22202.11026119409      57748.48985455092      
396819.3299299583      -5183.035222592625     22735.76107806989      57748.52110455092      
396057.3320678076      -4216.744766579126     23219.01184317557      57748.55235455092      
395289.3375156886      -3228.777452205955     23650.26294582253      57748.58360455092      
394517.3491125337      -2221.199239593279     24028.15836194891      57748.61485455092      
393743.4246030302      -1196.194795192478     24351.60476481068      57748.64610455092      
392969.6540153677      -156.0443214031257     24619.78582817843      57748.67735455092      
392198.1361654344      896.9013853413271      24832.1712448911       57748.70860455092      
391430.9549936912      1960.246895971701      24988.52020965258      57748.73985455092      
390670.1564422118      3031.578342245075      25088.87935413315      57748.77110455092      
389917.7265399907      4108.489070489779      25133.57535664184      57748.80235455092      
389175.5712888122      5188.604041797853      25123.20266074149      57748.83360455092      
388445.4988371862      6269.602359015544      25058.60691299362      57748.86485455092      
387729.204305629       7349.237421831607      24940.86485963114      57748.89610455092      
387028.2574933234      8425.354347361679      24771.26152047853      57748.92735455092      
386344.0935639277      9495.904439397626      24551.26548592505      57748.95860455092      
385678.0066861782      10558.95661237219      24282.50316361763      57748.98985455092      
385031.1464986224      11612.70582035765      23966.73274338918      57749.02110455092      
384404.5171831734      12655.47862266343      23605.81856136356      57749.05235455092      
383798.9788696159      13685.73611127051      23201.7064373802       57749.08360455092      
383215.2510535779      14702.0744780848       22756.40044368329      57749.11485455092      
382653.91769158        15703.2235353282       22271.94144575539      57749.14610455092      
382115.4336357851      16688.0435171177       21750.38764507801      57749.17735455092      
381600.1320844286      17655.52048832722      21193.79725339194      57749.20860455092      
381108.2327479423      18604.76067184616      20604.21334175768      57749.23985455092      
380639.8504619518      19534.98398038351      19983.65083682135      57749.27110455092      
380195.0040132626      20445.51701284744      19334.08558125581      57749.30235455092      
379773.6249821101      21335.78572899529      18657.44533452173      57749.33360455092      
379375.5664388168      22205.30800302283      17955.60256235796      57749.36485455092      
379000.6113678452      23053.68620198806      17230.36884689194      57749.39610455092      
378648.480722372       23880.59991651946      16483.49074197296      57749.42735455092      
378318.8410398667      24685.79893869454      15716.64689831698      57749.45860455092      
378011.3115724513      25469.09655767864      14931.44628850833      57749.48985455092      
377725.4709053625      26230.36322232233      14129.42737125745      57749.52110455092      
377460.8630527994      26969.5206019741       13312.05804622654      57749.55235455092      
377217.0030331245      27686.53606205195      12480.73626412411      57749.58360455092      
376993.3819351923      28381.41755913876      11636.79117079129      57749.61485455092      
376789.4714948646      29054.20895117434      10781.4846780092       57749.64610455092      
376604.7282060147      29704.98571076221      9916.013367298467      57749.67735455092      
376438.5969934285      30333.85102872186      9041.510645734146      57749.70860455092      
376290.5144780132      30940.9322789363       8159.049084575207      57749.73985455092      
376159.9118640231      31526.37783425386      7269.642882200074      57749.77110455092      
376046.2174796534      32090.35420101248      6374.250402413134      57749.80235455092      
375948.8590007922      32633.04345188849      5473.776747657103      57749.83360455092      
375867.2653869481      33154.64093273655      4569.076334076002      57749.86485455092      
375800.868556918       33655.35322029263      3660.955441800645      57749.89610455092      
375749.1048301269      34135.39630853591      2750.17471934593       57749.92735455092      
375711.4161578256      34594.99400264719      1837.451625712245      57749.95860455092      
375687.2511665252      35034.37650077955      923.462797755521       57749.98985455092      
375676.066034248       35453.77914520749      8.846333721478004      57750.02110455092      
375677.32521841        35853.44132579573      -905.7960133938759     57750.05235455092      
375690.5020524595      36233.60552009423      -1819.89673671042      57750.08360455092      
375715.0792268389      36594.51645509808      -2732.920572751173     57750.11485455092      
375750.549167937       36936.4203811336       -3644.362595836807     57750.14610455092      
375796.4143284754      37259.56443708237      -4553.74640907321      57750.17735455092      
375852.1873995036      37564.19610803665      -5460.622430471616     57750.20860455092      
375917.3914549513      37850.562756773        -6364.566272010794     57750.23985455092      
375991.5600374221      38118.91122385457      -7265.177208896959     57750.27110455092      
376074.2371933095      38369.48748790919      -8162.076735873939     57750.30235455092      
376164.9774643633      38602.53637903905      -9054.907207153039     57750.33360455092      
376263.3458420279      38818.30133905818      -9943.330556347239     57750.36485455092      
376368.9176901384      39017.02422292654      -10827.02709269268     57750.39610455092      
376481.2786409092      39198.94513635782      -11705.69436980141     57750.42735455092      
376600.0244685608      39364.30230512727      -12579.04612320007     57750.45860455092      
376724.7609444073      39513.33197210074      -13446.8112729628      57750.48985455092      
376855.1036767588      39646.26831844878      -14308.73298783001     57750.52110455092      
376990.6779385747      39763.34340590945      -15164.56780730753     57750.55235455092      
377131.118485495       39864.78713672802      -16014.08481836831     57750.58360455092      
377276.0693661213      39950.82723235848      -16857.0648835086      57750.61485455092      
377425.1837274078      40021.68921988406      -17693.29991705721     57750.64610455092      
377578.1236156299      40077.59643605483      -18522.59220677777     57750.67735455092      
377734.5597753008      40118.77003838027      -19344.75377795743     57750.70860455092      
377894.1714469315      40145.42902532758      -20159.60579731985     57750.73985455092      
378056.6461647688      40157.79026371927      -20966.9780142463      57750.77110455092      
378221.6795554385      40156.06852217201      -21766.70823693127     57750.80235455092      
378388.9751382717      40140.4765095625       -22558.64184123836     57750.83360455092      
378558.2441279835      40111.22491762996      -23342.63131015154     57750.86485455092      
378729.2052402549      40068.52246693609      -24118.53580184991     57750.89610455092      
378901.5845006848      40012.5759555023       -24886.22074455055     57750.92735455092      
379075.1150574915      39943.59030953227      -25645.55745638467     57750.95860455092      
379249.5369982783      39861.7686357019       -26396.42278867855     57750.98985455092      
379424.5971711044      39767.31227457173      -27138.69879111976     57751.02110455092      
379600.0490100663      39660.42085473258      -27872.27239738172     57751.05235455092      
379775.6523655287      39541.29234735139      -28597.03512987783     57751.08360455092      
379951.1733391166      39410.12312083042      -29312.88282240115     57751.11485455092      
380126.3841236025      39267.10799474215      -30019.71535948789     57751.14610455092      
380301.0628473685      39112.44029638025      -30717.43643141925     57751.17735455092      
380474.9934243636      38946.31191087697      -31405.95330385142     57751.20860455092      
380647.9654083471      38768.91333656818      -32085.17660112659     57751.23985455092      
380819.7738523013      38580.43373660913      -32755.02010238499     57751.27110455092      
380990.219172608       38381.06099028843      -33415.40054965465     57751.30235455092      
381159.1070180023      38170.98174336371      -34066.23746715198     57751.33360455092      
381326.2481432375      37950.38145735423      -34707.45299107744     57751.36485455092      
381491.4582873919      37719.44445773603      -35338.97170923944     57751.39610455092      
381654.5580567386      37478.3539810016       -35960.72050988226     57751.42735455092      
381815.3728120934      37227.29222055383      -36572.62843913975     57751.45860455092      
381973.7325605538      36966.44037141605      -37174.62656657191     57751.48985455092      
382129.4718515379      36695.97867374631      -37766.64785827961     57751.52110455092      
382282.4296770281      36416.08645515197      -38348.6270571269      57751.55235455092      
382432.4493759265      36126.942171807        -38920.50056963236     57751.58360455092      
382579.3785424276      35828.72344837836      -39482.20635911857     57751.61485455092      
382723.0689383103      35521.6071167738       -40033.68384473975     57751.64610455092      
382863.3764090579      35205.7692537258       -40574.87380603061     57751.67735455092      
383000.1608037117      34881.38521723013      -41105.71829264401     57751.70860455092      
383133.2858983664      34548.62968185979      -41626.16053896997     57751.73985455092      
383262.6193232175      34207.67667297773      -42136.14488334568     57751.77110455092      
383388.032493075       33858.69959987263      -42635.61669158885     57751.80235455092      
383509.4005412543      33501.87128784426      -43124.52228460432     57751.83360455092      
383626.6022568176      33137.36400867235      -43602.80886983004     57751.86485455092      
383739.5200247781      32765.34951305329      -44070.42447630543     57751.89610455092      
383848.0397699531      32385.99905614303      -44527.31789316137     57751.92735455092      
383952.0509033749      31999.48342808775      -44973.43861134195     57751.95860455092      
384051.4462719547      31605.97298068236      -45408.73676838566     57751.98985455092      
384146.1221110234      31205.63765374012      -45833.16309610178     57752.02110455092      
384235.9779997371      30798.64700061093      -46246.66887099347     57752.05235455092      
384320.9168192876      30385.1702128763       -46649.205867287       57752.08360455092      
384400.8447138591      29965.3761442487       -47040.7263124387      57752.11485455092      
384475.6710542763      29539.43333370359      -47421.18284500098     57752.14610455092      
384545.308404294       29107.51002787163      -47790.52847473643     57752.17735455092      
384609.6724894803      28669.77420271635      -48148.71654488103     57752.20860455092      
384668.6821686469      28226.39358452569      -48495.70069646255     57752.23985455092      
384722.2594077888      27777.53567023986      -48831.43483459012     57752.27110455092      
384770.3292564916      27323.36774714234      -49155.87309663864     57752.30235455092      
384812.8198267733      26864.05691193729      -49468.96982225687     57752.33360455092      
384849.6622743292      26399.77008923617      -49770.67952513984     57752.36485455092      
384880.7907821503      25930.67404947534      -50060.95686650634     57752.39610455092      
384906.142546489       25456.93542628786      -50339.75663023509     57752.42735455092      
384925.6577651512      24978.72073334789      -50607.0336996149      57752.45860455092      
384939.2796280936      24496.19638070839      -50862.74303567329     57752.48985455092      
384946.9543103097      24009.52869065047      -51106.83965705236     57752.52110455092      
384948.630966991       23518.88391306301      -51339.27862140708     57752.55235455092      
384944.2617309512      23024.42824036738      -51560.01500830811     57752.58360455092      
384933.8017123068      22526.32782200452      -51769.00390363342     57752.61485455092      
384917.209000405       22024.74877849846      -51966.20038544414     57752.64610455092      
384894.4446679995      21519.8572151096       -52151.55951134003     57752.67735455092      
384865.4727776698      21011.81923509024      -52325.03630730041     57752.70860455092      
384830.2603904883      20500.80095255425      -52486.58575801818     57752.73985455092      
384788.7775769369      19986.96850496881      -52636.16279874295     57752.77110455092      
384740.9974300812      19470.48806527913      -52773.72230865405     57752.80235455092      
384686.8960810085      18951.52585367153      -52899.2191057887      57752.83360455092      
384626.4527165411      18430.2481489826       -53012.60794356019     57752.86485455092      
384559.6495992363      17906.82129975627      -53113.84350890211     57752.89610455092      
384486.4720897122      17381.41173436397      -53202.88042208507     57752.92735455092      
384406.9086711584      16854.18597372466      -53279.67323825562     57752.95860455092      
384320.9509764421      16325.31063778207      -53344.17645075638     57752.98985455092      
384228.5938172987      15794.95245752617      -53396.34449629016     57753.02110455092      
384129.8352160224      15263.27828371138      -53436.13176199906     57753.05235455092      
384024.6764395186      14730.45509580026      -53463.49259453858     57753.08360455092      
383913.1220357617      14196.65001053701      -53478.38131122918     57753.11485455092      
383795.17987268        13662.03029013522      -53480.75221338143     57753.14610455092      
383670.8611794851      13126.76335006685      -53470.55960189299     57753.17735455092      
383540.180590467       12591.01676643585      -53447.75779522881     57753.20860455092      
383403.1561912708      12054.95828291317      -53412.30114989949     57753.23985455092      
383259.8095676722      11518.75581721125      -53364.14408356635     57753.27110455092      
383110.1658568662      10982.57746707         -53303.24110090685     57753.30235455092      
382954.253801281       10446.591515721        -53229.546822385       57753.33360455092      
382792.1058049264      9910.966436796225      -53143.01601608163     57753.36485455092      
382623.7579922811      9375.870898640031      -53043.60363274778     57753.39610455092      
382449.250269721       8841.4737679791        -52931.26484425564     57753.42735455092      
382268.6263894828      8307.944112899509      -52805.9550856329      57753.45860455092      
382081.9340161533      7775.451205075769      -52667.6301008741      57753.48985455092      
381889.2247956677      7244.164521189974      -52516.24599273814     57753.52110455092      
381690.5544267889      6714.25374346957       -52351.75927674792     57753.55235455092      
381485.9827350373      6185.888759272864      -52174.12693962366     57753.58360455092      
381275.5737490218      5659.239659633939      -51983.30650238908     57753.61485455092      
381059.3957791192      5134.476736679273      -51779.25608840506     57753.64610455092      
380837.5214984292      4611.770479814921      -51561.93449659468     57753.67735455092      
380610.0280259241      4091.291570574846      -51331.30128013648     57753.70860455092      
380376.9970116894      3573.210876012054      -51087.31683091393     57753.73985455092      
380138.5147241391      3057.699440502496      -50829.94247002048     57753.77110455092      
379894.6721390652      2544.928475821594      -50559.14054463115     57753.80235455092      
379645.5650303634      2035.069349340214      -50274.87453156053     57753.83360455092      
379391.2940622463      1528.29357017549       -49977.10914783919     57753.86485455092      
379131.9648827372      1024.772773117336      -49665.81046864703     57753.89610455092      
378867.6882181996      524.678700138662       -49340.94605295152     57753.92735455092      
378598.5799686346      28.18317928174656      -49002.48507720469     57753.95860455092      
378324.7613034358      -464.5418993022322     -48650.39847745784     57753.98985455092      
378046.3587572618      -953.3246103998899     -48284.65910025543     57754.02110455092      
377763.5043256402      -1437.99302412392      -47905.24186267139     57754.05235455092      
377476.3355598762      -1918.375239917346     -47512.12392184754     57754.08360455092      
377184.9956607947      -2394.299424464014     -47105.2848543914      57754.11485455092      
376889.6335707906      -2865.593853816776     -46684.70684597996     57754.14610455092      
376590.404063614       -3332.086960071814     -46250.37489150494     57754.17735455092      
376287.467831256       -3793.607382936483     -45802.27700607771     57754.20860455092      
375980.9915672489      -4249.984026558835     -45340.40444719107     57754.23985455092      
375671.1480456245      -4701.046122003972     -44864.75194830654     57754.27110455092      
375358.1161947154      -5146.623295782629     -44375.31796410229     57754.30235455092      
375042.0811649136      -5586.545644853912     -43872.10492757685     57754.33360455092      
374723.2343894327      -6020.643818541779     -43355.11951915416     57754.36485455092      
374401.7736370478      -6448.749107820629     -42824.37294787863     57754.39610455092      
374077.9030557136      -6870.693542438414     -42279.88124472508     57754.42735455092      
373751.833205891       -7286.309996356547     -41721.66556796902     57754.45860455092      
373423.781082334       -7695.432301997302     -41149.75252047947     57754.48985455092      
373093.9701230239      -8097.895373791092     -40564.17447869795     57754.52110455092      
372762.6302038591      -8493.535341519557     -39964.96993295666     57754.55235455092      
372429.9976176526      -8882.189693946508     -39352.18383866872     57754.58360455092      
372096.3150359172      -9263.697433218484     -38725.86797778837     57754.61485455092      
371761.8314518725      -9637.899240503975     -38086.08132979        57754.64610455092      
371426.8021030547      -10004.6376533133      -37432.89045125514     57754.67735455092      
371091.4883718768      -10363.75725491504     -36766.36986298267     57754.70860455092      
370756.157662462       -10715.104876223       -36086.60244334844     57754.73985455092      
370421.083252061       -11058.52981047636     -35393.67982644356     57754.77110455092      
370086.5441153758      -11393.88404097825     -34687.70280330905     57754.80235455092      
369752.8247201347      -11721.02248208325     -33968.7817243637      57754.83360455092      
369420.2147923153      -12039.80323354015     -33237.03690089437     57754.86485455092      
369089.0090494853      -12350.08784819691     -32492.59900324306     57754.89610455092      
368759.5069008305      -12651.74161296491     -31735.60945308699     57754.92735455092      
368432.012112573       -12944.63384281021     -30966.22080697116     57754.95860455092      
368106.8324376424      -13228.63818740018     -30184.59712801887     57754.98985455092      
367784.2792086623      -13503.63294987869     -29390.91434251991     57755.02110455092      
367464.6668935462      -13769.50141707232     -28585.36057788403     57755.05235455092      
367148.3126132646      -14026.13220024917     -27768.13647825405     57755.08360455092      
366835.535621675       -14273.41958479707     -26939.45549390277     57755.11485455092      
366526.6567475011      -14511.26389089422     -26099.54414039918     57755.14610455092      
366221.9977993703      -14739.57183529935     -25248.64222342889     57755.17735455092      
365921.8809344915      -14958.25690372643     -24387.0030250936      57755.20860455092      
365626.62799274        -15167.23972348727     -23514.89344750842     57755.23985455092      
365336.5597979394      -15366.44843760333     -22632.59410956374     57755.27110455092      
365051.9954287748      -15555.81907745892     -21740.39939282875     57755.30235455092      
364773.2514622479      -15735.29593142334     -20838.61743275469     57755.33360455092      
364500.6411931007      -15904.8319066783      -19927.57005158255     57755.36485455092      
364234.4738331452      -16064.38888131668     -19007.59262968929     57755.39610455092      
363975.0536949254      -16213.93804363663     -18079.03391250496     57755.42735455092      
363722.6793646196      -16353.46021543819     -17142.25575061217     57755.45860455092      
363477.6428695217      -16482.94615605618     -16197.63277119162     57755.48985455092      
363240.2288458375      -16602.39684382707     -15245.55197959764     57755.52110455092      
363010.713712864       -16711.82373169609     -14286.41229053571     57755.55235455092      
362789.3648598841      -16811.2489737341      -13320.62398905191     57755.58360455092      
362576.4398522955      -16900.70561944594     -12348.60812233208     57755.61485455092      
362372.1856635904      -16980.23777291822     -11370.79582412434     57755.64610455092      
362176.8379397985      -17049.90071407918     -10387.62757443362     57755.67735455092      
361990.6203029081      -17109.76097961737     -9399.552397973479     57755.70860455092      
361813.7436995697      -17159.89640143724     -8407.027005680182     57755.73985455092      
361646.4058010714      -17200.39610090256     -7410.514884382312     57755.77110455092      
361488.7904601604      -17231.3604375415      -6410.48534045431      57755.80235455092      
361341.0672297578      -17252.90091134055     -5407.41250395243      57755.83360455092      
361203.390948014       -17265.14001823882     -4401.774300313147     57755.86485455092      
361075.901393445       -17268.2110589368      -3394.051397182186     57755.89610455092      
360958.7230131387      -17262.25790164824     -2384.726134314267     57755.92735455092      
360851.9647261953      -17247.43469993336     -1374.281444739645     57755.95860455092      
360755.7198037093      -17223.90556725641     -363.1997755193297     57755.98985455092      
360670.0658257292      -17191.84421038686     648.0379835920248      57756.02110455092      
360595.0647147431      -17151.43352421584     1658.95355538978       57756.05235455092      
360530.7628443785      -17102.86515096604     2669.07230644401       57756.08360455092      
360477.1912211735      -17046.33900713558     3677.924246759409      57756.11485455092      
360434.3657365143      -16982.06278127333     4685.044990814815      57756.14610455092      
360402.2874849412      -16910.25140977345     5689.976673513149      57756.17735455092      
360380.9431449174      -16831.12652652818     6692.268815243537      57756.20860455092      
360370.3054167052      -16744.91590161715     7691.479130994743      57756.23985455092      
360370.3335124279      -16651.85286504428     8687.174279244678      57756.27110455092      
360380.9736924988      -16552.17572305408     9678.930547169541      57756.30235455092      
360402.1598425149      -16446.12717064619     10666.33446954885      57756.33360455092      
360433.8140845318      -16333.95370432654     11648.98337957161      57756.36485455092      
360475.8474165728      -16215.90503895708     12626.48589056043      57756.39610455092      
360528.1603742606      -16092.23353234246     13598.46230840819      57756.42735455092      
360590.6437085774      -15963.19362093055     14564.54497525415      57756.45860455092      
360663.1790739541      -15829.04126971467     15524.37854560343      57756.48985455092      
360733.9864928997      -15708.98589492092     16349.9224690998       57756.51690528836      
