388641.8766523503      1.455191522836685e-10  -66558.8599385399      57727                  
388641.8758840667      -4.804309260267473     -66558.85729557845     57727.00069444445      
388641.8658135672      -18.04420464595023     -66558.82265143802     57727.00260838691      
388641.7813344802      -53.50239942313056     -66558.53201203706     57727.00773539471      
388641.2581795276      -136.2386123366741     -66556.73188392035     57727.01970555175      
388637.8280216695      -348.2573562470061     -66544.92361553108     57727.05042842435      
388631.2607238977      -563.3749188796573     -66522.29924372918     57727.08167842435      
388621.5946603497      -777.8907417771406     -66488.9692464961      57727.11292842435      
388608.8366416341      -991.7463849621199     -66444.93018361626     57727.14417842435      
388592.9945631989      -1204.8835566485       -66390.17701936832     57727.17542842435      
388574.0774137242      -1417.244097308379     -66324.70311503171     57727.20667842435      
388552.0952854867      -1628.769972587208     -66248.5002190987      57727.23792842435      
388527.059386773       -1839.403260215739     -66161.5584551638      57727.26917842435      
388498.9820563783      -2049.08613680995      -66063.86630745197     57727.30042842435      
388467.876780217       -2257.760869845704     -65955.41060394286     57727.33167842435      
388433.7582101566      -2465.36980411227      -65836.17649703963     57727.36292842435      
388396.642185129       -2671.855347933946     -65706.14744172146     57727.39417842435      
388356.545754564       -2877.159964442035     -65565.30517111412     57727.42542842435      
388313.4872043001      -3081.226157200574     -65413.62966940056     57727.45667842435      
388267.4860850495      -3283.996455469176     -65251.09914198831     57727.48792842435      
388218.5632434769      -3485.413404962637     -65077.68998283798     57727.51917842435      
388166.7408561375      -3685.419549277358     -64893.37673884918     57727.55042842435      
388112.0424662631      -3883.957419662496     -64698.13207118933     57727.58167842435      
388054.4930236748      -4080.969518302103     -64491.92671343912     57727.61292842435      
387994.1189279408      -4276.398300957342     -64274.72942641753     57727.64417842435      
387930.9480749014      -4470.186164215476     -64046.50694953555     57727.67542842435      
387865.0099068688      -4662.275426643791     -63807.22394851628     57727.70667842435      
387796.3354666702      -4852.608309087722     -63556.84295930184     57727.73792842435      
387724.9574557045      -5041.126919338829     -63295.32432795468     57727.76917842435      
387650.9102963954      -5227.77323046021      -63022.62614634335     57727.80042842435      
387574.2301992702      -5412.4890579844       -62738.70418338345     57727.83167842435      
387494.9552348982      -5595.216041180392     -62443.5118115884      57727.86292842435      
387413.1254111659      -5775.895617660957     -62136.99992866003     57727.89417842435      
387328.7827562003      -5954.468996512209     -61819.11687382912     57727.92542842435      
387241.9714072489      -6130.877135693911     -61489.80833863054     57727.95667842435      
387152.737706184       -6305.06070883388      -61149.0172717705      57727.98792842435      
387061.1303018521      -6476.960078915923     -60796.68377771539     57728.01917842435      
386967.2002600239      -6646.515263957932     -60432.74500860012     57728.05042842435      
386871.0011814493      -6813.665900367865     -60057.13504901822     57728.08167842435      
386772.5893285652      -6978.351209045839     -59669.7847932201      57728.11292842435      
386672.02376174        -7140.509953398432     -59270.62181420441     57728.14417842435      
386569.3664857561      -7300.080394290635     -58859.57022414202     57728.17542842435      
386464.6826072811      -7457.000246919946     -58436.55052552353     57728.20667842435      
386358.0405044731      -7611.206628699576     -58001.47945236765     57728.23792842435      
386249.5120096712      -7762.636003074011     -57554.26980076799     57728.26917842435      
386139.1726062224      -7911.224124132932     -57094.83024799175     57728.30042842435      
386027.101640935       -8056.905970995962     -56623.06515927121     57728.33167842435      
385913.3825534764      -8199.615676743852     -56138.87438135152     57728.36292842435      
385798.1031241879      -8339.286456595684     -55642.15302176995     57728.39417842435      
385681.3557422853      -8475.850524133362     -55132.79121274754     57728.42542842435      
385563.2376963023      -8609.239000135181     -54610.67385846686     57728.45667842435      
385443.8514888275      -8739.381819064583     -54075.68036439262     57728.48792842435      
385323.3051782988      -8866.207617657019     -53527.68434716338     57728.51917842435      
385201.7127502051      -8989.643622151118     -52966.5533234363      57728.55042842435      
385079.1945210868      -9109.615518361468     -52392.14837590976     57728.58167842435      
384955.8775786585      -9226.047309139642     -51804.32379456941     57728.61292842435      
384831.8962618177      -9338.861162995614     -51202.92669100667     57728.64417842435      
384707.3926851646      -9447.977241655804     -50587.79658343981     57728.67542842435      
384582.5173128821      -9553.313509900174     -49958.76494982267     57728.70667842435      
384457.4295874644      -9654.785530733905     -49315.65474615295     57728.73792842435      
384332.2986199398      -9752.306232855117     -48658.27988679102     57728.76917842435      
384207.3039487389      -9845.785652797575     -47986.44468325791     57728.80042842435      
384082.636375385       -9935.130653679917     -47299.94323760566     57728.83167842435      
383958.4988867689      -10020.2446062274      -46598.5587860302      57728.86292842435      
383835.1076747965      -10101.02703290434     -45882.0629879261      57728.89417842435      
383712.693265822       -10177.37321528549     -45150.21515505709     57728.92542842435      
383591.5017746232      -10249.17374821199     -44402.76141493206     57728.95667842435      
383471.7962995556      -10316.31403905134     -43639.43380182338     57728.98792842435      
383353.858478208       -10378.67374919643     -42859.94926814258     57729.01917842435      
383237.9902265103      -10436.12615779866     -42064.00860808685     57729.05042842435      
383124.5156876504      -10488.53744179344     -41251.29528458741     57729.08167842435      
383013.7834217289      -10535.76586423843     -40421.47414962247     57729.11292842435      
382906.1688730036      -10577.66084481215     -39574.19004690526     57729.14417842435      
382802.0771577865      -10614.06189907432     -38709.06628482617     57729.17542842435      
382701.9462240833      -10644.79743003678     -37825.70296632801     57729.20667842435      
382606.2504444123      -10669.6833307726      -36923.67516115756     57729.23792842435      
382515.5047143493      -10688.52138333319     -36002.53090469996     57729.26917842435      
382430.269144948       -10701.09740045137     -35061.78900644642     57729.30042842435      
382351.1544548342      -10707.17906845073     -34100.93665018257     57729.33167842435      
382278.8281904164      -10706.51343864659     -33119.42676739415     57729.36292842435      
382214.0219313501      -10698.82398554595     -32116.67516545261     57729.39417842435      
382157.5396735143      -10683.80714905793     -31092.05739328449     57729.42542842435      
382110.2676267161      -10661.12825651723     -30044.90533009639     57729.45667842435      
382073.1857220191      -10630.41667716123     -28974.5034883079      57729.48792842435      
382047.381196541       -10591.26004194223     -27880.0850316359      57729.51917842435      
382034.0647183072      -10543.19731541764     -26760.82752557303     57729.55042842435      
382034.5896373734      -10485.71043026789     -25615.84846384063     57729.58167842435      
382050.4751104554      -10418.21413075912     -24444.20065622823     57729.61292842435      
382083.4340595529      -10340.04356496216     -23244.86762907249     57729.64417842435      
382135.4072094249      -10250.43900668723     -22016.75929287897     57729.67542842435      
382208.604829534       -10148.52690973034     -20758.70829355375     57729.70667842435      
382305.5583220355      -10033.29623156161     -19469.46771866968     57729.73792842435      
382429.1845017229      -9903.568581464842     -18147.71123399796     57729.76917842435      
382582.8663808956      -9757.960253779807     -16792.03737046269     57729.80042842435      
382770.5556101691      -9594.833491206364     -15400.98072246115     57729.83167842435      
382996.9035847635      -9412.233296620223     -13973.0345187234      57729.86292842435      
383267.4308066114      -9207.804694681085     -12506.6918430453      57729.89417842435      
383588.7476546897      -8978.683315488033     -11000.51751813432     57729.92542842435      
383968.8445352275      -8721.349313127541     -9453.270759900446     57729.95667842435      
384417.4755970548      -8431.430776053248     -7864.11277258983      57729.98792842435      
384946.6673065807      -8103.437877951797     -6232.958270623392     57730.01917842435      
385571.3885817857      -7730.403900724861     -4561.074237890831     57730.05042842435      
386310.4140993133      -7303.407611458932     -2852.108730730992     57730.08167842435      
387187.3707788243      -6810.965164685749     -1113.873073650303     57730.11292842435      
388009.2942277513      -6359.34645446427      290.2751198247115      57730.13796847243      
388846.1292387567      -5906.497898791596     1537.695662037387      57730.16026149619      
389790.1531675346      -5401.551681029137     2759.658644116992      57730.18240544094      
390756.7464316556      -4888.900124083312     3836.716086375085      57730.20250502508      
391727.4633350447      -4376.841315305497     4764.002082399306      57730.22064429028      
392719.2881381047      -3855.227354546411     5569.628752920835      57730.23752022223      
393732.536489761       -3322.972321443217     6259.062543451126      57730.25341306604      
394781.7776528905      -2771.653731336781     6842.795601009713      57730.26877239909      
395842.8593717211      -2213.327240646568     7308.303826149284      57730.2834642481       
396857.6180679634      -1678.236296843234     7643.311195836104      57730.29696015103      
397848.2291923808      -1154.579978395795     7871.64390688403       57730.30980316056      
398815.7435107965      -641.8015015919573     8004.250189743299      57730.32218922546      
399770.5179895748      -134.4922813790672     8050.243898323981      57730.33439862559      
400742.3946262445      383.1156941866921      8012.527032429527      57730.34694566927      
401750.3601693479      921.036554778595       7884.866087430022      57730.36022336123      
402820.3027452273      1492.908268206649      7651.805068155498      57730.37476893458      
403897.3113344664      2068.974056794576      7316.210431547919      57730.3900484118       
404924.7468810527      2618.324761269037      6901.4200271841        57730.40538234272      
405948.1673544883      3164.640858814761      6395.585683400404      57730.42155203014      
406949.3396997903      3697.437434096257      5809.955584773339      57730.43839434187      
407933.3647889659      4218.642180138275      5145.083326604803      57730.45609694759      
408917.8344387093      4736.621470814964      4389.063063424466      57730.47511886281      
409902.270091352       5249.94396702363       3539.336879386734      57730.4956391335       
410918.0643883891      5773.298673339646      2560.536559946308      57730.51860545065      
411902.9502080208      6272.948043297481      1508.163155591177      57730.54285282462      
412942.7243671464      6790.014719134386      280.8601943028334      57730.57086775742      
413995.0240584164      7299.746533201658      -1090.375060229024     57730.60211775742      
414949.7108296646      7747.655244890693      -2454.743648145406     57730.63336775742      
415820.2122729485      8141.441867967782      -3806.159284017889     57730.66461775742      
416617.5129692978      8487.525458757333      -5140.817491715596     57730.69586775742      
417350.6530962078      8791.280366615341      -6456.39220499359      57730.72711775742      
418027.1286224511      9057.234845996625      -7751.526254712975     57730.75836775742      
418653.2051484712      9289.231443821085      -9025.503105627282     57730.78961775742      
419234.1621173812      9490.55465820839       -10278.03210390374     57730.82086775742      
419774.4828223008      9664.032120344908      -11509.10599416584     57730.85211775742      
420278.0028146202      9812.114883049946      -12718.90520588042     57730.88336775742      
420748.0265133589      9936.941402205164      -13907.73287931964     57730.91461775742      
421187.4194728452      10040.38880849409      -15075.970387298       57730.94586775742      
421598.6819358205      10124.11425320118      -16224.04670186557     57730.97711775742      
421984.0079119065      10189.58848497419      -17352.41722291708     57731.00836775742      
422345.3329848447      10238.1232998767       -18461.5491397864      57731.03961775742      
422684.373279958       10270.89412795691      -19551.91134338031     57731.07086775742      
423002.6574478961      10288.95875001115      -20623.96753124681     57731.10211775742      
423301.5530916438      10293.27289695328      -21678.17156595993     57731.13336775742      
423582.2887407067      10284.70333605157      -22714.96443026685     57731.16461775742      
423845.9722331529      10264.0389028244       -23734.77231632736     57731.19586775742      
424093.6061803622      10231.99986248593      -24738.00552057154     57731.22711775742      
424326.1010480276      10189.24589101239      -25725.0579094825      57731.25836775742      
424544.2862777368      10136.38290711159      -26696.30678772587     57731.28961775742      
424748.9197883255      10073.96895814957      -27652.11304702939     57731.32086775742      
424940.6961305192      10002.51930926539      -28592.82150784538     57731.35211775742      
425120.2535164265      9922.510856249901      -29518.76139005153     57731.38336775742      
425288.1799039669      9834.385977751557      -30430.24686649469     57731.41461775742      
425445.0182840982      9738.555906406255      -31327.57766595556     57731.44586775742      
425591.2712925822      9635.403683770372      -32211.03970145043     57731.47711775742      
425727.4052466207      9525.286769864415      -33080.90570662962     57731.50836775742      
425853.8536901267      9408.53935069653       -33937.43586806574     57731.53961775742      
425971.0205175958      9285.474379194173      -34780.87844492545     57731.57086775742      
426079.2827348636      9156.385396345275      -35611.47037024456     57731.60211775742      
426178.9929062059      9021.54815616678       -36429.43783002715     57731.63336775742      
426270.4813296017      8881.222073651017      -37234.99681785965     57731.66461775742      
426354.0579752797      8735.651529045801      -38028.35366380008     57731.69586775742      
426430.014217829       8585.067040868911      -38809.70553707959     57731.72711775742      
426498.6243877529      8429.686317436997      -39579.24092270699     57731.75836775742      
426560.1471643159      8269.715212447867      -40337.14007246056     57731.78961775742      
426614.8268288223      8105.348590403602      -41083.57543101872     57731.82086775742      
426662.8943948523      7936.771106064698      -41818.71203816069     57731.85211775742      
426704.5686294209      7764.157918777542      -42542.70790808003     57731.88336775742      
426740.056977517       7587.675343428695      -43255.7143869148      57731.91461775742      
426769.5564008627      7407.48143877781       -43957.8764896249      57731.94586775742      
426793.2541400325      7223.726551768206      -44649.33321734734     57731.97711775742      
426811.3284083262      7036.553812361501      -45330.21785633934     57732.00836775742      
426823.949024449       6846.09959149982       -46000.65825958995     57732.03961775742      
426831.2779905101      6652.493915559098      -46660.77711213891     57732.07086775742      
426833.4700206931      6455.860853586102      -47310.69218109595     57732.10211775742      
426830.6730256365      6256.318874500314      -47950.51655130502     57732.13336775742      
426823.0285569723      6053.981171053732      -48580.35884754695     57732.16461775742      
426810.6722156982      5848.955965134377      -49200.32344412387     57732.19586775742      
426793.7340279268      5641.346790643409      -49810.5106626186      57732.22711775742      
426772.3387911512      5431.252749915591      -50411.01695857343     57732.25836775742      
426746.6063935852      5218.76875756737       -51001.93509778656     57732.28961775742      
426716.6521091164      5003.985767363065      -51583.35432287917     57732.32086775742      
426682.5868701265      4786.990977496782      -52155.3605107441      57732.35211775742      
426644.5175199886      4567.868027705103      -52718.03632144672     57732.38336775742      
426602.5470470841      4346.697183353444      -53271.46133911089     57732.41461775742      
426556.7748019932      4123.555501493422      -53815.7122052871      57732.44586775742      
426507.2966991449      3898.516991986991      -54350.8627452673      57732.47711775742      
426454.205404297       3671.652768518707      -54876.98408777931     57732.50836775742      
426397.5905090644      3443.031184212403      -55394.14477846425     57732.53961775742      
426337.5386934264      3212.717965406337      -55902.41088751467     57732.57086775742      
426274.1338772774      2980.776333432474      -56401.84611182413     57732.60211775742      
426207.4573618175      2747.267123117887      -56892.51187197736     57732.63336775742      
426137.5879616597      2512.248887737187      -57374.46740438639     57732.66461775742      
426064.6021282711      2275.778003763102      -57847.769848859       57732.69586775742      
425988.574065459       2037.908769796242      -58312.4743318674      57732.72711775742      
425909.5758375308      1798.69349398663       -58768.63404576467     57732.75836775742      
425827.6774705967      1558.1825825296        -59216.30032418484     57732.78961775742      
425742.9470475638      1316.424623497162      -59655.5227138423      57732.82086775742      
425655.4507972967      1073.466460217285      -60086.34904293633     57732.85211775742      
425565.2531783088      829.3532667123727      -60508.82548635016     57732.88336775742      
425472.4169574066      584.1286193768574      -60922.99662782464     57732.91461775742      
425377.0032836485      337.8345590178724      -61328.90551927261     57732.94586775742      
425279.0717579087      90.51165641317857      -61726.5937373917      57732.97711775742      
425178.6804983742      -157.8009292744791     -62116.1014377222      57733.00836775742      
425075.8862022391      -407.0653908609675     -62497.46740628791     57733.03961775742      
424970.7442038546      -657.2452229943956     -62870.72910894951     57733.07086775742      
424863.3085295641      -908.3051683865451     -63235.92273859146     57733.10211775742      
424753.6319494492      -1160.211166381101     -63593.08326025726     57733.13336775742      
424641.766026174       -1412.93030986653      -63942.24445433954     57733.16461775742      
424527.7611611262      -1666.430798107071     -64283.43895792626     57733.19586775742      
424411.6666380286      -1920.681891499222     -64616.69830439785     57733.22711775742      
424293.5306641551      -2175.653874296888     -64942.05296136373     57733.25836775742      
424173.4004093333      -2431.318012885462     -65259.53236702383     57733.28961775742      
424051.3220428641      -2687.646515648776     -65569.16496503228     57733.32086775742      
423927.3407684453      -2944.612500502259     -65870.97823793953     57733.35211775742      
423801.5008572837      -3202.189956988492     -66164.9987392824      57733.38336775742      
423673.8456794517      -3460.353713810367     -66451.25212438834     57733.41461775742      
423544.4177336415      -3719.079403494252     -66729.76317995692     57733.44586775742      
423413.258675334       -3978.3434350918       -67000.55585247828     57733.47711775742      
423280.4093435646      -4238.122961808953     -67263.65327554238     57733.50836775742      
423145.9097863352      -4498.395849666853     -67519.07779609453     57733.53961775742      
423009.7992846849      -4759.140653332895     -67766.85099968525     57733.57086775742      
422872.1163756028      -5020.336586682864     -68006.99373476241     57733.60211775742      
422732.898873807       -5281.963494224252     -68239.52613605092     57733.63336775742      
422592.1838923768      -5544.001829536508     -68464.46764706096     57733.66461775742      
422450.0078624384      -5806.432627591126     -68681.83704176711     57733.69586775742      
422306.4065518453      -6069.23748192819      -68891.65244549414     57733.72711775742      
422161.4150829992      -6332.39851837308      -69093.93135504739     57733.75836775742      
422015.0679497227      -6595.898376297981     -69288.69065812121     57733.78961775742      
421867.3990333956      -6859.720184273086     -69475.9466520186      57733.82086775742      
421718.4416183306      -7123.84753627691      -69655.7150617123      57733.85211775742      
421568.2284063225      -7388.264474667576     -69828.01105727754     57733.88336775742      
421416.7915306013      -7652.955467429903     -69992.84927072423     57733.91461775742      
421264.1625691364      -7917.905385885279     -70150.24381225485     57733.94586775742      
421110.3725572143      -8183.099489081764     -70300.2082859746      57733.97711775742      
420955.4519995472      -8448.523401668066     -70442.75580507657     57734.00836775742      
420799.430881749       -8714.163096314598     -70577.89900652632     57734.03961775742      
420642.3386813661      -8980.004872331119     -70705.65006526727     57734.07086775742      
420484.2043782686      -9246.035341570201     -70826.02070796791     57734.10211775742      
420325.0564646869      -9512.241408397364     -70939.0222263321      57734.13336775742      
420164.9229548033      -9778.610249949597     -71044.66548998962     57734.16461775742      
420003.8313937803      -10045.12930293383     -71142.96095898759     57734.19586775742      
419841.8088665284      -10311.78624372131     -71233.91869589954     57734.22711775742      
419678.8820059981      -10578.56897285643     -71317.54837756854     57734.25836775742      
419515.0770012019      -10845.46559559959     -71393.85930650194     57734.28961775742      
419350.4196047215      -11112.46440964765     -71462.86042193219     57734.32086775742      
419184.9351400301      -11379.5538867635      -71524.56031055994     57734.35211775742      
419018.6485085089      -11646.72265456753     -71578.96721699242     57734.38336775742      
418851.5841959993      -11913.95948477447     -71626.08905389282     57734.41461775742      
418683.7662792315      -12181.25327528166     -71665.93341185307     57734.44586775742      
418515.2184319902      -12448.59303237604     -71698.50756900286     57734.47711775742      
418345.9639308483      -12715.96785935545     -71723.81850036902     57734.50836775742      
418176.025660848       -12983.36693824717     -71741.87288699519     57734.53961775742      
418005.4261208345      -13250.77951581608     -71752.67712483622     57734.57086775742      
417834.1874286936      -13518.19488543514     -71756.23733343651     57734.60211775742      
417662.3313261693      -13785.60237603788     -71752.55936440542     57734.63336775742      
417489.8791836695      -14052.99133480584     -71741.6488096992      57734.66461775742      
417316.8520048937      -14320.35110988695     -71723.51100972143     57734.69586775742      
417143.2704310738      -14587.67103947385     -71698.15106125142     57734.72711775742      
416969.1547452728      -14854.94043386738     -71665.57382521106     57734.75836775742      
416794.5248763836      -15122.14856176778     -71625.78393428172     57734.78961775742      
416619.4004031216      -15389.28463233572     -71578.78580037778     57734.82086775742      
416443.8005576266      -15656.33778428915     -71524.58362199071     57734.85211775742      
416267.7442291463      -15923.29706863698     -71463.18139140948     57734.88336775742      
416091.2499675973      -16190.15143137097     -71394.58290183045     57734.91461775742      
415914.3359867701      -16456.88970247728     -71318.79175436329     57734.94586775742      
415737.020167674       -16723.50057783413     -71235.81136494414     57734.97711775742      
415559.3200616181      -16989.97260529073     -71145.64497116501     57735.00836775742      
415381.2528933518      -17256.29416642932     -71048.2956390286      57735.03961775742      
415202.8355638313      -17522.45346533499     -70943.76626963864     57735.07086775742      
415024.084653141       -17788.43851090783     -70832.05960583447     57735.10211775742      
414845.016423339       -18054.2370990736      -70713.17823877974     57735.13336775742      
414665.6468209533      -18319.83680128222     -70587.1246145153      57735.16461775742      
414485.9914796978      -18585.22494580027     -70453.90104048491     57735.19586775742      
414306.0657229376      -18850.38860314468     -70313.50969204541     57735.22711775742      
414125.8845662761      -19115.31456712397     -70165.95261896872     57735.25836775742      
413945.4627197661      -19379.98934286128     -70011.23175194899     57735.28961775742      
413764.814590344       -19644.39912827397     -69849.34890912239     57735.32086775742      
413583.9542842203      -19908.52979539637     -69680.30580261193     57735.35211775742      
413402.8956089242      -20172.36687796371     -69504.1040451078      57735.38336775742      
413221.6520756315      -20435.89555170372     -69320.74515649333     57735.41461775742      
413040.2369012545      -20699.10061873466     -69130.23057052911     57735.44586775742      
412858.6630107004      -20961.966487497       -68932.56164160662     57735.47711775742      
412676.9430387532      -21224.47715964737     -68727.739651583       57735.50836775742      
412495.089332271       -21486.61620961056     -68515.76581670958     57735.53961775742      
412313.1139521485      -21748.36676822137     -68296.64129466728     57735.57086775742      
412131.028675478       -22009.71150185895     -68070.36719172129     57735.60211775742      
411948.8449973259      -22270.63259853436     -67836.94457000981     57735.63336775742      
411766.5741328208      -22531.11174730686     -67596.37445497997     57735.66461775742      
411584.2270192425      -22791.13011746385     -67348.65784298576     57735.69586775742      
411401.8143177571      -23050.66834393041     -67093.79570906422     57735.72711775742      
411219.3464155305      -23309.70650525565     -66831.78901490399     57735.75836775742      
411036.8334276112      -23568.22410566152     -66562.63871702414     57735.78961775742      
410854.2851990566      -23826.2000525174      -66286.34577517923     57735.82086775742      
410671.7113066666      -24083.61264075603     -66002.91116100934     57735.85211775742      
410489.1210611269      -24340.43952982233     -65712.33586695274     57735.88336775742      
410306.5235089272      -24596.65772467204     -65414.62091544089     57735.91461775742      
410123.9274345487      -24852.24355216273     -65109.76736839567     57735.94586775742      
409941.3413622538      -25107.17264438243     -64797.77633704977     57735.97711775742      
409758.7735582805      -25361.41991519558     -64478.64899211194     57736.00836775742      
409576.2320330746      -25614.95953648889     -64152.38657430027     57736.03961775742      
409393.7245431672      -25867.76492063388     -63818.99040526654     57736.07086775742      
409211.2585935253      -26119.80869541751     -63478.46189893667     57736.10211775742      
409028.8414396868      -26371.0626830113      -63130.80257329349     57736.13336775742      
408846.4800902164      -26621.49787428611     -62776.01406262773     57736.16461775742      
408664.1813087637      -26871.08441007278     -62414.09813028663     57736.19586775742      
408481.9516166355      -27119.79155486238     -62045.05668194828     57736.22711775742      
408299.7972951629      -27367.58767455024     -61668.89177945329     57736.25836775742      
408117.724388424       -27614.44020951009     -61285.60565522405     57736.28961775742      
407935.7387055737      -27860.31565463143     -60895.20072730711     57736.32086775742      
407753.8458236843      -28105.17953250948     -60497.67961507152     57736.35211775742      
407572.0510906919      -28348.99636632239     -60093.04515560008     57736.38336775742      
407390.3596280018      -28591.72965896913     -59681.30042081063     57736.41461775742      
407208.7763336953      -28833.34186462816     -59262.448735347       57736.44586775742      
407027.3058855627      -29073.79436440068     -58836.4936952806      57736.47711775742      
406845.9527445693      -29313.0474372935      -58403.43918766394     57736.50836775742      
406664.721157955       -29551.06023823901     -57963.28941098231     57736.53961775742      
406483.6151629933      -29787.79076856014     -57516.04889654755     57736.57086775742      
406302.6385906083      -30023.19585055596     -57061.7225308817      57736.60211775742      
406121.795069485       -30257.23109747023     -56600.31557914177     57736.63336775742      
405941.0880298417      -30489.85089057386     -56131.83370963584     57736.66461775742      
405760.5207079346      -30721.00834873099     -55656.28301948275     57736.69586775742      
405580.0961504672      -30950.65530218958     -55173.6700614725      57736.72711775742      
405399.8172195642      -31178.74226182159     -54684.00187218157     57736.75836775742      
405219.6865974551      -31405.21839558783     -54187.2860014062      57736.78961775742      
405039.7067919238      -31630.03149831002     -53683.53054296931     57736.82086775742      
404859.8801420644      -31853.1279613825      -53172.74416696753     57736.85211775742      
404680.2088238493      -32074.45274909247     -52654.93615352114     57736.88336775742      
404500.6948566015      -32293.94936761345     -52130.11642809382     57736.91461775742      
404321.340109498       -32511.55983848935     -51598.29559844888     57736.94586775742      
404142.146308817       -32727.22466782237     -51059.48499331372     57736.97711775742      
403963.1150450313      -32940.88282301796     -50513.69670282146     57737.00836775742      
403784.2477809381      -33152.47170240178     -49960.9436208039      57737.03961775742      
403605.5458599313      -33361.92710957375     -49401.23948900867     57737.07086775742      
403427.0105151594      -33569.1832237141      -48834.59894331565     57737.10211775742      
403248.6428786494      -33774.17257774572     -48261.03756202944     57737.13336775742      
403070.4439916355      -33976.82602965723     -47680.57191632295     57737.16461775742      
402892.4148151783      -34177.07273890692     -47093.21962290996     57737.19586775742      
402714.5562418468      -34374.84013912916     -46498.99939902261     57737.22711775742      
402536.8691075323      -34570.05391910527     -45897.9311197717      57737.25836775742      
402359.3542046736      -34762.63799730034     -45290.03587796455     57737.28961775742      
402182.0122959663      -34952.51450194673     -44675.33604645552     57737.32086775742      
402004.8441293614      -35139.60374791112     -44053.85534310236     57737.35211775742      
401827.8504534083      -35323.8242223705      -43425.61889839877     57737.38336775742      
401651.0320342669      -35505.0925646043      -42790.65332585166     57737.41461775742      
401474.3896734508      -35683.32355195075     -42148.98679516642     57737.44586775742      
401297.9242271431      -35858.43008318752     -41500.6491083006      57737.47711775742      
401121.6366261189      -36030.32317143182     -40845.67177844036     57737.50836775742      
400945.5278976617      -36198.91193188196     -40184.08811194808     57737.53961775742      
400769.5991885127      -36364.10357652161     -39515.93329332248     57737.57086775742      
400593.8517897322      -36525.8034070776      -38841.24447320311     57737.60211775742      
400418.2871625044      -36683.91481840245     -38160.06085944307     57737.63336775742      
400242.9069663082      -36838.33929762501     -37472.42381126186     57737.66461775742      
400067.7130884927      -36988.97643126843     -36778.37693647828     57737.69586775742      
399892.7076761655      -37135.72391166283     -36077.9661918091      57737.72711775742      
399717.8931694172      -37278.47755490248     -35371.23998620466     57737.75836775742      
399543.2723372787      -37417.13131646461     -34658.24928717397     57737.78961775742      
399368.848315922       -37551.57731152875     -33939.04773003372     57737.82086775742      
399194.624648593       -37681.70584707789     -33213.69172999542     57737.85211775742      
399020.6053287019      -37807.40545191292     -32482.24059697933     57737.88336775742      
398846.7948450897      -37928.56291691503     -31744.7566530222      57737.91461775742      
398673.19823042        -38045.06333694261     -31001.30535211551     57737.94586775742      
398499.8211116992      -38156.79016673827     -30251.95540228341     57737.97711775742      
398326.6697644402      -38263.62527624652     -29496.77888967653     57738.00836775742      
398153.7511695399      -38365.4490169838      -28735.85140442508     57738.03961775742      
397981.0730733282      -38462.1402961196      -27969.25216795664     57738.07086775742      
397808.6440512574      -38553.57665491775     -27197.06416144592     57738.10211775742      
397636.4735742646      -38639.63436321392     -26419.37425502433     57738.13336775742      
397464.5720793271      -38720.1885153113      -25636.27333733108     57738.16461775742      
397292.9510431578      -38795.11313971334     -24847.85644494469     57738.19586775742      
397121.6230599736      -38864.28131406356     -24054.22289118686     57738.22711775742      
396950.601922247       -38927.565297707       -23255.4763937401      57738.25836775742      
396779.9027059289      -38984.83666718604     -22451.72520047249     57738.28961775742      
396609.5418590177      -39035.96646704759     -21643.08221281064     57738.32086775742      
396439.537294353       -39080.82536723571     -20829.6651059521      57738.35211775742      
396269.908485453       -39119.28383940521     -20011.59644515393     57738.38336775742      
396100.6765668154      -39151.21233732189     -19189.00379728625     57738.41461775742      
395931.8644374456      -39176.48149360353     -18362.01983678614     57738.44586775742      
395763.496868391       -39194.96232389333     -17530.7824451013      57738.47711775742      
395595.6006129722      -39206.5264506235      -16695.43480266546     57738.50836775742      
395428.204521011       -39211.04633129729     -15856.12547240415     57738.53961775742      
395261.3396556655      -39208.39550330973     -15013.00847373434     57738.57086775742      
395095.0394135054      -39198.44883611464     -14166.24334598184     57738.60211775742      
394929.339646345       -39181.08280260788     -13315.99520012253     57738.63336775742      
394764.2787859638      -39156.17575430525     -12462.43475772283     57738.66461775742      
394599.8979701365      -39123.60821199337     -11605.73837595253     57738.69586775742      
394436.2411704101      -39083.2631622679      -10746.08805753643     57738.72711775742      
394273.355319944       -39035.02637143301     -9883.671444521839     57738.75836775742      
394111.2904423344      -38978.7867008952      -9018.6817947565       57738.78961775742      
393950.0997796344      -38914.43643529422     -8151.317940008448     57738.82086775742      
393789.8399197879      -38841.87161330808     -7281.784224702249     57738.85211775742      
393630.5709215876      -38760.99237214448     -6410.2904243097       57738.88336775742      
393472.3564378634      -38671.70328935036     -5537.051642505336     57738.91461775742      
393315.2638349098      -38573.91373271019     -4662.288186292746     57738.94586775742      
393159.3643081812      -38467.53820767979     -3786.225418411224     57738.97711775742      
393004.7329921859      -38352.49671291047     -2909.093586457777     57739.00836775742      
392851.4490651207      -38228.71508702946     -2031.12762829545      57739.03961775742      
392699.5958461932      -38096.12535627405     -1152.566953475092     57739.07086775742      
392549.2608850327      -37954.66607734047     -273.6552005632548     57739.10211775742      
392400.5360425705      -37804.2826697294      605.3600295491633      57739.13336775742      
392253.51756133        -37644.92774699474     1484.227464090683      57739.16461775742      
392108.306125608       -37476.56142971266     2362.692472138966      57739.19586775742      
391965.0069094494      -37299.15165028079     3240.497400956403      57739.22711775742      
391823.7296123691      -37112.67443841774     4117.381934043922      57739.25836775742      
391684.5884808206      -36917.11419751        4993.083469800913      57739.28961775742      
391547.702316037       -36712.46395467478     5867.337519471912      57739.32086775742      
391413.1944663722      -36498.72559480558     6739.87812284258       57739.35211775742      
391281.1928043475      -36275.91006770702     7610.438279949129      57739.38336775742      
391151.8296867288      -36044.0375788043      8478.750396865245      57739.41461775742      
391025.2418985897      -35803.13774671425     9344.546743459447      57739.44586775742      
390901.5705799799      -35553.24973770883     10207.55992084614      57739.47711775742      
390780.9611353427      -35294.42237209288     11067.52333611748      57739.50836775742      
390663.5631259435      -35026.7141977172      11924.17168182274      57739.53961775742      
390549.5301443493      -34750.19354125868     12777.24141756754      57739.57086775742      
390439.0196725194      -34464.93852153282     13626.47125104596      57739.60211775742      
390332.1929227557      -34171.03703669598     14471.6026157765       57739.63336775742      
390229.2146628027      -33868.58671615663     15312.38014281364      57739.66461775742      
390130.2530246546      -33557.69484954885     16148.55212372963      57739.69586775742      
390035.4792991407      -33238.47827799239     16979.87096222059      57739.72711775742      
389945.0677161783      -32911.0632597165      17806.09361177671      57739.75836775742      
389859.1952120212      -32575.58530714748     18626.98199697548      57739.78961775742      
389778.0411849207      -32232.18899278095     19442.30341609994      57739.82086775742      
389701.7872394535      -31881.02773657611     20251.83092295165      57739.85211775742      
389630.6169220615      -31522.26356117585     21055.34368592544      57739.88336775742      
389564.7154481464      -31156.06682880776     21852.62732261715      57739.91461775742      
389504.2694228637      -30782.61595256664     22643.47420846776      57739.94586775742      
389449.4665560922      -30402.0970962049      23427.68375818459      57739.97711775742      
389400.4953742475      -30014.70384926602     24205.0626789279       57740.00836775742      
389357.5449294444      -29620.63689185416     24975.42519450356      57740.03961775742      
389320.8045081754      -29220.10364208119     25738.59324005709      57740.07086775742      
389290.4633400149      -28813.31790055953     26494.39662701037      57740.10211775742      
389266.7103088954      -28400.49947890628     27242.67317823246      57740.13336775742      
389249.7336674316      -27981.87382584054     27983.2688336646       57740.16461775742      
389239.7207558655      -27557.67164918255     28716.03772684456      57740.19586775742      
389236.8577270948      -27128.12853199667     29440.84223298373      57740.22711775742      
389241.3292781041      -26693.48455626482     30157.55298943506      57740.25836775742      
389253.3183898982      -26253.98392072019     30866.04888957035      57740.28961775742      
389273.0060760623      -25809.87456601505     31566.21705122928      57740.32086775742      
389300.5711410546      -25361.4078050379      32257.95276103733      57740.35211775742      
389336.1899491978      -24908.83795605952     32941.15939600069      57740.38336775742      
389380.0362042502      -24452.42199149181     33615.7483238726       57740.41461775742      
389432.2807410642      -23992.41918822318     34281.63878385637      57740.44586775742      
389493.0913289528      -23529.09079279028     34938.75774925681      57740.47711775742      
389562.6324876526      -23062.69969314871     35587.03977372154      57740.50836775742      
389641.065315363       -22593.51010996447     36226.42682272432      57740.53961775742      
389728.5473298909      -22121.7872930443      36856.86809193714      57740.57086775742      
389825.2323222648      -21647.79723454583     37478.31981411611      57740.60211775742      
389931.2702230009      -21171.8063956735      38090.74505609294      57740.63336775742      
390046.8069811012      -20694.08144331643     38694.11350741524      57740.66461775742      
390171.9844549798      -20214.88900820867     39288.40126212288      57740.69586775742      
390306.9403158957      -19734.49544938013     39873.59059508228      57740.72711775742      
390451.807962969       -19253.16663630281     40449.66973422664      57740.75836775742      
390606.7164496421      -18771.16774478296     41016.63262997249      57740.78961775742      
390771.7904213751      -18288.76306256167     41574.47872299934      57740.82086775742      
390947.1500635998      -17806.21581582326     42123.21271149415      57740.85211775742      
391132.9110602199      -17323.78800097788     42662.8443188768       57740.88336775742      
391329.1845615918      -16841.74023357544     43193.38806293225      57740.91461775742      
391536.0771619227      -16360.33160474148     43714.8630271905       57740.94586775742      
391753.6908850491      -15879.819556935       44227.29263531014      57740.97711775742      
391982.1231787542      -15400.45976322341     44730.70442913614      57741.00836775742      
392221.4669166158      -14922.50602106374     45225.12985102377      57741.03961775742      
392471.8104070515      -14446.21015624712     45710.60403094228      57741.07086775742      
392733.237409196       -13971.82193264182     46187.16557879996      57741.10211775742      
393005.8271546924      -13499.58897872813     46654.85638236013      57741.13336775742      
393289.6543754872      -13029.75671504475     47113.72141105667      57741.16461775742      
393584.7893367316      -12562.56829354434     47563.80852595234      57741.19586775742      
393891.2978744828      -12098.26454451447     48005.16829603085      57741.22711775742      
394209.2414378867      -11637.08392671143     48437.85382095954      57741.25836775742      
394538.6771350618      -11179.26249177523     48861.92056041349      57741.28961775742      
394879.6577827691      -10725.03384705869     49277.4261700085       57741.32086775742      
395232.2319591196      -10274.6291279695      49684.43034385253      57741.35211775742      
395596.4440590917      -9828.276975546745     50082.99466368878      57741.38336775742      
395972.3343526057      -9386.2035149972       50473.18245457604      57741.41461775742      
396359.9390445435      -8948.632346383507     50855.05864702132      57741.44586775742      
396759.2903368047      -8515.784531651188     51228.68964546017      57741.47711775742      
397170.4164918222      -8087.878589225154     51594.14320295588      57741.50836775742      
397593.3418973788      -7665.130491990261     51951.48830197567      57741.53961775742      
398028.0871325501      -7247.753664468757     52300.79504108402      57741.57086775742      
398474.6690343224      -6835.958990530416     52642.13452738382      57741.60211775742      
398933.1007649807      -6429.954815868681     52975.57877452581      57741.63336775742      
399403.3918798436      -6029.946956614833     53301.20060609929      57741.66461775742      
399885.548395253       -5636.138709986371     53619.07356421238      57741.69586775742      
400379.5728567051      -5248.730862864104     53929.27182306568      57741.72711775742      
400885.4644068081      -4867.921709766873     54231.87010732191      57741.75836775742      
401403.2188531618      -4493.907064485429     54526.94361507293      57741.78961775742      
401932.8287358638      -4126.880276875163     54814.56794520652      57741.82086775742      
402474.2833945942      -3767.03225077044      55094.81902897635      57741.85211775742      
403027.5690352171      -3414.55145896865      55367.77306558191      57741.88336775742      
403592.6687956938      -3069.623966878193     55633.5064615673       57741.91461775742      
404169.5628113867      -2732.433449089738     55892.09577385368      57741.94586775742      
404758.2282795629      -2403.161210483056     56143.61765622212      57741.97711775742      
405358.6395230859      -2081.986207873888     56388.14880907153      57742.00836775742      
405970.768053253       -1769.085068185421     56625.76593227949      57742.03961775742      
406594.582631672       -1464.632114843873     56856.54568100032      57742.07086775742      
407230.0493312222      -1168.799386630344     57080.56462424126      57742.10211775742      
407877.1315960005      -881.7566606998007     57297.89920606231      57742.13336775742      
408535.7903002473      -603.6714757931841     57508.62570925306      57742.16461775742      
409205.9838062362      -334.7091516428191     57712.82022134477      57742.19586775742      
409887.6680210796      -75.03281636555766     57910.55860282276      57742.22711775742      
410580.7964524737      175.1965739766383      58101.91645741056      57742.25836775742      
411285.3202633404      415.8202118480112      58286.96910430286      57742.28961775742      
412001.1883253718      646.6814147114346      58465.79155223118      57742.32086775742      
412728.347271465       867.6256055026752      58638.45847525078      57742.35211775742      
413466.7415470543      1078.500285224378      58805.0441901447       57742.38336775742      
414216.313460329       1279.155013550728      58965.62263534544      57742.41461775742      
414977.0032313463      1469.441385560021      59120.26735128042      57742.44586775742      
415748.7490400393      1649.213009370047      59269.05146205302      57742.47711775742      
416531.487073131       1818.325483097527      59412.04765837588      57742.50836775742      
417325.1515699395      1976.636375950293      59549.32818167769      57742.53961775742      
418129.6748671334      2124.005201472683      59680.96480931036      57742.57086775742      
418944.98744238        2260.293398937509      59807.02884078721      57742.60211775742      
419771.0179569477      2385.364310907156      59927.59108498752      57742.63336775742      
420607.6932972564      2499.083160959606      60042.72184826661      57742.66461775742      
421454.9386153664      2601.317035615779      60152.49092341504      57742.69586775742      
422312.677368484       2691.934858405948      60256.967579414        57742.72711775742      
423180.8313574102      2770.807372168198      60356.22055193741      57742.75836775742      
424059.3207640121      2837.807117521323      60450.31803455498      57742.78961775742      
424948.0641877096      2892.808411530583      60539.32767059328      57742.82086775742      
425846.9786809661      2935.687330628563      60623.31654561521      57742.85211775742      
426755.9797838771      2966.321685645467      60702.35118048117      57742.88336775742      
427674.9815577674      2984.591005149498      60776.49752495732      57742.91461775742      
428603.8966178918      2990.376514957519      60845.82095183965      57742.94586775742      
429542.6361652229      2983.561118676775      60910.38625156447      57742.97711775742      
430491.1100173541      2964.029377655614      60970.25762727805      57743.00836775742      
431449.2266385027      2931.667495250142      61025.49869034086      57743.03961775742      
432416.8931687085      2886.363293157836      61076.17245624279      57743.07086775742      
433394.0154521394      2828.006196156573      61122.34134090861      57743.10211775742      
434380.4980646002      2756.48721300609       61164.06715737376      57743.13336775742      
435376.2443402319      2671.698918414317      61201.41111281263      57743.16461775742      
436381.1563974251      2573.53543443259       61234.43380590271      57743.19586775742      
437395.1351639415      2461.892416230767      61263.19522450943      57743.22711775742      
438418.0804013276      2336.667029894059      61287.75474367757      57743.25836775742      
439449.8907285468      2197.75793872615       61308.17112391675      57743.28961775742      
440490.4636449154      2045.0652857065        61324.50250976843      57743.32086775742      
441539.6955523416      1878.490676217127      61336.80642864446      57743.35211775742      
442597.4817768608      1697.937165204403      61345.13978992666      57743.38336775742      
443663.716589545       1503.309236323041      61349.55888431812      57743.41461775742      
444738.2932267286      1294.512789672277      61350.1193834381       57743.44586775742      
445821.1039096273      1071.455125677867      61346.87633965255      57743.47711775742      
446912.0398633406      834.0449301029312      61339.88418613275      57743.50836775742      
448010.991335266       582.1922585234061      61329.19673713579      57743.53961775742      
449117.847612934       315.8085253039044      61314.86718850002      57743.57086775742      
450232.4970412975      34.80648450160697      61296.9481183503       57743.60211775742      
451354.8270394743      -260.8997805353356     61275.49148800678      57743.63336775742      
452484.7241169761      -571.3948714399157     61250.54864309276      57743.66461775742      
453622.073889434       -896.7620879407568     61222.17031483598      57743.69586775742      
454766.7610938397      -1237.083441499601     61190.40662155955      57743.72711775742      
455918.6696033327      -1592.439664390341     61155.30707035673      57743.75836775742      
457077.6824415179      -1962.910226913366     61116.92055894677      57743.78961775742      
458243.6817963735      -2348.573345820005     61075.29537770635      57743.82086775742      
459416.5490337376      -2749.505996634727     61030.47921187324      57743.85211775742      
460596.1647104013      -3165.783924799779     60982.51914391795      57743.88336775742      
461782.4085868174      -3597.48165734345      60931.46165607914      57743.91461775742      
462975.1596394813      -4044.672509938768     60877.35263305988      57743.94586775742      
464174.2960729025      -4507.42860217808      60820.23736487938      57743.97711775742      
465379.6953313121      -4985.820863970137     60760.16054987767      57744.00836775742      
466591.2341100294      -5479.919045876472     60697.16629786869      57744.03961775742      
467808.7883665378      -5989.791728264168     60631.2981334379       57744.07086775742      
469032.2333312699      -6515.506330992925     60562.59899938074      57744.10211775742      
470261.4435181887      -7057.129118458002     60491.11126027798      57744.13336775742      
471496.2927350014      -7614.725212942041     60416.87670620381      57744.16461775742      
472736.6540932562      -8188.358599014568     60339.93655656239      57744.19586775742      
473982.4000181623      -8778.092131926907     60260.3314640498       57744.22711775742      
475233.402258215       -9383.987544829801     60178.10151873597      57744.25836775742      
476489.5318946118      -10006.105456552       60093.28625226333      57744.28961775742      
477750.659350582       -10644.50537471025     60005.92464215764      57744.32086775742      
479016.6544003679      -11299.24570723639     59916.05511624688      57744.35211775742      
480287.3861782345      -11970.38376489013     59823.71555718355      57744.38336775742      
481562.7231872497      -12657.97576783479     59728.94330706655      57744.41461775742      
482842.5333079521      -13362.07685105566     59631.77517215787      57744.44586775742      
484126.6838068767      -14082.74107037638     59532.24742768955      57744.47711775742      
485415.0413451         -14820.02140379428     59430.39582275755      57744.50836775742      
486707.4719864393      -15573.96976134114     59326.255585296        57744.53961775742      
488003.8412058111      -16344.63698588825     59219.86142712977      57744.57086775742      
489304.0138973923      -17132.07285810306     59111.247549099        57744.60211775742      
490607.8543827366      -17936.32610026254     59000.44764625194      57744.63336775742      
491915.226418832       -18757.44437982421     58887.49491310121      57744.66461775742      
493225.9932060711      -19595.47431365187     58772.4220489398       57744.69586775742      
494540.017396356       -20450.46146755292     58655.26126321142      57744.72711775742      
495857.1611008153      -21322.45036450575     58536.04428093077      57744.75836775742      
497177.2858978397      -22211.48448376084     58414.80234815024      57744.78961775742      
498500.2528409222      -23117.60626418805     58291.56623746773      57744.82086775742      
499825.9224665163      -24040.85710653096     58166.36625357174      57744.85211775742      
501154.1548018362      -24981.27737636863     58039.2322388189       57744.88336775742      
502484.8093728752      -25938.90640238898     57910.19357884082      57744.91461775742      
503817.7452119787      -26913.78248348378     57779.27920817439      57744.94586775742      
505152.8208658592      -27905.94288667447     57646.5176159132       57744.97711775742      
506489.8944034004      -28915.42384937055     57511.93685137461      57745.00836775742      
507828.8234235141      -29942.26058057225     57375.56452977973      57745.03961775742      
509169.4650630105      -30986.48726192293     57237.42783794096      57745.07086775742      
510511.6760044269      -32048.13704953012     57097.55353995509      57745.10211775742      
511855.3124841598      -33127.24207109777     56955.96798289643      57745.13336775742      
513200.2303000524      -34223.83343203312     56812.69710250806      57745.16461775742      
514546.2848195654      -35337.94121233214     56667.76642888605      57745.19586775742      
515893.3309876937      -36469.59446789826     56521.2010921548       57745.22711775742      
517241.223334963       -37618.82123084295     56373.02582812894      57745.25836775742      
518589.8159853843      -38785.64851060646     56223.2649839591       57745.28961775742      
519938.9626647771      -39970.10229038203     56071.94252375903      57745.32086775742      
521288.5167084389      -41172.20753264737     55919.08203420961      57745.35211775742      
522638.33106952        -42391.98817542066     55764.70673013868      57745.38336775742      
523988.2583270887      -43629.46713303345     55608.83946007228      57745.41461775742      
525338.1506942897      -44884.66629591455     55451.50271175601      57745.44586775742      
526687.8600265315      -46157.60653030685     55292.71861764282      57745.47711775742      
528037.2378296145      -47448.3076788544      55132.50896034577      57745.50836775742      
529386.1352683012      -48756.78855648459     54970.89517805319      57745.53961775742      
530734.4031740829      -50083.06695553585     54807.89836990337      57745.57086775742      
532081.8920537954      -51427.15964154707     54643.53930131751      57745.60211775742      
533428.452097844       -52789.08235365081     54477.83840928909      57745.63336775742      
534773.9331885335      -54168.8498040015      54310.81580762696      57745.66461775742      
536118.1849084176      -55566.47567717243     54142.49129215097      57745.69586775742      
537461.0565486648      -56981.97262952208     53972.88434583876      57745.72711775742      
538802.3971173414      -58415.35228948126     53802.01414392132      57745.75836775742      
540142.0553482141      -59866.62525311131     53629.89955892711      57745.78961775742      
541479.879708559       -61335.80108905523     53456.55916567192      57745.82086775742      
542815.7184079835      -62822.88833406873     53282.01124619532      57745.85211775742      
544149.4194067612      -64327.89449324377     53106.27379463961      57745.88336775742      
545480.8304242719      -65850.82603928217     52929.36452207407      57745.91461775742      
546809.798947448       -67391.68841176806     52751.3008612596       57745.94586775742      
548136.1722391075      -68950.48601738592     52572.09997135621      57745.97711775742      
549459.7973468796      -70527.2222253876      52391.77874257068      57746.00836775742      
550780.5211109518      -72121.89937256681     52210.35380074433      57746.03961775742      
552098.1901729915      -73734.5187587361      52027.84151188041      57746.07086775742      
553412.6509844769      -75365.08064696063     51844.25798661025      57746.10211775742      
554723.7498151419      -77013.58426285141     51659.6190845988       57746.13336775742      
556031.3327614119      -78680.02779386967     51473.94041888694      57746.16461775742      
557335.2457546953      -80364.4083896036      51287.23736017378      57746.19586775742      
558635.3345703479      -82066.72215725709     51099.52504103494      57746.22711775742      
559931.4448352626      -83786.96416675531     50910.81836007978      57746.25836775742      
561223.4220368016      -85525.12844626707     50721.13198604528      57746.28961775742      
562511.1115310398      -87281.20798254292     50530.48036182827      57746.32086775742      
563794.3585511242      -89055.19472031383     50338.87770845507      57746.35211775742      
565073.0082156151      -90847.07956170666     50146.33802898866      57746.38336775742      
566346.9055368084      -92656.85236568072     49952.8751123738       57746.41461775742      
567615.8954288752      -94484.50194845747     49758.50253722079      57746.44586775742      
568879.8227167806      -96330.01607911618     49563.23367552686      57746.47711775742      
570138.5321435824      -98193.38148491574     49367.08169633684      57746.50836775742      
571391.8683792953      -100074.583846938      49170.05956934251      57746.53961775742      
572639.676028938       -101973.6078006039     48972.1800684211       57746.57086775742      
573881.799640709       -103890.4369352399     48773.45577511424      57746.60211775742      
575118.0837141369      -105825.0537936707     48573.89908204685      57746.63336775742      
576348.3727082002      -107777.4398718329     48373.52219628662      57746.66461775742      
577572.5110492345      -109747.5756193933     48172.33714264464      57746.69586775742      
578790.343139729       -111735.4404354896     47970.35576691851      57746.72711775742      
580001.7133652555      -113741.0126742932     47767.58973907685      57746.75836775742      
581206.4661031974      -115764.2696407979     47564.05055638745      57746.78961775742      
582404.4457305338      -117805.187591531      47359.74954648894      57746.82086775742      
583595.4966317721      -119863.741734304      47154.69787040605      57746.85211775742      
584779.463206848       -121939.9062279909     46948.90652551031      57746.88336775742      
585956.1898789926      -124033.6541823246     46742.38634842585      57746.91461775742      
587125.521102354       -126144.9576587076     46535.14801788202      57746.94586775742      
588287.3013706376      -128273.7876660982     46327.20205751175      57746.97711775742      
589441.3752236138      -130420.1141668063     46118.55883859846      57747.00836775742      
590587.5872556836      -132583.9060724254     45909.22858277112      57747.03961775742      
591725.7821233668      -134765.1312447265     45699.22136464759      57747.07086775742      
592855.8045529656      -136963.7564955856     45488.54711442839      57747.10211775742      
593977.4993481906      -139179.7475869304     45277.21562044125      57747.13336775742      
595090.7113977569      -141413.0692307072     45065.23653163566      57747.16461775742      
596195.2856827044      -143663.6850898651     44852.61936003034      57747.19586775742      
597291.0672848772      -145931.5577743736     44639.37348311354      57747.22711775742      
598377.901392994       -148216.6488472279     44425.50814619559      57747.25836775742      
599455.6333110533      -150518.9188205059     44211.03246471687      57747.28961775742      
600524.1084655261      -152838.3271564262     43995.95542651037      57747.32086775742      
601583.1724127518      -155174.8322674267     43780.28589401982      57747.35211775742      
602632.6708463018      -157528.3915162611     43564.0326064743       57747.38336775742      
603672.4496043118      -159898.9612161126     43347.20418201975      57747.41461775742      
604702.3546767844      -162286.4966307248     43129.80911980881      57747.44586775742      
605722.2322125887      -164690.951975554      42911.85580204948      57747.47711775742      
606731.9285277853      -167112.2804139108     42693.35249601232      57747.50836775742      
607731.290111222       -169550.4340631702     42474.30735599864      57747.53961775742      
608720.1636327922      -172005.3639909467     42254.72842526907      57747.57086775742      
609698.3959503265      -174477.0202163096     42034.6236379341       57747.60211775742      
610665.8341167221      -176965.3517100083     41814.00082080613      57747.63336775742      
611622.325387047       -179470.3063947128     41592.86769521507      57747.66461775742      
612567.7172256199      -181991.8311452694     41371.23187878742      57747.69586775742      
613501.857313064       -184529.8717889713     41149.10088718994      57747.72711775742      
614424.593553032       -187084.3731068544     40926.48213583793      57747.75836775742      
615335.774080434       -189655.2788299495     40703.38294156926      57747.78961775742      
616235.2472665977      -192242.5316456667     40479.81052428522      57747.82086775742      
617122.8617274456      -194846.0731940762     40255.77200855775      57747.85211775742      
617998.4663301365      -197465.8440692626     40031.27442520481      57747.88336775742      
618861.9101999894      -200101.783819681      39806.32471283383      57747.91461775742      
619713.0427273881      -202753.8309485279     39580.92971935379      57747.94586775742      
620551.7135746693      -205421.9229141255     39355.09620345803      57747.97711775742      
621377.7726829927      -208105.9961303222     39128.8308360753       57748.00836775742      
622191.070279195       -210805.9859669054     38902.14020179296      57748.03961775742      
622991.4568822812      -213521.8267510485     38675.03080025187      57748.07086775742      
623778.7833116339      -216253.4517636806     38447.50904751068      57748.10211775742      
624552.9006917543      -219000.7932460531     38219.58127738687      57748.13336775742      
625313.6604604363      -221763.7823961403     37991.25374276619      57748.16461775742      
626060.9143752097      -224542.3493701454     37762.53261688913      57748.19586775742      
626794.5145201168      -227336.4232830025     37533.42399461006      57748.22711775742      
627514.3133124777      -230145.9322088978     37303.93389363098      57748.25836775742      
628220.1635096458      -232970.8031818018     37074.0682557112       57748.28961775742      
628911.9182157589      -235810.9621960218     36843.83294785206      57748.32086775742      
629589.4308884774      -238666.3342067688     36613.23376345864      57748.35211775742      
630252.5553453296      -241536.8431317643     36382.27642347667      57748.38336775742      
630901.1457719951      -244422.4118477522     36150.96657750892      57748.41461775742      
631535.0567267026      -247322.9621972515     35919.30980490686      57748.44586775742      
632154.1431484955      -250238.4149851045     35687.31161584289      57748.47711775742      
632758.2603635615      -253168.6899801548     35454.97745235887      57748.50836775742      
633347.2640919437      -256113.7059159277     35222.31268939518      57748.53961775742      
633921.0104542533      -259073.3804913183     34989.32263579933      57748.57086775742      
634479.3559783808      -262047.6303713052     34756.01253531338      57748.60211775742      
635022.157606204       -265036.3711876847     34522.38756754258      57748.63336775742      
635549.2727002986      -268039.5175398262     34288.45284890497      57748.66461775742      
636060.5590506473      -271056.9829954492     34054.21343356141      57748.69586775742      
636555.8748809155      -274088.6800924449     33819.67431432853      57748.72711775742      
637035.0788569129      -277134.5203355993     33584.8404235706       57748.75836775742      
637498.030090695       -280194.4142035847     33349.71663407862      57748.78961775742      
637944.588149023       -283268.2711457283     33114.3077599275       57748.82086775742      
638374.6130596547      -286355.9995839297     32878.61855731905      57748.85211775742      
638787.9653180739      -289457.5069135759     32642.65372540746      57748.88336775742      
639184.5058942245      -292572.6995044855     32406.41790710899      57748.91461775742      
639564.0962392495      -295701.4827018763     32169.91568989508      57748.94586775742      
639926.5982922388      -298843.7608273606     31933.15160657122      57748.97711775742      
640271.8744869793      -301999.4371799696     31696.13013603957      57749.00836775742      
640599.7877587166      -305168.414037203      31458.85570404716      57749.03961775742      
640910.2015504309      -308350.592657135      31221.33268391952      57749.07086775742      
641202.979821566       -311545.8732754264     30983.56539727945      57749.10211775742      
641477.9870518885      -314754.1551126112     30745.55811475407      57749.13336775742      
641735.0882502235      -317975.3363711713     30507.31505666522      57749.16461775742      
641974.1489607706      -321209.3142377632     30268.84039370858      57749.19586775742      
642195.0352699124      -324455.9848844551     30030.1382476193       57749.22711775742      
642397.6138130338      -327715.2434699959     29791.21269182445      57749.25836775742      
642581.751781351       -330986.9841411189     29552.06775208365      57749.28961775742      
642747.3169287491      -334271.1000338794     29312.70740711651      57749.32086775742      
642894.1775786304      -337567.4832750306     29073.13558921905      57749.35211775742      
643022.2026307745      -340876.024983432      28833.35618486855      57749.38336775742      
643131.2615682061      -344196.6152714983     28593.37303531563      57749.41461775742      
643221.2244635273      -347529.1432477058     28353.18993716687      57749.44586775742      
643291.9619879938      -350873.4970140319     28112.81064295408      57749.47711775742      
643343.3454151442      -354229.5636736467     27872.23886169607      57749.50836775742      
643375.2466298873      -357597.2293284311     27631.47825944732      57749.53961775742      
643387.5381348828      -360976.3790816448     27390.53245983712      57749.57086775742      
643380.0930574726      -364366.8970396112     27149.40504459885      57749.60211775742      
643352.7851566258      -367768.6663134493     26908.09955408931      57749.63336775742      
643305.4888298922      -371181.5690208449     26666.61948779816      57749.66461775742      
643238.0791203671      -374605.4862878689     26424.96830484856      57749.69586775742      
643150.4317236672      -378040.2982508387     26183.14942448819      57749.72711775742      
643042.4229949155      -381485.8840582269     25941.1662265707       57749.75836775742      
642913.9299557366      -384942.121872614      25699.02205202921      57749.78961775742      
642764.830301263       -388408.888872692      25456.72020334084      57749.82086775742      
642595.0024065358      -391886.0612563248     25214.26394498293      57749.85211775742      
642404.3253359793      -395373.5142385954     24971.65650387947      57749.88336775742      
642192.6788467683      -398871.1220600325     24728.90106984277      57749.91461775742      
641959.9433983107      -402378.7579847549     24486.00079600344      57749.94586775742      
641706.000158689       -405896.2943037333     24242.95879923529      57749.97711775742      
641430.7310117217      -409423.6023370918     23999.77816057124      57750.00836775742      
641134.0185640294      -412960.5524364598     23756.46192561201      57750.03961775742      
640815.7461521118      -416507.0139873778     23513.01310492755      57750.07086775742      
640475.7978494287      -420062.8554117578     23269.43467445293      57750.10211775742      
640114.0584734896      -423627.9441703969     23025.72957587353      57750.13336775742      
639730.413592949       -427202.1467655464     22781.90071700758      57750.16461775742      
639324.7495347079      -430785.3287435367     22537.95097217889      57750.19586775742      
638896.9533910211      -434377.3546974589     22293.88318258536      57750.22711775742      
638446.9130266067      -437978.0882699033     22049.70015665895      57750.25836775742      
637974.5170850772      -441587.3921567541     21805.40467042156      57750.28961775742      
637479.6549987993      -445205.1281060476     21560.99946783145      57750.32086775742      
636962.2169919126      -448831.156926882      21316.48726112937      57750.35211775742      
636422.0940901861      -452465.338488392      21071.87073117204      57750.38336775742      
635859.1781274636      -456107.5317237803     20827.15252776555      57750.41461775742      
635273.3617527931      -459757.5946334137     20582.33526998898      57750.44586775742      
634664.5384375551      -463415.384287975      20337.42154651525      57750.47711775742      
634032.6024825923      -467080.7568316824     20092.41391592531      57750.50836775742      
633377.4490253394      -470753.5674855664     19847.31490701763      57750.53961775742      
632698.9740469486      -474433.6705508117     19602.127019112        57750.57086775742      
631997.0743794175      -478120.9194121629     19356.85272234882      57750.60211775742      
631271.6477127083      -481815.1665413919     19111.49445798283      57750.63336775742      
630522.5926018703      -485516.2635008312     18866.05463867279      57750.66461775742      
629749.8084741522      -489224.0609469712     18620.53564876586      57750.69586775742      
628953.1956361127      -492938.4086341216     18374.93984457752      57750.72711775742      
628132.6552807241      -496659.1554181399     18129.26955466659      57750.75836775742      
627288.0894944693      -500386.1492602252     17883.52708010649      57750.78961775742      
626419.4012636536      -504119.2372317494     17637.71469475329      57750.82086775742      
625526.4944845913      -507858.2655142896     17391.83464550413      57750.85211775742      
624609.2739660284      -511603.0794094661     17145.88915256027      57750.88336775742      
623667.6454392964      -515353.5233391034     16899.88040967804      57750.91461775742      
622701.5155645945      -519109.4408503331     16653.81058442011      57750.94586775742      
621710.7919380263      -522870.6746197881     16407.68181840214      57750.97711775742      
620695.3830986266      -526637.0664578669     16161.4962275346       57751.00836775742      
619655.1985353748      -530408.4573130634     15915.25590226211      57751.03961775742      
618590.1486941918      -534184.6872763676     15668.96290779789      57751.07086775742      
617500.1449849237      -537965.5955857324     15422.61928435671      57751.10211775742      
616385.0997883065      -541751.0206306111     15176.22704738146      57751.13336775742      
615244.9264629176      -545540.7999565629     14929.78818776947      57751.16461775742      
614079.5393521027      -549334.7702699271     14683.30467209255      57751.19586775742      
612888.8537908893      -553132.7674425666     14436.77844281582      57751.22711775742      
611672.7861128772      -556934.6265166805     14190.21141851268      57751.25836775742      
610431.2536571075      -560740.1817096866     13943.6054940765       57751.28961775742      
609164.1747749099      -564549.2664191716     13696.96254093002      57751.32086775742      
607871.4688367277      -568361.7132279126     13450.28440723027      57751.35211775742      
606553.056238916       -572177.3539089643     13203.57291807223      57751.38336775742      
605208.8584096364      -575996.0194317555     12956.82987568947      57751.41461775742      
603838.7978191273      -579817.5399635736     12710.05705964833      57751.44586775742      
602442.7979811482      -583641.7448804772     12463.25622704765      57751.47711775742      
601020.7834631855      -587468.4627689162     12216.42911270668      57751.50836775742      
599572.6798922404      -591297.5214321041     11969.57742935652      57751.53961775742      
598098.41396146        -595128.7478955195     11722.70286782517      57751.57086775742      
596597.9134367419      -598961.9684124809     11475.80709722399      57751.60211775742      
595071.1071633029      -602797.0084697839     11228.8917651283       57751.63336775742      
593517.925072216       -606633.6927934104     10981.9584977568       57751.66461775742      
591938.2981869122      -610471.845354306      10735.00890014955      57751.69586775742      
590332.1586296475      -614311.2893742215     10488.04455634253      57751.72711775742      
588699.4396279346      -618151.8473316255     10241.0670295413       57751.75836775742      
587040.0755209345      -621993.3409676817     9994.077862289851      57751.78961775742      
585354.0017658125      -625835.5912922939     9747.078576640808      57751.82086775742      
583641.1549440536      -629678.4185902163     9500.070674320799      57751.85211775742      
581901.4727677365      -633521.6424272305     9253.055636895704      57751.88336775742      
580134.8940857694      -637365.0816563894     9006.034925933287      57751.91461775742      
578341.3588900797      -641208.5544243221     8759.009983162337      57751.94586775742      
576520.8083217628      -645051.8781776091     8511.982230633381      57751.97711775742      
574673.1846771858      -648894.8696692154     8264.953070873802      57752.00836775742      
572798.4314140461      -652737.344964994      8017.923887044133      57752.03961775742      
570896.4931573831      -656579.119450246      7770.896043091256      57752.07086775742      
568967.3157055435      -660420.0078363493     7523.870883899683      57752.10211775742      
567010.8460360975      -664259.8241674444     7276.849735441559      57752.13336775742      
565027.0323117084      -668098.3818271852     7029.833904925617      57752.16461775742      
563015.8238859477      -671935.4935455497     6782.82468094409       57752.19586775742      
560977.1713080351      -675770.9714065698     6535.823333618173      57752.22711775742      
558911.0263326589      -679604.6268518182     6288.831114738306      57752.25836775742      
556817.3419194873      -683436.2706925699     6041.849257912894      57752.28961775742      
554696.0722428723      -687265.7131133968     5794.878978704452      57752.32086775742      
552547.172696379       -691092.7636801389     5547.921474771225      57752.35211775742      
550370.5998982859      -694917.2313470647     5300.977926004562      57752.38336775742      
548166.3116970258      -698738.9244640913     5054.049494665756      57752.41461775742      
545934.26717657        -702557.6507840555     4807.137325522373      57752.44586775742      
543674.4266617567      -706373.217470044      4560.242545982066      57752.47711775742      
541386.7517235565      -710185.4311027735     4313.366266225406      57752.50836775742      
539071.2051842835      -713994.0976880275     4066.509579338366      57752.53961775742      
536727.7511227404      -717799.0226641409     3819.673561443458      57752.57086775742      
534356.354879308       -721600.0109095391     3572.85927182826       57752.60211775742      
531956.983060968       -725396.8667503267     3326.067753075331      57752.63336775742      
529529.6035462666      -729189.3939679244     3079.300031188061      57752.66461775742      
527074.1854902118      -732977.3958067552     2832.557115719421      57752.69586775742      
524590.6993291096      -736760.6749819783     2585.839999895426      57752.72711775742      
522079.1167853338      -740539.0336872705     2339.149660740746      57752.75836775742      
519539.410872029       -744312.2736026491     2092.487059201347      57752.78961775742      
516971.5558977516      -748080.1959023456     1845.853140268475      57752.82086775742      
514375.5274710392      -751842.6012627181     1599.248833099089      57752.85211775742      
511751.3025049164      -755599.2898702081     1352.67505113763       57752.88336775742      
509098.8592213304      -759350.0614293392     1106.132692234998      57752.91461775742      
506418.1771555198      -763094.7151707553     859.6226387686329      57752.94586775742      
503709.2371603131      -766833.0498592992     613.1457577613182      57752.97711775742      
500972.0214103579      -770564.8638021287     366.7029009975959      57753.00836775742      
498206.5134062805      -774289.9548568709     120.2949051410542      57753.03961775742      
495412.6979787747      -778008.120439811      -126.0774081491982     57753.07086775742      
492590.5612926187      -781719.1575341183     -372.4132321029902     57753.10211775742      
489740.0908506231      -785422.8626981046     -618.7117747247103     57753.13336775742      
486861.2754975025      -789119.0320735152     -864.9722586800926     57753.16461775742      
483954.1054236803      -792807.4613938525     -1111.193921180326     57753.19586775742      
481018.5721690161      -796487.9459927295     -1357.37601387169      57753.22711775742      
478054.6686264632      -800160.2808122523     -1603.517802721937     57753.25836775742      
475062.3890456507      -803824.26041143       -1849.618567909347     57753.28961775742      
472041.7290363944      -807479.6789746148     -2095.677603710967     57753.32086775742      
468992.6855721308      -811126.3303199619     -2341.694218392775     57753.35211775742      
465915.2569932792      -814764.0079079197     -2587.667734099028     57753.38336775742      
462809.4430105285      -818392.5048497391     -2833.597486743005     57753.41461775742      
459675.2447080497      -822011.6139160069     -3079.482825898507     57753.44586775742      
456512.6645466334      -825621.1275451987     -3325.32311469072      57753.47711775742      
453321.7063667531      -829220.8378522526     -3571.117729687714     57753.50836775742      
450102.3753915529      -832810.5366371601     -3816.866060793749     57753.53961775742      
446854.6782297589      -836390.0153935733     -4062.5675111413       57753.57086775742      
443578.6228785188      -839959.0653174296     -4308.221496984712     57753.60211775742      
440274.2187261622      -843517.4773155899     -4553.827447593387     57753.63336775742      
436941.4765548897      -847065.0420144896     -4799.384805145848     57753.66461775742      
433580.408543383       -850601.5497688015     -5044.893024624034     57753.69586775742      
430191.0282693423      -854126.7906701105     -5290.35157370806      57753.72711775742      
426773.3507119486      -857640.554555596      -5535.759932670742     57753.75836775742      
423327.3922542488      -861142.6310167236     -5781.117594273644     57753.78961775742      
419853.1706854689      -864632.8094079434     -6026.424063661834     57753.82086775742      
416350.7052032509      -868110.8788553918     -6271.678858260217     57753.85211775742      
412820.0164158138      -871576.6282656003     -6516.881507669634     57753.88336775742      
409261.1263440439      -875029.8463342079     -6762.031553563196     57753.91461775742      
405674.0584235073      -878470.3215546696     -7007.128549583314     57753.94586775742      
402058.837506391       -881897.8422269716     -7252.172061237332     57753.97711775742      
398415.4898633695      -885312.1964663425     -7497.161665796593     57754.00836775742      
394744.043185398       -888713.1722119624     -7742.09695219266      57754.03961775742      
391044.5265854336      -892100.5572356689     -7986.977520914399     57754.07086775742      
387316.9706000831      -895474.1391506599     -8231.802983907051     57754.10211775742      
383561.4071911795      -898833.7054201871     -8476.572964468913     57754.13336775742      
379777.8697472864      -902179.0433662456     -8721.287097150343     57754.16461775742      
375966.3930851312      -905509.9401782528     -8965.945027651265     57754.19586775742      
372127.0134509681      -908826.182921719      -9210.546412720811     57754.22711775742      
368259.7685218703      -912127.5585469075     -9455.090920054179     57754.25836775742      
364364.6974069538      -915413.8538974797     -9699.578228192928     57754.28961775742      
360441.8406485297      -918684.8557191299     -9944.008026422525     57754.32086775742      
356491.2402231921      -921940.3506682049     -10188.38001467224     57754.35211775742      
352512.939542833       -925180.1253203062     -10432.6939034136      57754.38336775742      
348506.9834555961      -928403.9661788781     -10676.94941356045     57754.41461775742      
344473.4182467581      -931611.6596837746     -10921.14627636637     57754.44586775742      
340412.2916395493      -934802.9922198099     -11165.28423332603     57754.47711775742      
336323.6527959061      -937977.7501252859     -11409.36303607363     57754.50836775742      
332207.5523171604      -941135.7197005007     -11653.38244628196     57754.53961775742      
328064.0422446666      -944276.6872162321     -11897.34223556321     57754.57086775742      
323893.1760603635      -947400.4389221992     -12141.2421853671      57754.60211775742      
319695.0086872777      -950506.7610554982     -12385.08208688104     57754.63336775742      
315469.5964899626      -953595.4398490124     -12628.86174093065     57754.66461775742      
311216.9972748809      -956666.2615397953     -12872.58095787861     57754.69586775742      
306937.2702907259      -959719.0123774267     -13116.23955752439     57754.72711775742      
302630.4762286861      -962753.4786323367     -13359.83736900409     57754.75836775742      
298296.6772226515      -965769.4466041041     -13603.37423069053     57754.78961775742      
293935.9368493643      -968766.7026297203     -13846.84999009303     57754.82086775742      
289548.3201285159      -971745.0330918222     -14090.26450375636     57754.85211775742      
285133.8935227876      -974704.2244268924     -14333.61763716198     57754.88336775742      
280692.7249378408      -977644.0631334259     -14576.90926462668     57754.91461775742      
276224.8837222537      -980564.3357800618     -14820.13926920301     57754.94586775742      
271730.4406674085      -983464.8290136782     -15063.30754257838     57754.97711775742      
267209.4680073286      -986345.3295674517     -15306.41398497566     57755.00836775742      
262662.0394184673      -989205.6242688808     -15549.45850505267     57755.03961775742      
258088.2300194507      -992045.5000477673     -15792.44101980148     57755.07086775742      
253488.1163707731      -994864.7439441632     -16035.36145444849     57755.10211775742      
248861.776474449       -997663.1431162742     -16278.21974235441     57755.13336775742      
244209.2897736209      -1000440.484848326     -16521.01582491305     57755.16461775742      
239530.7371521261      -1003196.556558386     -16763.74965145165     57755.19586775742      
234826.2009340219      -1005931.145806145     -17006.42117912986     57755.22711775742      
230095.764883072       -1008644.04030066      -17249.0303728407      57755.25836775742      
225339.5142021941      -1011335.027908041     -17491.57720510749     57755.28961775742      
220557.5355328721      -1014003.896659115     -17734.06165598542     57755.32086775742      
215749.9169545315      -1016650.434757022     -17976.48371296062     57755.35211775742      
210916.7479838823      -1019274.430584785     -18218.84337084851     57755.38336775742      
206058.1195742285      -1021875.672712825     -18461.14063169435     57755.41461775742      
201174.1241147474      -1024453.949906432     -18703.37550467142     57755.44586775742      
196264.8554297388      -1027009.051133189     -18945.54800598061     57755.47711775742      
191330.4087778465      -1029540.76557035      -19187.6581587501      57755.50836775742      
186370.8808512526      -1032048.882612172     -19429.70599293336     57755.53961775742      
181386.3697748483      -1034533.191877197     -19671.69154520903     57755.57086775742      
176376.9751053793      -1036993.483215485     -19913.61485887942     57755.60211775742      
171342.7978305708      -1039429.546715804     -20155.47598376998     57755.63336775742      
166283.9403682313      -1041841.172712764     -20397.27497612697     57755.66461775742      
161200.5065653374      -1044228.15179391      -20639.01189851796     57755.69586775742      
156092.6016971023      -1046590.274806758     -20880.68681972881     57755.72711775742      
150960.332466028       -1048927.332865788     -21122.29981466429     57755.75836775742      
145803.807000943       -1051239.117359385     -21363.85096424411     57755.78961775742      
140623.1348576118      -1053525.419956512     -21605.34035530576     57755.82086775742      
135418.4270114216      -1055786.032614435     -21846.76808049483     57755.85211775742      
130189.7958658754      -1058020.747584179     -22088.13423817413     57755.88336775742      
124937.3552452687      -1060229.35741817      -22329.43893231475     57755.91461775742      
119661.2203952622      -1062411.6549767       -22570.68227239675     57755.94586775742      
114361.5079818704      -1064567.433434574     -22811.86437330762     57755.97711775742      
109038.3360904473      -1066696.4862877       -23052.98535523959     57756.00836775742      
103691.8242246719      -1068798.60735964      -23294.04534358892     57756.03961775742      
98322.09330553435      -1070873.590808098     -23535.04446885287     57756.07086775742      
92929.26567032482      -1072921.231131373     -23775.98286652926     57756.10211775742      
87513.46507162668      -1074941.323174756     -24016.86067701393     57756.13336775742      
82074.81667631524      -1076933.662136877     -24257.67804549792     57756.16461775742      
76613.44706456525      -1078898.043576009     -24498.43512186722     57756.19586775742      
71129.4842288669       -1080834.263416324     -24739.13206059905     57756.22711775742      
65623.05757305308      -1082742.117954093     -24979.76902066154     57756.25836775742      
60094.29791134057      -1084621.403863854     -25220.34616541007     57756.28961775742      
54543.33746738422      -1086471.91820452      -25460.86366248579     57756.32086775742      
48970.30987334868      -1088293.458425449     -25701.32168371457     57756.35211775742      
43375.35016899787      -1090085.822372466     -25941.72040500265     57756.38336775742      
37758.59480080388      -1091848.808293839     -26182.06000623689     57756.41461775742      
32120.18162107824      -1093582.214846215     -26422.34067118156     57756.44586775742      
26460.24988712509      -1095285.841100507     -26662.56258737616     57756.47711775742      
20778.94026042068      -1096959.486547748     -26902.72594603279     57756.50836775742      
15076.39480581864      -1098602.951104888     -27142.83094193577     57756.53961775742      
9352.75699078304       -1100216.035120563     -27382.87777333724     57756.57086775742      
3608.171686311565      -1101798.539380808     -27622.86664185883     57756.60211775742      
-2157.214840398912     -1103350.265114799     -27862.79775238212     57756.63336775742      
-7943.254916682483     -1104871.014000398     -28102.67131295614     57756.66461775742      
-13749.79947166444     -1106360.588169836     -28342.48753468908     57756.69586775742      
-19576.69803520459     -1107818.790215272     -28582.24663164886     57756.72711775742      
-25423.79873845766     -1109245.423194318     -28821.94882075972     57756.75836775742      
-31290.94831439368     -1110640.290635554     -29061.59432170098     57756.78961775742      
-37177.99209827622     -1112003.196543989     -29301.183356806       57756.82086775742      
-43084.77402809753     -1113333.945406502     -29540.7161509592      57756.85211775742      
-49011.13664496833     -1114632.342197247     -29780.19293149555     57756.88336775742      
-54956.9210934612      -1115898.192383032     -30019.6139280973      57756.91461775742      
-60921.96712190531     -1117131.301928668     -30258.97937269439     57756.94586775742      
-66906.11308263178     -1118331.477302285     -30498.2894993627      57756.97711775742      
-71299.91383864326     -1119189.285551647     -30673.48502902809     57757                  
