388641.8766523502      5.820766091346741e-11  -66558.85993853994     57727                  
388641.8759305317      -4.804341781542462     -66558.85728893886     57727.00069444445      
388641.8648596044      -19.41804993260303     -66558.81665072199     57727.00280692499      
388641.7653294805      -59.65286837064195     -66558.45130486396     57727.00862416049      
388640.9936324843      -167.9427507267392     -66555.61860455119     57727.02428933048      
388637.2602966454      -383.6911740702417     -66541.91318543121     57727.05553933048      
388630.6056062797      -599.0262037804641     -66517.47701216573     57727.08678933048      
388621.0320566451      -813.893041080024      -66482.30802085009     57727.11803933048      
388608.5431627597      -1028.236959666494     -66436.40254676006     57727.14928933048      
388593.1434672416      -1242.003292957532     -66379.75531913912     57727.18053933048      
388574.8385501172      -1455.137421311098     -66312.35945367285     57727.21178933048      
388553.635040646       -1667.584758996178     -66234.20644262929     57727.24303933048      
388529.5406311348      -1879.290741332101     -66145.28614263548     57727.27428933048      
388502.5640928729      -2090.200811404749     -66045.58676005536     57727.30553933048      
388472.7152941772      -2300.260406777306     -65935.09483392454     57727.33678933048      
388440.0052206517      -2509.414945968565     -65813.79521639117     57727.36803933048      
388404.4459977293      -2717.609814484756     -65681.67105060384     57727.39928933048      
388366.0509155662      -2924.790350695032     -65538.70374597888     57727.43053933048      
388324.8344564001      -3130.901831332267     -65384.8729507713      57727.46178933048      
388280.8123244593      -3335.889456399804     -65220.1565218631      57727.49303933048      
388234.0014785499      -3539.69833376645      -65044.53049167655     57727.52428933048      
388184.4201674524      -3742.2734632254       -64857.96903210536     57727.55553933048      
388132.0879682373      -3943.559719782359     -64660.44441535061     57727.58678933048      
388077.0258276921      -4143.501836451076     -64451.92697153353     57727.61803933048      
388019.256107018       -4342.044386315138     -64232.38504294831     57727.64928933048      
387958.8026299339      -4539.131763588288     -64001.78493480235     57727.68053933048      
387895.6907344853      -4734.708164074837     -63760.09086228094     57727.71178933048      
387829.9473286588      -4928.717564361832     -63507.26489375644     57727.74303933048      
387761.6009501463      -5121.103700134707     -63243.26688994745     57727.77428933048      
387690.681830487       -5311.81004332265      -62968.0544388167      57727.80553933048      
387617.2219638145      -5500.779777780321     -62681.58278597873     57727.83678933048      
387541.2551806259      -5687.95577374439      -62383.80476036728     57727.86803933048      
387462.817226875       -5873.280560756728     -62074.67069489417     57727.89928933048      
387381.9458486892      -6056.696298726725     -61754.12834180574     57727.93053933048      
387298.6808832519      -6238.144747339502     -61422.12278242047     57727.96178933048      
387213.0643562447      -6417.567233459165     -61078.59633090323     57727.99303933048      
387125.1405862542      -6594.904616151078     -60723.48843170393     57728.02428933048      
387034.9562968398      -6770.097249485712     -60356.73555025523     57728.05553933048      
386942.5607367881      -6943.084942714719     -59978.27105649064     57728.08678933048      
386848.0058090929      -7113.806917354457     -59588.02510070644     57728.11803933048      
386751.3462096372      -7282.201761425829     -59185.92448124973     57728.14928933048      
386652.6395760489      -7448.207379911881     -58771.89250347007     57728.18053933048      
386551.9466478672      -7611.760941620785     -58345.84882932331     57728.21178933048      
386449.3314388786      -7772.798821869539     -57907.70931696233     57728.24303933048      
386344.8614225602      -7931.256540371789     -57457.3858495899      57728.27428933048      
386238.6077320257      -8087.068694254514     -56994.78615278496     57728.30553933048      
386130.645375665       -8240.168885493847     -56519.81359944164     57728.33678933048      
386021.0534697913      -8390.48964198881      -56032.36700138218     57728.36803933048      
385909.9154901314      -8537.962332025556     -55532.34038661811     57728.39928933048      
385797.3195438299      -8682.517071211885     -55019.62276113992     57728.43053933048      
385683.3586638022      -8824.082620865367     -54494.09785400825     57728.46178933048      
385568.1311279156      -8962.586277348521     -53955.64384440529     57728.49303933048      
385451.740805346       -9097.953751127046     -53404.13306917553     57728.52428933048      
385334.2975327243      -9230.109034182824     -52839.43170924241     57728.55553933048      
385215.9175234697      -9358.974254891327     -52261.39945313007     57728.58678933048      
385096.7238136645      -9484.469518680795     -51669.88913564469     57728.61803933048      
384976.8467482397      -9606.512732582567     -51064.74634957454     57728.64928933048      
384856.4245122218      -9725.019412190442     -50445.80902805355     57728.68053933048      
384735.6037119167      -9839.902468653207     -49812.90699499254     57728.71178933048      
384614.5400115215      -9951.071972980557     -49165.8614807162      57728.74303933048      
384493.3988321098      -10058.4348954337      -48504.48459964705     57728.77428933048      
384372.3561197742      -10161.89481603058     -47828.57878654872     57728.80553933048      
384251.599191817       -10261.3516030383      -47137.93618747321     57728.83678933048      
384131.3276704201      -10356.7010549148      -46432.33800114969     57728.86803933048      
384011.7545146379      -10447.83450050517     -45711.5537660987      57728.89928933048      
383893.1071637847      -10534.63835218296     -44975.34058825306     57728.93053933048      
383775.6288066888      -10616.99360503055     -44223.44230330961     57728.96178933048      
383659.57979357        -10694.77527403551     -43455.58856741828     57728.99303933048      
383545.239210612       -10767.8517606485      -42671.49386913772     57729.02428933048      
383432.9066399615      -10836.08413779776     -41870.85645484082     57729.05553933048      
383322.9041317229      -10899.32534055853     -41053.35715894024     57729.08678933048      
383215.5784197534      -10957.41924810051     -40218.65812942789     57729.11803933048      
383111.303418001       -11010.19963910011     -39366.40143828215     57729.14928933048      
383010.4830408012      -11057.48899946374     -38496.20756531184     57729.18053933048      
382913.5543992892      -11099.09715784807     -37607.67374299553     57729.21178933048      
382820.9914353218      -11134.81971878538     -36700.37214887855     57729.24303933048      
382733.3090663342      -11164.43625708779     -35773.84793116973     57729.27428933048      
382651.0679300356      -11187.70823033835     -34827.61705243176     57729.30553933048      
382574.8798354885      -11204.37655614534     -33861.16393583087     57729.33678933048      
382505.4140497976      -11214.15878904866     -32873.93889852578     57729.36803933048      
382443.4045786728      -11216.7458178753      -31865.35535777241     57729.39928933048      
382389.6586340449      -11211.79798488855     -30834.78679770317     57729.43053933048      
382345.066526852       -11198.94050422558     -29781.56348926941     57729.46178933048      
382310.6132809759      -11177.7580272937      -28704.96896365747     57729.49303933048      
382287.3923367395      -11147.78816267079     -27604.23625232528     57729.52428933048      
382276.6218065604      -11108.51370686977     -26478.54392727408     57729.55553933048      
382279.6638683042      -11059.35327606971     -25327.01200725545     57729.58678933048      
382298.048040861       -10999.64993986307     -24148.69784544017     57729.61803933048      
382333.4992966685      -10928.65734064118     -22942.59219112603     57729.64928933048      
382387.9722457075      -10845.52262585645     -21707.61573716766     57729.68053933048      
382463.6929965754      -10749.26530639465     -20442.6166493966      57729.71178933048      
382563.2108032221      -10638.75086624111     -19146.36986181882     57729.74303933048      
382689.462284431       -10512.65755017139     -17817.57937243504     57729.77428933048      
382845.8519290398      -10369.43420637041     -16454.88548855726     57729.80553933048      
383036.3538673044      -10207.24629622297     -15056.88011293534     57729.83678933048      
383265.6416222718      -10023.90611306785     -13622.13501226964     57729.86803933048      
383539.2549182394      -9816.781755956265     -12149.25104685404     57729.89928933048      
383863.8157970868      -9582.677326968089     -10636.94139786615     57729.93053933048      
384247.3104063314      -9317.673987828257     -9084.170377633214     57729.96178933048      
384699.4577408723      -9016.917826550234     -7490.384068013042     57729.99303933048      
385232.1913214418      -8674.33620720826      -5855.894486003423     57730.02428933048      
385860.2807011207      -8282.260859036276     -4182.523500880141     57730.05553933048      
386602.1063221943      -7830.938382106393     -2474.690326259129     57730.08678933048      
387347.0497670852      -7386.784976244451     -987.3940291909222     57730.11362084229      
388108.1494483067      -6939.603574047248     343.2556933645703      57730.13748035081      
388970.8377729742      -6438.321548875768     1661.35962849543       57730.16118102264      
389856.2139142025      -5927.94648281125      2837.444730146287      57730.18263047943      
390750.3957908616      -5415.051384022285     3869.638510979401      57730.20197981856      
391655.5465174381      -4897.210548598083     4775.201763690824      57730.21969539745      
392578.7782094922      -4369.419326066675     5570.294889636056      57730.23622666111      
393530.3403331877      -3825.03610804524      6267.007960361379      57730.25198152157      
394518.1405845581      -3258.827633774868     6869.639254871703      57730.26726386433      
395517.9050361814      -2684.1115736682       7363.800661105446      57730.28188854855      
396486.9391865103      -2125.134778286572     7738.703570709436      57730.29547545018      
397422.9279790943      -1583.224881975346     8008.681170521747      57730.30822562666      
398339.3385219292      -1050.665230574206     8189.02881215956       57730.32049915092      
399249.3177538069      -519.8972982589403     8288.705203103913      57730.33260844372      
400164.7553457848      15.93990590346402      8311.317383616753      57730.34483052183      
401098.9417707897      564.5543133531719      8255.787692262102      57730.3574618231       
402071.6009371235      1137.45610399247       8114.90657185401       57730.37090852302      
403123.3806576779      1758.51283174874       7868.159607226804      57730.38593550634      
404238.3914396872      2418.0630815206        7499.888698406961      57730.40259585436      
405255.338091407       3019.963365248945      7068.025243286771      57730.4186113222       
406221.9582877345      3591.684602601363      6571.921872028399      57730.43470747308      
407168.9189240134      4150.657779026305      6003.887995382063      57730.4514407231       
408110.5679153136      4704.56071109149       5357.054160996282      57730.46916850716      
409055.3095540631      5257.382084368721      4624.012721824132      57730.48819726185      
410009.1068160058      5811.424055941019      3796.062617252748      57730.50884004379      
410976.7361894496      6367.959796627949      2862.777681603831      57730.53144521912      
411962.1823367626      6927.359902779759      1811.768955501146      57730.55641483304      
412968.2857329993      7488.765686180599      629.0488741849367      57730.58420845037      
413994.9905844902      8049.002382758967      -698.5532042847954     57730.61530069711      
414935.7589640717      8548.492810210397      -2028.81473736577      57730.64655069711      
415797.2249205007      8991.777558583517      -3348.900147511653     57730.67780069711      
416589.373872766       9385.221452665632      -4654.860021144479     57730.70905069711      
417320.4880603048      9734.200624668729      -5944.171476518597     57730.74030069711      
417997.4815737708      10043.27948938645      -7215.267038368744     57730.77155069711      
418626.167582599       10316.35698712383      -8467.225142489497     57730.80280069711      
419211.4692366723      10556.78510794216      -9699.563907174324     57730.83405069711      
419757.5857411108      10767.46423709588      -10912.10186391303     57730.86530069711      
420268.1234196686      10950.91976532879      -12104.86275948446     57730.89655069711      
420746.1996250956      11109.36378609832      -13278.00978757608     57730.92780069711      
421194.5256083031      11244.74499192693      -14431.79974166026     57730.95905069711      
421615.4730394129      11358.78924022165      -15566.55082328611     57730.99030069711      
422011.1277684154      11453.03272459922      -16682.61991837374     57731.02155069711      
422383.3335690427      11528.84926266868      -17780.38650592512     57731.05280069711      
422733.7279704163      11587.47288021804      -18860.24125522476     57731.08405069711      
423063.7717980794      11630.01661376831      -19922.57796364245     57731.11530069711      
423374.7736808638      11657.48825514271      -20967.78789062014     57731.14655069711      
423667.9105030866      11670.80360980054      -21996.25581978381     57731.17780069711      
423944.244570241       11670.79772131617      -23008.35737250968     57731.20905069711      
424204.7380944533      11658.23442249277      -24004.45723017946     57731.24030069711      
424450.2654813634      11633.81450312365      -24984.9080169403      57731.27155069711      
424681.6238031884      11598.18272719515      -25950.04966217847     57731.30280069711      
424899.541767241       11551.93388808715      -26900.20911032476     57731.33405069711      
425104.6874301016      11495.61805651085      -27835.70028063965     57731.36530069711      
425297.6748607256      11429.74514690877      -28756.82420514862     57731.39655069711      
425479.0699186098      11354.78890570913      -29663.86929160314     57731.42780069711      
425649.3952836886      11271.1904081112       -30557.11167212998     57731.45905069711      
425809.1348506428      11179.36113437884      -31436.8156084424      57731.49030069711      
425958.7375810685      11079.68568480005      -32303.23393207799     57731.52155069711      
426098.6208915909      10972.52418410904      -33156.60850379632     57731.55280069711      
426229.1736430958      10858.2144170375       -33997.1706805104      57731.58405069711      
426350.7587858178      10737.07373012616      -34825.14178130584     57731.61530069711      
426463.7157067262      10609.40073084303      -35640.73354649205     57731.64655069711      
426568.3623183255      10475.47680930541      -36444.14858542409     57731.67780069711      
426664.9969221021      10335.56750414556      -37235.58081018058     57731.70905069711      
426753.8998752387      10189.92373225792      -38015.21585319409     57731.74030069711      
426835.3350848609      10038.78289823224      -38783.2314676848      57731.77155069711      
426909.5513506167      9882.369897032717      -39539.79791030749     57731.80280069711      
426976.7835738315      9720.898023010446      -40285.07830583741     57731.83405069711      
427037.2538486295      9554.569794997566      -41019.2289940203      57731.86530069711      
427091.1724486716      9383.577707272485      -41742.39985892961     57731.89655069711      
427138.7387210295      9208.104913604617      -42454.73464132567     57731.92780069711      
427180.1418976836      9028.325852372502      -43156.3712346149      57731.95905069711      
427215.5618334667      8844.406818474137      -43847.44196507362     57731.99030069711      
427245.1696781418      8656.506486981987      -44528.0738570393      57732.02155069711      
427269.1284897576      8464.776394271721      -45198.38888379008     57732.05280069711      
427287.5937952143      8269.361380395589      -45858.50420483711     57732.08405069711      
427300.7141032115      8070.399995975396      -46508.53239034271     57732.11530069711      
427308.6313746048      7868.024877897526      -47148.58163336465     57732.14655069711      
427311.4814542128      7662.363096307574      -47778.75595060109     57732.17780069711      
427309.3944676091      7453.536475062385      -48399.15537228699     57732.20905069711      
427302.4951865359      7241.661888966199      -49009.87612186302     57732.24030069711      
427290.903365727       7026.851539430358      -49611.01078600968     57732.27155069711      
427274.7340535778      6809.213209958256      -50202.64847560763     57732.30280069711      
427254.0978793725      6588.850504139027      -50784.87497815631     57732.33405069711      
427229.1013190089      6365.863067196118      -51357.77290215284     57732.36530069711      
427199.8469409024      6140.34679197599       -51921.42181390436     57732.39655069711      
427166.4336341841      5912.394011667871      -52475.89836721934     57732.42780069711      
427128.9568203744      5682.093679502832      -53021.27642639639     57732.45905069711      
427087.5086501883      5449.531537119547      -53557.62718290451     57732.49030069711      
427042.1781863327      5214.790271627178      -54085.01926612316     57732.52155069711      
426993.0515738836      4977.949663270425      -54603.5188484895      57732.55280069711      
426940.2121990579      4739.086723961169      -55113.18974537719     57732.58405069711      
426883.7408370558      4498.275826861296      -55614.09351001131     57732.61530069711      
426823.7157902868      4255.588828668628      -56106.28952370521     57732.64655069711      
426760.2130175242      4011.095184681493      -56589.83508168672     57732.67780069711      
426693.3062544219      3764.862056655569      -57064.78547476466     57732.70905069711      
426623.0671265257      3516.954414964603      -57531.19406707076     57732.74030069711      
426549.5652551229      3267.435134999203      -57989.11237009753     57732.77155069711      
426472.8683561842      3016.365087691895      -58438.59011323866     57732.80280069711      
426393.0423334407      2763.803225636162      -58879.675311026       57732.83405069711      
426310.1513655712      2509.806664223099      -59312.41432724465     57732.86530069711      
426224.2579882691      2254.430758807383      -59736.85193609712     57732.89655069711      
426135.4231710627      1997.729177264719      -60153.03138057629     57732.92780069711      
426043.7063898262      1739.753969315268      -60560.99442819839     57732.95905069711      
425949.16569503        1480.555632341187      -60960.78142423573     57732.99030069711      
425851.857775702       1220.183173398498      -61352.43134258317     57733.02155069711      
425751.8380199744      958.6841686913431      -61735.9818343829      57733.05280069711      
425649.1605721736      696.1048201809281      -62111.46927452358     57733.08405069711      
425543.8783863476      432.4900089777693      -62478.92880612564     57733.11530069711      
425436.0432770828      167.8833467508157      -62838.39438311544     57733.14655069711      
425325.7059674953      -97.67277521949654     -63189.89881098648     57733.17780069711      
425212.9161342324      -364.137139733306      -63533.47378583923     57733.20905069711      
425097.7224503589      -631.4696588444094     -63869.14993178655     57733.24030069711      
424980.1726256871      -899.6313313371356     -64196.95683680654     57733.27155069711      
424860.3134451552      -1168.584201672653     -64516.92308711905     57733.30280069711      
424738.1908047545      -1438.291321254535     -64829.07630015938     57733.33405069711      
424613.8497458824      -1708.71671077039      -65133.44315621682     57733.36530069711      
424487.33448789        -1979.825324049962     -65430.04942880418     57733.39655069711      
424358.6884585484      -2251.58301389695      -65718.92001381742     57733.42780069711      
424227.9543232786      -2523.956498722924     -66000.07895754461     57733.45905069711      
424095.1740128797      -2796.913330444499     -66273.54948357896     57733.49030069711      
423960.3887494367      -3070.421864119813     -66539.35401868635     57733.52155069711      
423823.6390713172      -3344.451228101305     -66797.51421767691     57733.55280069711      
423684.9648566375      -3618.97129560792      -67048.0509873275      57733.58405069711      
423544.4053458025      -3893.952656929549     -67290.98450939766     57733.61530069711      
423401.9991624554      -4169.366593179107     -67526.33426278166     57733.64655069711      
423257.7843337681      -4445.185050379721     -67754.11904483513     57733.67780069711      
423111.7983097296      -4721.380614383095     -67974.35699191416     57733.70905069711      
422964.0779810468      -4997.926487125318     -68187.06559916218     57733.74030069711      
422814.6596965654      -5274.796463069804     -68392.26173957788     57733.77155069711      
422663.5792798425      -5551.964906343976     -68589.9616823965      57733.80280069711      
422510.8720444592      -5829.406729088631     -68780.18111081436     57733.83405069711      
422356.572809056       -6107.097369805979     -68962.93513908639     57733.86530069711      
422200.7159113379      -6385.012772660004     -69138.23832902272     57733.89655069711      
422043.3352216959      -6663.129366949441     -69306.10470591132     57733.92780069711      
421884.4641556491      -6941.424047717472     -69466.54777389186     57733.95905069711      
421724.1356861255      -7219.874156283058     -69619.58053080335     57733.99030069711      
421562.3823551603      -7498.457461225003     -69765.21548252882     57734.02155069711      
421399.2362845396      -7777.152140352588     -69903.46465685882     57734.05280069711      
421234.7291863906      -8055.93676251252      -70034.33961689363     57734.08405069711      
421068.8923732674      -8334.790269767458     -70157.8514740042      57734.11530069711      
420901.7567672493      -8613.691960487446     -70274.01090037053     57734.14655069711      
420733.3529091284      -8892.62147213937      -70382.82814111517     57734.17780069711      
420563.7109668209      -9171.558764756206     -70484.31302604919     57734.20905069711      
420392.8607437017      -9450.484104308518     -70578.47498104756     57734.24030069711      
420220.8316859569      -9729.3780469708       -70665.32303906814     57734.27155069711      
420047.6528900724      -10008.22142305932     -70744.86585083148     57734.30280069711      
419873.3531099666      -10286.99532119298     -70817.11169517417     57734.33405069711      
419697.9607632319      -10565.68107323055     -70882.06848909054     57734.36530069711      
419521.5039376408      -10844.26023875992     -70939.74379747632     57734.39655069711      
419344.0103969714      -11122.71459014091     -70990.1448425861      57734.42780069711      
419165.5075868987      -11401.02609731975     -71033.27851321841     57734.45905069711      
418986.022639972       -11679.17691342055     -71069.1513736393      57734.49030069711      
418805.5823808691      -11957.14935988723     -71097.76967225719     57734.52155069711      
418624.2133313939      -12234.92591173456     -71119.13935005858     57734.55280069711      
418441.9417146401      -12512.48918347002     -71133.26604881731     57734.58405069711      
418258.7934594807      -12789.82191452164     -71140.15511908667     57734.61530069711      
418074.7942048337      -13066.90695473314     -71139.81162798536     57734.64655069711      
417889.9693031072      -13343.72725049284     -71132.24036678688     57734.67780069711      
417704.3438240854      -13620.2658302618      -71117.44585832203     57734.70905069711      
417517.9425582082      -13896.50579051861     -71095.432364205       57734.74030069711      
417330.7900200596      -14172.43028133435     -71066.20389189076     57734.77155069711      
417142.9104509813      -14448.02249259908     -71029.7642015742      57734.80280069711      
416954.3278221127      -14723.26563966204     -70986.11681294012     57734.83405069711      
416765.0658372612      -14998.14294895311     -70935.26501177129     57734.86530069711      
416575.1479349734      -15272.63764415862     -70877.21185642557     57734.89655069711      
416384.5972911358      -15546.73293171006     -70811.96018418904     57734.92780069711      
416193.4368209994      -15820.41198661066     -70739.51261751453     57734.95905069711      
416001.6891814759      -16093.65793780956     -70659.87157015341     57734.99030069711      
415809.3767725719      -16366.45385415483     -70573.03925319065     57735.02155069711      
415616.5217393209      -16638.78272967757     -70479.01768098939     57735.05280069711      
415423.1459735874      -16910.62746878081     -70377.80867705541     57735.08405069711      
415229.2711150739      -17181.970871912       -70269.41387982926     57735.11530069711      
415034.9185529328      -17452.79562046769     -70153.83474841458     57735.14655069711      
414840.1094268102      -17723.08426196482     -70031.07256825182     57735.17780069711      
414644.8646282182      -17992.81919468274     -69901.12845674495     57735.20905069711      
414449.2048010359      -18261.98265281495     -69764.00336885182     57735.24030069711      
414253.1503426486      -18530.55669080871     -69619.69810264555     57735.27155069711      
414056.7214045206      -18798.52316793057     -69468.21330485713     57735.30280069711      
413859.9378931242      -19065.86373225974     -69309.54947640821     57735.33405069711      
413662.8194699858      -19332.55980515233     -69143.70697794406     57735.36530069711      
413465.3855523242      -19598.59256491424     -68970.68603537613     57735.39655069711      
413267.6553135988      -19863.94293026359     -68790.48674544449     57735.42780069711      
413069.6476832433      -20128.59154416899     -68603.10908131109     57735.45905069711      
412871.3813470937      -20392.51875679603     -68408.55289819353     57735.49030069711      
412672.8747472467      -20655.70460860978     -68206.81793905189     57735.52155069711      
412474.146082309       -20918.12881282759     -67997.90384033859     57735.55280069711      
412275.2133067448      -21179.77073827237     -67781.81013782469     57735.58405069711      
412076.094130862       -21440.60939135569     -67558.53627251383     57735.61530069711      
411876.8060207169      -21700.62339777444     -67328.08159665739     57735.64655069711      
411677.3661971899      -21959.79098451188     -67090.44537988429     57735.67780069711      
411477.7916357973      -22218.0899608655      -66845.62681545912     57735.70905069711      
411278.0990659247      -22475.49769955658     -66593.625026683       57735.74030069711      
411078.3049704802      -22731.99111710947     -66334.43907345332     57735.77155069711      
410878.4255846199      -22987.54665455837     -66068.06795899707     57735.80280069711      
410678.4768952374      -23242.14025713366     -65794.51063679552     57735.83405069711      
410478.4746398607      -23495.74735398548     -65513.76601771735     57735.86530069711      
410278.4343059885      -23748.34283712957     -65225.83297737784     57735.89655069711      
410078.3711294802      -23999.90104067776     -64930.71036374432     57735.92780069711      
409878.3000936434      -24250.39571906576     -64628.39700500769     57735.95905069711      
409678.2359282484      -24499.80002486987     -64318.89171774079     57735.99030069711      
409478.1931076762      -24748.08648680858     -64002.19331536566     57736.02155069711      
409278.185849862       -24995.22698663721     -63678.30061695467     57736.05280069711      
409078.228114636       -25241.19273600278     -63347.21245638716     57736.08405069711      
408878.3336025211      -25485.95425243695     -63008.92769188978     57736.11530069711      
408678.5157525614      -25729.48133555796     -62663.44521598675     57736.14655069711      
408478.7877409673      -25971.7430421186      -62310.76396588817     57736.17780069711      
408279.1624791489      -26212.70766097029     -61950.88293434661     57736.20905069711      
408079.6526122189      -26452.34268712062     -61583.80118101402     57736.24030069711      
407880.2705165144      -26690.61479595957     -61209.51784433081     57736.27155069711      
407681.0282978603      -26927.48981635485     -60828.03215398372     57736.30280069711      
407481.9377897714      -27162.93270321657     -60439.34344396691     57736.33405069711      
407283.0105507532      -27396.90751013599     -60043.45116628784     57736.36530069711      
407084.2578624557      -27629.37736079664     -59640.35490535526     57736.39655069711      
406885.6907272082      -27860.3044202389      -59230.05439309427     57736.42780069711      
406687.3198660494      -28089.64986515291     -58812.54952483244     57736.45905069711      
406489.1557157644      -28317.3738542862      -58387.84037600498     57736.49030069711      
406291.208426806       -28543.4354975957      -57955.92721972706     57736.52155069711      
406093.487860584       -28767.79282522986     -57516.81054528772     57736.55280069711      
405896.0035872391      -28990.40275552323     -57070.49107761667     57736.58405069711      
405698.7648825073      -29211.22106309052     -56616.96979778536     57736.61530069711      
405501.7807254489      -29430.20234565438     -56156.24796460086     57736.64655069711      
405305.0597955711      -29647.29999070455     -55688.32713735529     57736.67780069711      
405108.6104705004      -29862.46614116824     -55213.20919979813     57736.70905069711      
404912.4408226763      -30075.65166119704     -54730.89638540211     57736.74030069711      
404716.5586168983      -30286.80610077268     -54241.39130399314     57736.77155069711      
404520.9713078783      -30495.87765975999     -53744.69696982285     57736.80280069711      
404325.6860369324      -30702.81315204192     -53240.81683116316     57736.83405069711      
404130.7096296655      -30907.55796844431     -52729.75480150647     57736.86530069711      
403936.0485931119      -31110.05603957296     -52211.51529245829     57736.89655069711      
403741.7091135179      -31310.24979775918     -51686.10324841506     57736.92780069711      
403547.6970532158      -31508.08013924816     -51153.52418312074     57736.95905069711      
403354.0179485699      -31703.48638528032     -50613.7842182024      57736.99030069711      
403160.6770074455      -31896.40624320984     -50066.89012378732     57737.02155069711      
402967.6791074107      -32086.7757668733      -49512.84936130974     57737.05280069711      
402775.0287931092      -32274.52931736643     -48951.67012861776     57737.08405069711      
402582.7302748193      -32459.59952289898     -48383.36140749697     57737.11530069711      
402390.7874266414      -32641.9172388995      -47807.93301372876     57737.14655069711      
402199.2037855476      -32821.41150760808     -47225.39564980881     57737.17780069711      
402007.9825497321      -32998.00951834737     -46635.7609604524      57737.20905069711      
401817.1265783045      -33171.63656717034     -46039.04159101736     57737.24030069711      
401626.6383907743      -33342.21601709408     -45435.25124898026     57737.27155069711      
401436.5201675824      -33509.66925819286     -44824.40476860374     57737.30280069711      
401246.7737501239      -33673.91566878405     -44206.51817893656     57737.33405069711      
401057.4006423401      -33834.87257644529     -43581.6087752899      57737.36530069711      
400868.4020123329      -33992.45522012169     -42949.69519433647     57737.39655069711      
400679.7786952887      -34146.57671264493     -42310.79749298011     57737.42780069711      
400491.5311961703      -34297.14800495333     -41664.93723114545     57737.45905069711      
400303.6596941868      -34444.07785087681     -41012.13755863649     57737.49030069711      
400116.1640482259      -34587.27277331934     -40352.4233062136      57737.52155069711      
399929.0438024327      -34726.63703269266     -39685.82108103644     57737.55280069711      
399742.2981939756      -34862.07259651605     -39012.35936661807     57737.58405069711      
399555.9261614899      -34993.47911156365     -38332.06862743155     57737.61530069711      
399369.9263555478      -35120.75387800386     -37644.98141830569     57737.64655069711      
399184.2971496598      -35243.79182695707     -36951.13249873961     57737.67780069711      
398999.0366539911      -35362.48550040238     -36250.55895225689     57737.70905069711      
398814.1427303202      -35476.72503490662     -35543.3003109108      57737.74030069711      
398629.6130096265      -35586.39814871605     -34829.398685038       57737.77155069711      
398445.4449108572      -35691.39013373682     -34108.89889834519     57737.80280069711      
398261.6356630971      -35791.58385143709     -33381.84862839212     57737.83405069711      
398078.1823297144      -35886.85973425247     -32648.29855251723     57737.86530069711      
397895.0818359134      -35977.0957921442      -31908.30249922717     57737.89655069711      
397712.3309982924      -36062.1676259492      -31161.91760504269     57737.92780069711      
397529.9265586747      -36141.94844666909     -30409.2044767644      57737.95905069711      
397347.8652208325      -36216.30910239558     -29650.22735908584     57737.99030069711      
397166.143691582       -36285.11811263733     -28885.05430744204     57738.02155069711      
396984.7587248904      -36348.24171180207     -28113.75736593845     57738.05280069711      
396803.7071713076      -36405.54390109428     -27336.41275015436     57738.08405069711      
396622.9860313821      -36456.88651063384     -26553.101034564       57738.11530069711      
396442.5925145719      -36502.12927166546     -25763.90734425629     57738.14655069711      
396262.524102337       -36541.12990070775     -24968.92155057116     57738.17780069711      
396082.7786177333      -36573.7441949901      -24168.23847019946     57738.20905069711      
395903.354300207       -36599.82614105707     -23361.95806721642     57738.24030069711      
395724.2498870963      -36619.2280364709      -22550.18565743827     57738.27155069711      
395545.4647005445      -36631.80062650397     -21733.03211440207     57738.30280069711      
395366.9987421226      -36637.39325519151     -20910.61407617587     57738.33405069711      
395188.8527939451      -36635.85403255404     -20083.05415210887     57738.36530069711      
395011.02852705        -36627.03001837905     -19250.48112852604     57738.39655069711      
394833.5286177875      -36610.76742292613     -18413.03017226394     57738.42780069711      
394656.3568709565      -36586.91182627642     -17570.84303083425     57738.45905069711      
394479.5183518611      -36555.30841555387     -16724.06822788549     57738.49030069711      
394303.0195258587      -36515.8022416969      -15872.86125251761     57738.52155069711      
394126.8684066889      -36468.23849542922     -15017.38474088869     57738.55280069711      
393951.0747120718      -36412.46280393884     -14157.80864843653     57738.58405069711      
393775.6500285317      -36348.32154716301     -13294.3104109265      57738.61530069711      
393600.6079838015      -36275.6621949596      -12427.07509242761     57738.64655069711      
393425.9644278262      -36194.33366436121     -11556.29551822031     57738.67780069711      
393251.7376205853      -36104.1866978958      -10682.17239054895     57738.70905069711      
393077.9484283248      -36005.07426128911     -9804.914385049633     57738.74030069711      
392904.6205262266      -35896.85196117033     -8924.7382256251       57738.77155069711      
392731.7806081092      -35779.37848125886     -8041.868735488388     57738.80280069711      
392559.4586009869      -35652.51603722534     -7156.538862077578     57738.83405069711      
392387.6878855787      -35516.13084769511     -6268.989673537406     57738.86530069711      
392216.5055203393      -35370.0936211088      -5379.470324496884     57738.89655069711      
392045.9524690713      -35214.28005595878     -4488.23798892519      57738.92780069711      
391876.0738294512      -35048.57135359084     -3595.557757942181     57738.95905069711      
391706.9190629745      -34872.85474001402     -2701.70250058407      57738.99030069711      
391538.5422234688      -34687.02399530276     -1806.952685691416     57739.02155069711      
391371.0021830369      -34490.97998754019     -911.5961632890394     57739.05280069711      
391204.3628541403      -34284.63120799891     -15.92790407314897     57739.08405069711      
391038.6934046515      -34067.89430538806     879.7503040938464      57739.11530069711      
390874.0684657         -33840.69461438384     1775.130203456007      57739.14655069711      
390710.5683288635      -33602.96667593171     2669.897457814688      57739.17780069711      
390548.279131648       -33354.65474473651     3563.732088168617      57739.20905069711      
390387.2930277431      -33095.71328114082     4456.308952122461      57739.24030069711      
390227.7083415958      -32826.10742206491     5347.29826618568       57739.27155069711      
390069.6297037835      -32545.8134280952      6236.366169600224      57739.30280069711      
389913.1681660735      -32254.81910192742     7123.175327843055      57739.33405069711      
389758.4412928114      -31953.12417533948     8007.385573445674      57739.36530069711      
389605.5732283377      -31640.74065956671     8888.654581275361      57739.39655069711      
389454.6947373253      -31317.693156576       9766.638574930927      57739.42780069711      
389305.9432173678      -30984.01912709545     10640.99306044204      57739.45905069711      
389159.4626811492      -30639.76911344238     11511.37358301939      57739.49030069711      
389015.4037085737      -30285.00691314072     12377.4365022119       57739.52155069711      
388873.9233667587      -29919.8097020768      13238.8397804753       57739.55280069711      
388735.1850976697      -29544.26810505731     14095.2437798733       57739.58405069711      
388599.3585734284      -29158.48621213031     14946.31206140615      57739.61530069711      
388466.6195182201      -28762.58154088661     15791.71218131523      57739.64655069711      
388337.1494986018      -28356.68494317364     16631.11647863824      57739.67780069711      
388211.1356817335      -27940.9404576075      17464.20284830092      57739.70905069711      
388088.7705634077      -27515.50510796385     18290.65549411831      57739.74030069711      
387970.2516661378      -27080.5486499351      19110.16565625297      57739.77155069711      
387855.7812103395      -26636.25326688528     19922.43230792916      57739.80280069711      
387745.5657595468      -26182.81321805219     20727.16281652385      57739.83405069711      
387639.8158422449      -25720.4344417814      21524.07356455353      57739.86530069711      
387538.7455530888      -25249.33411679803     22312.8905265256       57739.89655069711      
387442.5721352582      -24769.74018619343     23093.34979813166      57739.92780069711      
387351.5155480169      -24281.89084681019     23865.19807480584      57739.95905069711      
387265.7980214462      -23786.03400931111     24628.19307724611      57739.99030069711      
387185.6436020994      -23282.4267325539      25382.10392209701      57740.02155069711      
387111.2776917408      -22771.33463783508     26126.71143659136      57740.05280069711      
387042.9265833629      -22253.03130625178     26861.80841654996      57740.08405069711      
386980.8169966545      -21727.79766469824     27587.19982772646      57740.11530069711      
386925.1756161422      -21195.92136462175     28302.70295104092      57740.14655069711      
386876.2286350582      -20657.69615752758     29008.14747278014      57740.17780069711      
386834.2013068603      -20113.42127233485     29703.37552132789      57740.20905069711      
386799.3175078741      -19563.40079717677     30388.24165243145      57740.24030069711      
386771.7993125545      -19007.94307031193     31062.61278540126      57740.27155069711      
386751.8665839858      -18447.36008269231     31726.36809297962      57740.30280069711      
386739.7365807546      -17881.96689623525     32379.39884788796      57740.33405069711      
386735.6235826527      -17312.08107916837     33021.60822929366      57740.36530069711      
386739.7385358987      -16738.02216174659     33652.91109259662      57740.39655069711      
386752.2887192084      -16160.1111139944      34273.23370605147      57740.42780069711      
386773.4774317376      -15578.66984677857     34882.51345780169      57740.45905069711      
386803.5037029912      -14994.02073849013     35480.69853691191      57740.49030069711      
386842.5620258189      -14406.48618700364     36067.74759195511      57740.52155069711      
386890.8421121355      -13816.38818863179     36643.62937063636      57740.55280069711      
386948.5286716931      -13224.04794369068     37208.32234383284      57740.58405069711      
387015.8012132958      -12629.7854898199      37761.81431728942      57740.61530069711      
387092.8338686987      -12033.91936165588     38304.10203405225      57740.64655069711      
387179.79523825        -11436.76627750654     38835.19077054037      57740.67780069711      
387276.8482578155      -10838.64085218677     39355.09392896025      57740.70905069711      
387384.1500863586      -10239.85533500002     39863.83262856393      57740.74030069711      
387501.8520130447      -9640.719373047104     40361.43529803753      57740.77155069711      
387630.0993834105      -9041.539797600919     40847.93727109296      57740.80280069711      
387769.0315433261      -8442.620433519274     41323.38038711979      57740.83405069711      
387918.7817998841      -7844.261930268578     41787.81259854478      57740.86530069711      
388079.4773982531      -7246.761613072558     42241.28758633928      57740.89655069711      
388251.239513265       -6650.41335401687      42683.86438491722      57740.92780069711      
388434.1832549701      -6055.507460559988     43115.60701747875      57740.95905069711      
388628.4176869187      -5462.330581259237     43536.58414267594      57740.99030069711      
388834.0458562346      -4871.165627179158     43946.86871330967      57741.02155069711      
389051.1648344953      -4282.29170746007      44346.53764761459      57741.05280069711      
389279.8657683766      -3695.984078933026     44735.67151354389      57741.08405069711      
389520.23393923        -3112.514107289157     45114.35422634         57741.11530069711      
389772.3488306167      -2532.149239835511     45482.67275955649      57741.14655069711      
390036.2842029629      -1955.152987976122     45840.71686959399      57741.17780069711      
390312.1081745354      -1381.784919570367     46188.57883371897      57741.20905069711      
390599.8833079505      -812.3006588351855     46526.35320145209      57741.24030069711      
390899.6667015001      -246.9518939805348     46854.13655914226      57741.27155069711      
391211.5100846244      314.0136085865233      47172.0273074804       57741.30280069711      
391535.4599168453      870.3519846146664      47480.12545165559      57741.33405069711      
391871.5574897052      1421.823246528475      47778.53240381321      57741.36530069711      
392219.8390309984      1968.191254225581      48067.35079743819      57741.39655069711      
392580.3358109184      2509.223681656447      48346.68431325963      57741.42780069711      
392953.0742496337      3044.691980098258      48616.6375162504       57741.45905069711      
393338.0760257817      3574.371339005484      48877.31570327983      57741.49030069711      
393735.3581857435      4098.040643756787      49128.82476096694      57741.52155069711      
394144.9332530374      4615.482432222896      49371.27103327538      57741.55280069711      
394566.8093377556      5126.482849394364      49604.76119839         57741.58405069711      
395000.9902456987      5630.83160077381       49829.4021544146       57741.61530069711      
395447.4755868299      6128.321905230288      50045.30091343744      57741.64655069711      
395906.2608831846      6618.750446393067      50252.5645035159       57741.67780069711      
396377.3376755717      7101.917324395836      50451.29987814199      57741.70905069711      
396860.6936292458      7577.626006992905      50641.61383276142      57741.74030069711      
397356.312638291       8045.683280614263      50823.61292793041      57741.77155069711      
397864.1749284344      8505.899201932625      50997.40341870931      57741.80280069711      
398384.2571586226      8958.087048831185      51163.09118990595      57741.83405069711      
398916.5325206803      9402.063272538042      51320.78169679597      57741.86530069711      
399460.9708374112      9837.647449782933      51470.57991096456      57741.89655069711      
400017.538658939       10264.6622354608       51612.59027092873      57741.92780069711      
400586.1993570506      10682.93331630633      51746.91663721501      57741.95905069711      
401166.9132180403      11092.28936432357      51873.66225158481      57741.99030069711      
401759.6375333067      11492.56199174764      51992.92970011348      57742.02155069711      
402364.3266882185      11883.58570626492      52104.82087984637      57742.05280069711      
402980.9322490632      12265.19786693912      52209.43696876954      57742.08405069711      
403609.4030478543      12637.2386413202       52306.87839884766      57742.11530069711      
404249.6852656262      12999.55096236292      52397.244831897        57742.14655069711      
404901.7225133871      13351.98048698812      52480.63513807366      57742.17780069711      
405565.4559113609      13694.3755549073       52557.14737677261      57742.20905069711      
406240.8241662834      14026.58714824876      52626.87877974479      57742.24030069711      
406927.7636468599      14348.46885178213      52689.92573625251      57742.27155069711      
407626.2084571117      14659.87681431357      52746.3837800946       57742.30280069711      
408336.0905083572      14960.66970976298      52796.34757834578      57742.33405069711      
409057.3395888882      15250.70869985942      52839.91092166309      57742.36530069711      
409789.8834320873      15529.85739696787      52877.16671602448      57742.39655069711      
410533.6477827768      15797.98182750601      52908.20697577363      57742.42780069711      
411288.5564615569      16054.95039645357      52933.12281785415      57742.45905069711      
412054.5314279516      16300.63385137595      52952.00445712518      57742.49030069711      
412831.4928413388      16534.9052480088       52964.94120265886      57742.52155069711      
413619.3591204796      16757.63991583129      52972.02145492728      57742.55280069711      
414418.0470014169      16968.71542411471      52973.33270379461      57742.58405069711      
415227.4715934852      17168.01154898124      52968.96152723584      57742.61530069711      
416047.5464343057      17355.41023980718      52958.99359071156      57742.64655069711      
416878.1835426684      17530.79558714087      52943.51364713223      57742.67780069711      
417719.2934701699      17694.05379047815      52922.60553735282      57742.70905069711      
418570.7853513005      17845.07312653217      52896.35219114303      57742.74030069711      
419432.5669521215      17983.7439177557       52864.8356285831       57742.77155069711      
420304.5447171945      18109.95850180721      52828.13696184022      57742.80280069711      
421186.6238156985      18223.61120018605      52786.33639728495      57742.83405069711      
422078.7081855488      18324.59828836969      52739.51323791009      57742.86530069711      
422980.7005764506      18412.8179656878       52687.74588601923      57742.89655069711      
423892.5025916088      18488.1703255001       52631.11184615498      57742.92780069711      
424814.0147278048      18550.55732630164      52569.68772823991      57742.95905069711      
425745.1364148034      18599.88276188403      52503.54925090697      57742.99030069711      
426685.7660528574      18636.05223303053      52432.77124499752      57743.02155069711      
427635.8010492768      18658.9731188828       52357.42765720902      57743.05280069711      
428595.1378537029      18668.55454871951      52277.59155387562      57743.08405069711      
429563.6719922432      18664.70737388851      52193.33512486756      57743.11530069711      
430541.2981000962      18647.34414069238      52104.72968759663      57743.14655069711      
431527.9099536606      18616.37906223345      52011.84569111796      57743.17780069711      
432523.4005008551      18571.7279918756       51914.75272031795      57743.20905069711      
433527.6618906429      18513.30839633822      51813.51950018166      57743.24030069711      
434540.5855014566      18441.03932907922      51708.21390013309      57743.27155069711      
435562.0619682194      18354.84140468419      51598.90293844284      57743.30280069711      
436591.9812089647      18254.63677215986      51485.65278670003      57743.33405069711      
437630.2324497661      18140.34908994289      51368.52877434436      57743.36530069711      
438676.7042489822      18011.90350053115      51247.59539325672      57743.39655069711      
439731.2845204439      17869.22660558308      51122.91630240646      57743.42780069711      
440793.8605557376      17712.24644120291      50994.55433255473      57743.45905069711      
441864.3190452125      17540.89245432114      50862.57149101323      57743.49030069711      
442942.5460987175      17355.09547793003      50727.02896645876      57743.52155069711      
444028.4272647781      17154.78770817537      50587.98713380412      57743.55280069711      
445121.8475492206      16939.90268107294      50445.50555912599      57743.58405069711      
446222.69143287        16710.37524975328      50299.64300465132      57743.61530069711      
447330.8428884774      16466.14156193447      50150.45743380333      57743.64655069711      
448446.1853965101      16207.13903859114      49998.00601630858      57743.67780069711      
449568.601960798       15933.30635143451      49842.34513336729      57743.70905069711      
450697.9751227646      15644.5834023988       49683.53038288781      57743.74030069711      
451834.1869752394      15340.91130275602      49521.61658478742      57743.77155069711      
452977.1191754836      15022.23235282051      49356.65778636128      57743.80280069711      
454126.652957583       14688.49002192238      49188.70726772061      57743.83405069711      
455282.669143853       14339.62892967581      49017.81754730237      57743.86530069711      
456445.0481562233      13975.59482600653      48844.04038745107      57743.89655069711      
457613.6700263681      13596.33457332963      48667.42680007478      57743.92780069711      
458788.4144055507      13201.79612835024      48488.02705237588      57743.95905069711      
459969.1605738269      12791.92852450331      48305.89067265781      57743.99030069711      
461155.7874487553      12366.68185468998      48121.06645620847      57744.02155069711      
462348.1735932824      11926.00725539457      47933.60247126079      57744.05280069711      
463546.1972237145      11469.85688948927      47743.54606503098      57744.08405069711      
464749.7362166152      10998.1839313205       47550.94386983426      57744.11530069711      
465958.6681155427      10510.94255138983      47355.84180927812      57744.14655069711      
467172.8701372924      10008.08790170616      47158.28510453276      57744.17780069711      
468392.2191777846      9489.576101440436      46958.31828067789      57744.20905069711      
469616.5918172884      8955.364224026365      46755.98517312545      57744.24030069711      
470845.8643258333      8405.410282853487      46551.32893411627      57744.27155069711      
472079.9126677242      7839.673219351544      46344.39203929061      57744.30280069711      
473318.6125060143      7258.112890618349      46135.21629432985      57744.33405069711      
474561.8392066236      6660.69005772645       45923.84284166788      57744.36530069711      
475809.4678422303      6047.366374314712      45710.31216727071      57744.39655069711      
477061.3731956588      5418.104376668034      45494.66410748096      57744.42780069711      
478317.4297635278      4772.86747226947       45276.93785592599      57744.45905069711      
479577.5117591875      4111.619930829573      45057.17197048604      57744.49030069711      
480841.4931156943      3434.326874785052      44835.40438032         57744.52155069711      
482109.247488538       2740.954270464536      44611.67239294595      57744.55280069711      
483380.6482583459      2031.468919491286      44386.0127013728       57744.58405069711      
484655.5685331494      1305.838451697076      44158.46139128007      57744.61530069711      
485933.8811509812      564.0313163663996      43929.05394824241      57744.64655069711      
487215.4586819305      -193.9832239753268     43697.8252649952       57744.67780069711      
488500.1734303268      -968.2351004008488     43464.80964873706      57744.70905069711      
489787.8974368044      -1758.753443791942     43230.04082846648      57744.74030069711      
491078.5024803067      -2565.566590642036     42993.55196234773      57744.77155069711      
492371.860080077       -3388.702088685055     42755.37564510253      57744.80280069711      
493667.8414974478      -4228.186701013619     42515.54391542373      57744.83405069711      
494966.3177379509      -5084.046412056632     42274.08826340651      57744.86530069711      
496267.1595530765      -5956.306430954581     42031.03963799284      57744.89655069711      
497570.2374422078      -6844.991195691138     41786.42845442607      57744.92780069711      
498875.4216545357      -7750.124376655698     41540.28460171066      57744.95905069711      
500182.5821910234      -8671.72888010454      41292.63745007294      57744.99030069711      
501491.5888062783      -9609.826850123023     41043.51585841966      57745.02155069711      
502802.3110107225      -10564.43967261845     40792.9481817893       57745.05280069711      
504114.618072556       -11535.58797666934     40540.96227879236      57745.08405069711      
505428.3790199092      -12523.29163675215     40287.58551903782      57745.11530069711      
506743.4626430352      -13527.56977445506     40032.84479053965      57745.14655069711      
508059.7374965731      -14548.44075992297     39776.76650710161      57745.17780069711      
509377.071901904       -15585.92221329337     39519.3766156754       57745.20905069711      
510695.3339495203      -16640.03100464985     39260.70060368895      57745.24030069711      
512014.3915016245      -17710.78325621015     39000.76350634079      57745.27155069711      
513334.1121946747      -18798.19434182571     38739.58991385813      57745.30280069711      
514654.3634420999      -19902.27888749931     38477.20397871328      57745.33405069711      
515975.012437099       -21023.05077145546     38213.62942279722      57745.36530069711      
517295.9261555401      -22160.52312402027     37948.88954454605      57745.39655069711      
518616.9713589647      -23314.70832758083     37683.00722601701      57745.42780069711      
519938.0145976915      -24485.6180150763      37416.00493991202      57745.45905069711      
521258.9222140393      -25673.26307092339     37147.90475654525      57745.49030069711      
522579.5603456411      -26877.65362920061     36878.72835075234      57745.52155069711      
523899.7949288745      -28098.79907298754     36608.49700873817      57745.55280069711      
525219.4917023996      -29336.70803331422     36337.23163486217      57745.58405069711      
526538.5162108016      -30591.38838798943     36064.95275835659      57745.61530069711      
527856.7338083282      -31862.84726058858     35791.68053997819      57745.64655069711      
529174.0096628001      -33151.09101797942     35517.43477858887      57745.67780069711      
530490.2087594954      -34456.1252704665      35242.23491766499      57745.70905069711      
531805.1959052633      -35777.95486913871     34966.1000517332       57745.74030069711      
533118.8357326802      -37116.58390448945     34689.04893273034      57745.77155069711      
534430.992704315       -38472.01570469714     34411.09997628753      57745.80280069711      
535741.5311170953      -39844.25283383978     34132.27126793498      57745.83405069711      
537050.3151067364      -41233.297090337       33852.58056922824      57745.86530069711      
538357.2086524119      -42639.14950392339     33572.04532379335      57745.89655069711      
539662.0755812263      -44061.81033541096     33290.68266329057      57745.92780069711      
540964.7795730586      -45501.27907358397     33008.50941329541      57745.95905069711      
542265.1841653505      -46957.55443347409     32725.54209909686      57745.99030069711      
543563.152758008       -48430.63435432921     32441.79695141064      57746.02155069711      
544858.5486183768      -49920.51599755837     32157.28991200904      57746.05280069711      
546151.2348862984      -51427.19574466289     31872.03663926499      57746.08405069711      
547441.0745791865      -52950.66919545215     31586.05251361078      57746.11530069711      
548727.9305974194      -54490.93116476976     31299.35264291162      57746.14655069711      
550011.6657293144      -56047.97568218046     31011.95186775253      57746.17780069711      
551292.1426566446      -57621.79598869933     30723.8647666404       57746.20905069711      
552569.2239599782      -59212.3845350032      30435.10566111894      57746.24030069711      
553842.7721241224      -60819.73297935724     30145.68862079915      57746.27155069711      
555112.6495436196      -62443.83218555203     29855.62746830267      57746.30280069711      
556378.7185282276      -64084.67222116594     29564.93578412119      57746.33405069711      
557640.8413087833      -65742.24235430431     29273.62691138977      57746.36530069711      
558898.8800424398      -67416.53105343597     28981.71396057587      57746.39655069711      
560152.6968186123      -69107.52598418028     28689.20981408408      57746.42780069711      
561402.1536646276      -70815.21400765372     28396.1271307772       57746.45905069711      
562647.1125514775      -72539.58117853737     28102.47835041405      57746.49030069711      
563887.4353996025      -74280.61274317365     27808.27569800505      57746.52155069711      
565122.984084705       -76038.29313769417     27513.53118808541      57746.55280069711      
566353.6204434979      -77812.60598649899     27218.25662890758      57746.58405069711      
567579.206279927       -79603.53409917089     26922.46362655386      57746.61530069711      
568799.6033705202      -81411.05947062127     26626.16358896813      57746.64655069711      
570014.6734706422      -83235.16327807729     26329.36772991004      57746.67780069711      
571224.2783203265      -85075.82587970173     26032.08707283114      57746.70905069711      
572428.2796502049      -86933.02681293141     25734.3324546738       57746.74030069711      
573626.5391874519      -88806.74479285446     25436.11452959452      57746.77155069711      
574818.9186617351      -90696.9577106254      25137.44377261205      57746.80280069711      
576005.2798110582      -92603.64263225214     24838.33048318134      57746.83405069711      
577185.4843881835      -94526.77579576345     24538.78478869531      57746.86530069711      
578359.3941659136      -96466.33261173054     24238.81664791351      57746.89655069711      
579526.8709435128      -98422.28766051757     23938.43585432105      57746.92780069711      
580687.7765525598      -100394.6146912251     23637.65203941672      57746.95905069711      
581841.972862912       -102383.2866203443     23336.47467593281      57746.99030069711      
582989.3217886663      -104388.2755304498     23034.91308098758      57747.02155069711      
584129.6852941135      -106409.5526689333     22732.97641917033      57747.05280069711      
585262.9253995455      -108447.0884471172     22430.67370556173      57747.08405069711      
586388.9041877571      -110500.852437698      22128.01380868931      57747.11530069711      
587507.483809139       -112570.8133756478     21825.00545342005      57747.14655069711      
588618.5264881548      -114656.9391557361     21521.65722379045      57747.17780069711      
589721.8945291101      -116759.1968317974     21217.97756577574      57747.20905069711      
590817.4503220508      -118877.5526156958     20913.97478999919      57747.24030069711      
591905.0563486477      -121011.9718763254     20609.65707438203      57747.27155069711      
592984.5751880645      -123162.4191386479     20305.0324667368       57747.30280069711      
594055.8695228149      -125328.8580827662     20000.10888730263      57747.33405069711      
595118.8021444287      -127511.2515433869     19694.89413122597      57747.36530069711      
596173.2359599631      -129709.5615075497     19389.39587098631      57747.39655069711      
597219.0339967859      -131923.7491159247     19083.62165876853      57747.42780069711      
598256.0594090474      -134153.7746606129     18777.57892878351      57747.45905069711      
599284.1754832837      -136399.5975847418     18471.27499953605      57747.49030069711      
600303.2456441753      -138661.1764817439     18164.71707604438      57747.52155069711      
601313.1334602855      -140938.4690946646     17857.91225200854      57747.55280069711      
602313.7026497818      -143231.4323155024     17550.86751193181      57747.58405069711      
603304.8170861413      -145540.0221845791     17243.58973319476      57747.61530069711      
604286.3408036297      -147864.1938903039     16936.08568808265      57747.64655069711      
605258.1380037875      -150203.9017671501     16628.36204576766      57747.67780069711      
606220.0730598604      -152559.0992972921     16320.42537424728      57747.70905069711      
607172.0105232422      -154929.739108641      16012.2821422391       57747.74030069711      
608113.815128887       -157315.7729747217     15703.93872103299      57747.77155069711      
609045.3518009087      -159717.1518142137     15395.40138630231      57747.80280069711      
609966.4856581609      -162133.8256905206     15086.67631987439      57747.83405069711      
610877.0820198013      -164565.7438113632     14777.76961146103      57747.86530069711      
611777.0064108393      -167012.8545283998     14468.68726035059      57747.89655069711      
612666.1245674265      -169475.1053372433     14159.43517706235      57747.92780069711      
613544.3024433285      -171952.4428756415     13850.01918496317      57747.95905069711      
614411.4062139979      -174444.8129254035     13540.44502184866      57747.99030069711      
615267.3022830063      -176952.1604106291     13230.71834148845      57748.02155069711      
616111.8572872786      -179474.4293978225     12920.84471513706      57748.05280069711      
616944.9381025513      -182011.5630956543     12610.82963301105      57748.08405069711      
617766.4118488131      -184563.5038547494     12300.67850573259      57748.11530069711      
618576.1458957366      -187130.1931674955     11990.39666574186      57748.14655069711      
619374.0078680953      -189711.5716678739     11679.98936867647      57748.17780069711      
620159.8656511682      -192307.579131312      11369.46179472169      57748.20905069711      
620933.5873958555      -194918.1544749388     11058.81904992912      57748.24030069711      
621695.0415251763      -197543.2357559581     10748.06616750653      57748.27155069711      
622444.0967379744      -200182.7601738466     10437.20810907963      57748.30280069711      
623180.6220153911      -202836.6640687722     10126.24976592485      57748.33405069711      
623904.4866259405      -205504.8829219313     9815.19596017513       57748.36530069711      
624615.5601308586      -208187.3513555281     9504.051445999008      57748.39655069711      
625313.7123894396      -210884.0031327752     9192.820910753624      57748.42780069711      
625998.8135643682      -213594.7711579125     8881.508976112091      57748.45905069711      
626670.734127043       -216319.5874762492     8570.120199166151      57748.49030069711      
627329.3448628965      -219058.3832742246     8258.659073503601      57748.52155069711      
627974.5168767089      -221811.0888794927     7947.130030264263      57748.55280069711      
628606.1215975888      -224577.6337614083     7635.537439169973      57748.58405069711      
629224.03078558        -227357.946529602      7323.885609533696      57748.61530069711      
629828.1165350163      -230151.9549364462     7012.178791246261      57748.64655069711      
630418.2512811123      -232959.5858756721     6700.421175741096      57748.67780069711      
630994.3078049385      -235780.7653829411     6388.616896938416      57748.70905069711      
631556.1592387147      -238615.4186360517     6076.770032168366      57748.74030069711      
632103.6790711029      -241463.4699551662     5764.884603074344      57748.77155069711      
632636.7411525007      -244324.8428030597     5452.964576496801      57748.80280069711      
633155.2197003339      -247199.4597853904     5141.013865337853      57748.83405069711      
633658.9893043491      -250087.2426509919     4829.036329406896      57748.86530069711      
634147.9249319084      -252988.1122921873     4517.035776248464      57748.89655069711      
634621.9019329104      -255901.9887455169     4205.015961952216      57748.92780069711      
635080.796046586       -258828.7911905318     3892.980591944535      57748.95905069711      
635524.4834045582      -261768.4379525242     3580.93332176542       57748.99030069711      
635952.8405376363      -264720.8465013675     3268.877757826005      57749.02155069711      
636365.7443807519      -267685.9334523358     2956.817458152276      57749.05280069711      
636763.0722782703      -270663.6145665577     2644.755933111301      57749.08405069711      
637144.7019893073      -273653.804751492      2332.696646123251      57749.11530069711      
637510.5116930495      -276656.4180614298     2020.643014357687      57749.14655069711      
637860.3799940812      -279671.3676980218     1708.598409414932      57749.17780069711      
638194.1859277171      -282698.5660108299     1396.566157994035      57749.20905069711      
638511.8089653392      -285737.9244979054     1084.549542545952      57749.24030069711      
638813.1290193154      -288789.3538067869     772.5518019131559      57749.27155069711      
639098.0264500536      -291852.7637335579     460.5761319558078      57749.30280069711      
639366.3820688128      -294928.0632258657     148.6256861652073      57749.33405069711      
639618.0771447632      -298015.1603820338     -163.2964237354463     57749.36530069711      
639852.993409936       -301113.962452169      -475.1871272030112     57749.39655069711      
640071.0130646056      -304224.3758389062     -787.0433942991076     57749.42780069711      
640272.018782679       -307346.3060981783     -1098.862235124951     57749.45905069711      
640455.893717094       -310479.6579400194     -1410.640699269978     57749.49030069711      
640622.5215052246      -313624.3352293968     -1722.375875269936     57749.52155069711      
640771.7862742969      -316780.2409870728     -2034.064890076639     57749.55280069711      
640903.5726468117      -319947.2773904995     -2345.704908539599     57749.58405069711      
641017.7657459794      -323125.3457747438     -2657.293132895778     57749.61530069711      
641114.2512011598      -326314.3466334458     -2968.826802272873     57749.64655069711      
641192.9151528249      -329514.1796202005     -3280.303192198393     57749.67780069711      
641253.644259972       -332724.7435480161     -3591.719614124682     57749.70905069711      
641296.3257026714      -335945.9363927215     -3903.073414955987     57749.74030069711      
641320.8471894878      -339177.6552924924     -4214.361976591113     57749.77155069711      
641327.0969624844      -342419.7965493698     -4525.582715472556     57749.80280069711      
641314.9638027214      -345672.2556304234     -4836.733082144288     57749.83405069711      
641284.3370357606      -348934.9271689508     -5147.810560819809     57749.86530069711      
641235.1065371844      -352207.7049657127     -5458.81266895734      57749.89655069711      
641167.1627381181      -355490.4819902064     -5769.736956843641     57749.92780069711      
641080.3966307665      -358783.1503819764     -6080.581007186905     57749.95905069711      
640974.6997739548      -362085.6014519624     -6391.34243471612      57749.99030069711      
640849.9642986828      -365397.7256838883     -6702.018885789555     57750.02155069711      
640706.0829136835      -368719.4127356887     -7012.608038009901     57750.05280069711      
640542.9489109936      -372050.5514409759     -7323.107599847426     57750.08405069711      
640360.4561709699      -375391.0298109331     -7633.515310269257     57750.11530069711      
640158.4991701083      -378740.7350343213     -7943.828938379069     57750.14655069711      
639936.9729832952      -382099.5534813814     -8254.046283057891     57750.17780069711      
639695.7732916299      -385467.3707039256     -8564.165172617417     57750.20905069711      
639434.7963874788      -388844.0714373954     -8874.183464456466     57750.24030069711      
639153.93918009        -392229.539602581      -9184.099044725532     57750.27155069711      
638853.0992012143      -395623.6583073817     -9493.909827996569     57750.30280069711      
638532.1746107333      -399026.3098486113     -9803.613756940002     57750.33405069711      
638191.0642022935      -402437.3757138478     -10113.20880200644     57750.36530069711      
637829.6674089446      -405856.7365833285     -10422.69296111562     57750.39655069711      
637447.8843087843      -409284.2723318891     -10732.06425935042     57750.42780069711      
637045.6156306077      -412719.8620309519     -11041.32074865612     57750.45905069711      
636622.7627595614      -416163.3839505566     -11350.4605075462      57750.49030069711      
636179.2277428006      -419614.7155614405     -11659.48164081282     57750.52155069711      
635714.9132951498      -423073.7335371652     -11968.38227924187     57750.55280069711      
635229.7228041308      -426540.3137566641     -12277.16057933442     57750.58405069711      
634723.5603381719      -430014.3313049729     -12585.81472303404     57750.61530069711      
634196.3306484702      -433495.6604777393     -12894.34291745484     57750.64655069711      
633647.9391771932      -436984.1747820503     -13202.74339461897     57750.67780069711      
633078.292062521       -440479.7469391743     -13511.01441119635     57750.70905069711      
632487.2961443134      -443982.2488869805     -13819.15424824954     57750.74030069711      
631874.8589697871      -447491.5517824078     -14127.16121098353     57750.77155069711      
631240.8887991824      -451007.5260039837     -14435.0336284982      57750.80280069711      
630585.294611434       -454530.0411543951     -14742.7698535478      57750.83405069711      
629907.9861098392      -458058.966063108      -15050.36826230166     57750.86530069711      
629208.8737277235      -461594.1687890411     -15357.82725411101     57750.89655069711      
628487.8686341016      -465135.5166232883     -15665.14525127911     57750.92780069711      
627744.8827393372      -468682.8760918956     -15972.32069883501     57750.95905069711      
626979.828700796       -472236.1129586874     -16279.35206431139     57750.99030069711      
626192.6199284958      -475795.0922281477     -16586.23783752625     57751.02155069711      
625383.1705907495      -479359.6781483523     -16892.9765303678      57751.05280069711      
624551.3956198011      -482929.734213954      -17199.56667658332     57751.08405069711      
623697.2107174577      -486505.123169221      -17506.00683157123     57751.11530069711      
622820.5323599766      -490085.7070114765     -17812.29557217588     57751.14655069711      
621921.2778066081      -493671.3469928494     -18118.43149648886     57751.17780069711      
620999.3651008154      -497261.903625566      -18424.41322364751     57751.20905069711      
620054.7130787869      -500857.2366838051     -18730.23939364206     57751.24030069711      
619087.2413742924      -504457.2052073517     -19035.90866712446     57751.27155069711      
618096.8704242555      -508061.6675049574     -19341.41972521803     57751.30280069711      
617083.5214743143      -511670.4811577533     -19646.77126933244     57751.33405069711      
616047.1165843691      -515283.5030227166     -19951.9620209813      57751.36530069711      
614987.5786341166      -518900.5892361921     -20256.9907216017      57751.39655069711      
613904.8313285694      -522521.5952174667     -20561.85613237572     57751.42780069711      
612798.7992035615      -526146.3756723981     -20866.55703405791     57751.45905069711      
611669.4076312357      -529774.7845970986     -21171.09222680068     57751.49030069711      
610516.5828255161      -533406.675281671      -21475.46052998747     57751.52155069711      
609340.2518475635      -537041.9003139996     -21779.66078206291     57751.55280069711      
608140.3426112111      -540680.3115835951     -22083.69184037077     57751.58405069711      
606916.7838883817      -544321.7602854922     -22387.55258098943     57751.61530069711      
605669.5053144854      -547966.0969242027     -22691.24189857364     57751.64655069711      
604398.4373937966      -551613.1713177195     -22994.75870619627     57751.67780069711      
603103.5115048101      -555262.8326015767     -23298.10193519277     57751.70905069711      
601784.6599055738      -558914.929232961      -23601.27053500753     57751.74030069711      
600441.8157389998      -562569.3089948774     -23904.26347304368     57751.77155069711      
599074.9130381501      -566225.819000366      -24207.07973451319     57751.80280069711      
597683.8867315006      -569884.3056967747     -24509.71832228982     57751.83405069711      
596268.6726473173      -573544.6148703824     -24812.17825676332     57751.86530069711      
594829.2075222988      -577206.5916495639     -25114.45857569948     57751.89655069711      
593365.4290016224      -580870.0805110375     -25416.55833409354     57751.92780069711      
591877.2756475189      -584534.9252831271     -25718.47660403431     57751.95905069711      
590364.6869435495      -588200.9691505977     -26020.2124745652      57751.99030069711      
588827.6032997018      -591868.054659236      -26321.76505154843     57752.02155069711      
587265.9660574598      -595536.0237204807     -26623.13345753006     57752.05280069711      
585679.7174948415      -599204.7176161064     -26924.31683160842     57752.08405069711      
584068.8008314065      -602873.9770029536     -27225.31432930153     57752.11530069711      
582433.1602332277      -606543.6419177108     -27526.1251224188      57752.14655069711      
580772.7408178351      -610213.5517817443     -27826.7483989321      57752.17780069711      
579087.4886591216      -613883.5454059768     -28127.18336284999     57752.20905069711      
577377.350792217       -617553.4609958155     -28427.42923409212     57752.24030069711      
575642.275218325       -621223.1361561257     -28727.48524836532     57752.27155069711      
573882.2109095248      -624892.4078962525     -29027.350657042       57752.30280069711      
572097.1078135377      -628561.1126350902     -29327.02472703869     57752.33405069711      
570286.9168584531      -632229.0862061973     -29626.50674069661     57752.36530069711      
568451.5899574198      -635896.1638629554     -29925.79599566321     57752.39655069711      
566591.0800132956      -639562.1802837759     -30224.89180477452     57752.42780069711      
564705.3409232609      -643226.9695773507     -30523.79349594034     57752.45905069711      
562794.327583388       -646890.3652879426     -30822.50041202869     57752.49030069711      
560857.995893173       -650552.2004007275     -31121.01191075228     57752.52155069711      
558896.3027600257      -654212.3073471691     -31419.32736455573     57752.55280069711      
556909.2061037163      -657870.5180104448     -31717.44616050523     57752.58405069711      
554896.6648607799      -661526.6637309055     -32015.36770017695     57752.61530069711      
552858.6389888792      -665180.5753115823     -32313.09139954805     57752.64655069711      
550795.0894711211      -668832.0830237285     -32610.61668888887     57752.67780069711      
548705.9783203306      -672481.0166124031     -32907.94301265507     57752.70905069711      
546591.2685832786      -676127.2053020927     -33205.06982938101     57752.74030069711      
544450.9243448654      -679770.4778023713     -33501.99661157478     57752.77155069711      
542284.9107322561      -683410.6623135956     -33798.7228456132      57752.80280069711      
540093.1939189727      -687047.5865326398     -34095.24803163804     57752.83405069711      
537875.7411289341      -690681.077658662      -34391.57168345357     57752.86530069711      
535632.5206404547      -694310.9623989093     -34687.69332842348     57752.89655069711      
533363.5017891434      -697937.0669747549     -34983.61250736931     57752.92780069711      
531068.6549759803      -701559.2171267585     -35279.32877447439     57752.95905069711      
528747.9516649094      -705177.2381217906     -35574.84169717622     57752.99030069711      
526401.3643908035      -708790.9547581478     -35870.15085607336     57753.02155069711      
524028.8667621763      -712400.1913717233     -36165.25584482477     57753.05280069711      
521630.4334648806      -716004.7718420007     -36460.1562700526      57753.08405069711      
519206.0402657586      -719604.5195980768     -36754.8517512448      57753.11530069711      
516755.6640162411      -723199.2576247148     -37049.34192065935     57753.14655069711      
514279.282655893       -726788.8084684187     -37343.62642322737     57753.17780069711      
511776.8752159101      -730372.9942435412     -37637.70491645869     57753.20905069711      
509248.4218225623      -733951.6366384104     -37931.57707034732     57753.24030069711      
506693.9037005841      -737524.5569214857     -38225.24256727687     57753.27155069711      
504113.303176515       -741091.5759475331     -38518.70110192674     57753.30280069711      
501506.6036819844      -744652.5141638262     -38811.95238117984     57753.33405069711      
498873.7897569443      -748207.191616366      -39104.99612402992     57753.36530069711      
496214.8470528508      -751755.4279561234     -39397.83206148871     57753.39655069711      
493529.762335789       -755297.0424452987     -39690.45993649511     57753.42780069711      
490818.5234895474      -758831.8539636035     -39982.87950382399     57753.45905069711      
488081.1195186363      -762359.6810145548     -40275.09052999469     57753.49030069711      
485317.5405512539      -765880.3417317908     -40567.09279318189     57753.52155069711      
482527.7778421984      -769393.6538853997     -40858.88608312508     57753.55280069711      
479711.8237757254      -772899.4348882621     -41150.47020103841     57753.58405069711      
476869.6718683515      -776397.5018024105     -41441.84495952289     57753.61530069711      
474001.3167716047      -779887.6713453969     -41733.01018247643     57753.64655069711      
471106.7542747197      -783369.7598966756     -42023.96570500627     57753.67780069711      
468185.9813072807      -786843.5835039949     -42314.7113733397      57753.70905069711      
465238.9959418074      -790308.9578897983     -42605.24704473733     57753.74030069711      
462265.7973962907      -793765.6984576337     -42895.57258740492     57753.77155069711      
459266.3860366716      -797213.620298572      -43185.68788040639     57753.80280069711      
456240.7633792681      -800652.5381976306     -43475.5928135768      57753.83405069711      
453188.9320931479      -804082.2666402003     -43765.28728743573     57753.86530069711      
450110.8960024468      -807502.6198184815     -44054.77121310006     57753.89655069711      
447006.6600886364      -810913.4116379208     -44344.0445121986      57753.92780069711      
443876.2304927356      -814314.4557236483     -44633.10711678566     57753.95905069711      
440719.6145174718      -817705.5654269189     -44921.95896925544     57753.99030069711      
437536.820629387       -821086.5538315533     -45210.60002225626     57754.02155069711      
434327.858460895       -824457.2337603776     -45499.03023860458     57754.05280069711      
431092.7388122831      -827817.417781661      -45787.2495912009      57754.08405069711      
427831.4736536639      -831166.9182155518     -46075.25806294329     57754.11530069711      
424544.0761268765      -834505.5471405085     -46363.05564664333     57754.14655069711      
421230.5605473339      -837833.1163997257     -46650.64234494173     57754.17780069711      
417890.9424058232      -841149.4376075569     -46938.01817022194     57754.20905069711      
414525.2383702532      -844454.3221559252     -47225.18314452708     57754.24030069711      
411133.4662873538      -847747.5812207339     -47512.13729947514     57754.27155069711      
407715.645184324       -851029.0257682593     -47798.88067617419     57754.30280069711      
404271.7952704341      -854298.4665615404     -48085.41332513886     57754.33405069711      
400801.9379385781      -857555.7141667568     -48371.73530620488     57754.36530069711      
397306.095766777       -860800.5789595909     -48657.84668844735     57754.39655069711      
393784.2925196375      -864032.8711315829     -48943.74755009351     57754.42780069711      
390236.5531497624      -867252.4006964676     -49229.43797844165     57754.45905069711      
386662.9037991161      -870458.9774964993     -49514.91806977603     57754.49030069711      
383063.3718003439      -873652.4112087608     -49800.1879292822      57754.52155069711      
379437.9856780467      -876832.5113514542     -50085.24767096445     57754.55280069711      
375786.7751500123      -879999.0872901775     -50370.09741756169     57754.58405069711      
372109.7711284038      -883151.9482441801     -50654.73730046308     57754.61530069711      
368407.0057209026      -886290.9032925998     -50939.16745962546     57754.64655069711      
364678.5122318147      -889415.7613806824     -51223.38804348791     57754.67780069711      
360924.3251631301      -892526.3313259752     -51507.39920888934     57754.70905069711      
357144.4802155464      -895622.4218245049     -51791.20112098439     57754.74030069711      
353339.0142894512      -898703.8414569279     -52074.79395315942     57754.77155069711      
349507.9654858655      -901770.3986946611     -52358.17788694933     57754.80280069711      
345651.3731073505      -904821.9019059846     -52641.35311195219     57754.83405069711      
341769.2776588768      -907858.1593621243     -52924.31982574821     57754.86530069711      
337861.7208486579      -910878.979243304      -53207.07823381259     57754.89655069711      
333928.7455889488      -913884.1696447748     -53489.62854943413     57754.92780069711      
329970.3959968101      -916873.5385828139     -53771.97099362966     57754.95905069711      
325986.7173948392      -919846.8940006999     -54054.10579506127     57754.99030069711      
321977.7563118704      -922804.043774654      -54336.03318995156     57755.02155069711      
317943.5604836418      -925744.795719757      -54617.75342200015     57755.05280069711      
313884.1788534339      -928668.9575958333     -54899.2667422978      57755.08405069711      
309799.6615740785      -931576.3371134421     -55180.57340924616     57755.11530069711      
305690.0600029468      -934466.7419391577     -55461.67368846526     57755.14655069711      
301555.4267108853      -937339.9797021665     -55742.56785271992     57755.17780069711      
297395.8154771616      -940195.8579994941     -56023.25618182775     57755.20905069711      
293211.2812913625      -943034.1844018627     -56303.73896257713     57755.24030069711      
289001.8803538756      -945854.7664593838     -56584.0164886422      57755.27155069711      
284767.6700763464      -948657.4117072155     -56864.08906049788     57755.30280069711      
280508.7090821158      -951441.927671187      -57143.95698533574     57755.33405069711      
276225.0572066378      -954208.1218733864     -57423.62057697878     57755.36530069711      
271916.7754978779      -956955.8018377156     -57703.08015579585     57755.39655069711      
267583.9262166938      -959684.7750954059     -57982.33604861749     57755.42780069711      
263226.5728372011      -962394.8491905003     -58261.38858865009     57755.45905069711      
258844.7800471231      -965085.831685298      -58540.2381153914      57755.49030069711      
254438.6137481272      -967757.5301657608     -58818.88497454312     57755.52155069711      
250008.1410561487      -970409.7522468849     -59097.32951792865     57755.55280069711      
245553.4303017048      -973042.3055780329     -59375.57210340397     57755.58405069711      
241074.5510301969      -975654.9978482276     -59653.61309477483     57755.61530069711      
236571.5740022068      -978247.6367914107     -59931.45286170841     57755.64655069711      
232044.5711937838      -980820.0301916593     -60209.09177964914     57755.67780069711      
227493.6157967279      -983371.9858883662     -60486.53022973263     57755.70905069711      
222918.7822188678      -985903.311781382      -60763.7685986979      57755.74030069711      
218320.1460843359      -988413.815836116      -61040.80727880268     57755.77155069711      
213697.7842338433      -990903.3060886007     -61317.64666773588     57755.80280069711      
209051.7747249528      -993371.590650516      -61594.28716853203     57755.83405069711      
204382.1968323549      -995818.4777141747     -61870.72918948426     57755.86530069711      
199689.1310481458      -998243.7755574691     -62146.97314405639     57755.89655069711      
194972.6590821101      -1000647.292548778     -62423.01945079828     57755.92780069711      
190232.8638620089      -1003028.837151835     -62698.86853325681     57755.95905069711      
185469.8295338759      -1005388.217930559     -62974.52081988979     57755.99030069711      
180683.6414623214      -1007725.243553845     -63249.97674397845     57756.02155069711      
175874.3862308466      -1010039.722800316     -63525.23674354033     57756.05280069711      
171042.1516421703      -1012331.464563035     -63800.30126124085     57756.08405069711      
166187.0267185679      -1014600.277854186     -64075.17074430722     57756.11530069711      
161309.1017022257      -1016845.971809704     -64349.84564443951     57756.14655069711      
156408.4680571476      -1019068.355694249     -64624.32641772483     57756.17780069711      
151485.2184634011      -1021267.238904302     -64898.6135245433      57756.20905069711      
146539.4468267323      -1023442.430974873     -65172.70742948941     57756.24030069711      
141571.2482728588      -1025593.741582545     -65446.60860127711     57756.27155069711      
136580.7191494539      -1027720.980550285     -65720.31751265354     57756.30280069711      
131567.9570266194      -1029823.957851857     -65993.83464031096     57756.33405069711      
126533.0606973866      -1031902.48361621      -66267.16046479781     57756.36530069711      
121476.1301782418      -1033956.368131818     -66540.29547042982     57756.39655069711      
116397.266709682       -1035985.421850996     -66813.24014520226     57756.42780069711      
111296.5727567992      -1037989.455394174     -67085.99498070119     57756.45905069711      
106174.1520098978      -1039968.279554147     -67358.56047201343     57756.49030069711      
101030.1093851435      -1041921.705300284     -67630.93711763888     57756.52155069711      
95864.55102524764      -1043849.543782712     -67903.12541940069     57756.55280069711      
90677.58430018747      -1045751.606336462     -68175.12588235713     57756.58405069711      
85469.31780796422      -1047627.704485591     -68446.9390147113      57756.61530069711      
80239.86137540085      -1049477.649947271     -68718.56532772252     57756.64655069711      
74989.32605897968      -1051301.25463585      -68990.00533561694     57756.67780069711      
69717.82414572328      -1053098.330666888     -69261.25955549773     57756.70905069711      
64425.46915411792      -1054868.690361159     -69532.3285072564      57756.74030069711      
59112.37583508364      -1056612.146248637     -69803.21271348285     57756.77155069711      
53778.66017298994      -1058328.511072447     -70073.91269937577     57756.80280069711      
48424.4393867211       -1060017.597792799     -70344.42899265268     57756.83405069711      
43049.83193239693      -1061679.219591435     -70614.76212346263     57756.86530069711      
37654.95749811405      -1063313.18987337      -70884.91262428981     57756.89655069711      
32239.93701479746      -1064919.322273964     -71154.88102987281     57756.92780069711      
26804.89265105467      -1066497.430660641     -71424.66787710891     57756.95905069711      
21349.94781610766      -1068047.329137247     -71694.27370496624     57756.99030069711      
19652.8272318163       -1068522.617313211     -71777.91661301389     57757                  
