-77319299.60020263     113679374.2085352      49122820.33955713      57727                  
-77320808.5972162      113678527.1989498      49122457.09665167      57727.00069444445      
-77332332.11612889     113672058.3675614      49119683.1208247       57727.00599767607      
-77352005.05462402     113661012.3039972      49114947.16267546      57727.01505166384      
-77353512.55914789     113660166.1734174      49114585.41464458      57727.01574610829      
-77354541.061076       113659589.3625466      49114339.9868153       57727.01622062872      
-77356045.29274815     113658746.0002909      49113981.8710297       57727.01691507317      
-77367580.73165907     113652277.9309724      49111235.54706225      57727.02224060873      
-77435264.1259491      113614305.1352636      49095119.6682262       57727.05349060873      
-77502937.23848562     113576300.7267328      49079002.78823384      57727.08474060873      
-77570600.11243145     113538264.6085517      49062884.88238252      57727.11599060873      
-77638252.78990346     113500196.6821177      49046765.92745315      57727.14724060873      
-77705895.31190874     113462096.8470434      49030645.90176367      57727.17849060873      
-77773527.71827978     113423965.0011437      49014524.78522641      57727.20974060873      
-77841150.04775344     113385801.0403356      48998402.55937318      57727.24099060873      
-77908762.33790335     113347604.8586171      48982279.2074208       57727.27224060873      
-77976364.62507136     113309376.3480439      48966154.71434136      57727.30349060873      
-78043956.94444205     113271115.3986162      48950029.06690048      57727.33474060873      
-78111539.32997082     113232821.8982457      48933902.25373735      57727.36599060873      
-78179111.8143107      113194495.7327186      48917774.26544964      57727.39724060873      
-78246674.42889778     113156136.7855587      48901645.09464389      57727.42849060873      
-78314227.20379384     113117744.9380264      48885514.73605251      57727.45974060873      
-78381770.16776797     113079320.0689707      48869383.1865962       57727.49099060873      
-78449303.34821518     113040862.0547692      48853250.44549409      57727.52224060873      
-78516826.77107312     113002370.7692614      48837116.5143809       57727.55349060873      
-78584340.46088025     112963846.0835894      48820981.39739547      57727.58474060873      
-78651844.44068718     112925287.8661161      48804845.10131426      57727.61599060873      
-78719338.73196509     112886695.9823348      48788707.63569402      57727.64724060873      
-78786823.35465513     112848070.2946849      48772569.01298739      57727.67849060873      
-78854298.32707015     112809410.662442       48756429.24870585      57727.70974060873      
-78921763.66579293     112770716.9415976      48740288.36159415      57727.74099060873      
-78989219.38573016     112731988.9846326      48724146.37377597      57727.77224060873      
-79056665.49992217     112693226.6404195      48708003.3109748       57727.80349060873      
-79124102.01958761     112654429.7539686      48691859.20268753      57727.83474060873      
-79191528.95400293     112615598.1662539      48675714.08241524      57727.86599060873      
-79258946.31037635     112576731.7140219      48659567.98791134      57727.89724060873      
-79326354.09385881     112537830.2294964      48643420.9614115       57727.92849060873      
-79393752.30740446     112498893.5401488      48627273.04992162      57727.95974060873      
-79461140.95162337     112459921.4684461      48611124.30552844      57727.99099060873      
-79528520.02483098     112420913.8314401      48594974.785707        57728.02224060873      
-79595889.52271952     112381870.4405895      48578824.55366066      57728.05349060873      
-79663249.43829969     112342791.1013347      48562673.67873182      57728.08474060873      
-79730599.7618645      112303675.6126378      48546522.23679335      57728.11599060873      
-79797940.48076522     112264523.7665954      48530370.31071012      57728.14724060873      
-79865271.57919675     112225335.3479906      48514217.9908454       57728.17849060873      
-79932593.03810957     112186110.1337132      48498065.3755761       57728.20974060873      
-79999904.83496037     112146847.8922131      48481912.57189687      57728.24099060873      
-80067206.94344229     112107548.3828948      48465759.69608181      57728.27224060873      
-80134499.3333506      112068211.3553499      48449606.87436918      57728.30349060873      
-80201781.9701841      112028836.548658       48433454.24378111      57728.33474060873      
-80269054.81495468     111989423.6904596      48417301.95296271      57728.36599060873      
-80336317.82380427     111949972.4960272      48401150.16315541      57728.39724060873      
-80403570.9475829      111910482.6672277      48384999.04927512      57728.42849060873      
-80470814.13152537     111870953.8912707      48368848.80107233      57728.45974060873      
-80538047.31473334     111831385.8394004      48352699.62446573      57728.49099060873      
-80605270.42959914     111791778.1654199      48336551.74303199      57728.52224060873      
-80672483.40130292     111752130.5039362      48320405.39963705      57728.55349060873      
-80739686.14708792     111712442.4684692      48304260.85831172      57728.58474060873      
-80806878.57544208     111672713.6492984      48288118.406367        57728.61599060873      
-80874060.58531266     111632943.6109188      48271978.35675008      57728.64724060873      
-80941232.06504889     111593131.8892225      48255841.05076385      57728.67849060873      
-81008392.89119077     111553277.9882557      48239706.86116868      57728.70974060873      
-81075542.92721707     111513381.3763826      48223576.19569762      57728.74099060873      
-81142682.02193031     111473441.4819297      48207449.50114483      57728.77224060873      
-81209810.00757585     111433457.6881023      48191327.2680933       57728.80349060873      
-81276926.6977791      111393429.3269291      48175210.03637212      57728.83474060873      
-81344031.88494369     111353355.6722157      48159098.40147988      57728.86599060873      
-81411125.33715896     111313235.9311718      48142993.02213814      57728.89724060873      
-81478206.79465458     111273069.2342955      48126894.6291898       57728.92849060873      
-81545275.96524972     111232854.6233445      48110804.03627723      57728.95974060873      
-81612332.51906313     111192591.0365584      48094722.1526006       57728.99099060873      
-81679376.08178213     111152277.2906754      48078649.99842731      57729.02224060873      
-81746406.2264127      111111912.0585799      48062588.72402958      57729.05349060873      
-81813422.4628886      111071493.8413302      48046539.63305534      57729.08474060873      
-81880424.22472651     111031020.9327713      48030504.21174208      57729.11599060873      
-81947410.85180362     110990491.3740643      48014484.16584077      57729.14724060873      
-82014381.56788059     110949902.8943031      47998481.46790104      57729.17849060873      
-82081335.45038156     110909252.83184        47982498.41887093      57729.20974060873      
-82148271.38919057     110868538.0278426      47966537.72970598      57729.24099060873      
-82215188.02928863     110827754.6789176      47950602.63165423      57729.27224060873      
-82282083.68830027     110786898.1279118      47934697.02891596      57729.30349060873      
-82348956.23444307     110745962.5574986      47918825.71572871      57729.33474060873      
-82415802.8990072      110704940.5244747      47902994.69517173      57729.36599060873      
-82482619.9741468      110663822.2198379      47887211.66607036      57729.39724060873      
-82549402.29732524     110622594.2254994      47871486.80301739      57729.42849060873      
-82616142.30436125     110581237.270068       47855834.08362602      57729.45974060873      
-82682828.10852097     110539721.7716978      47840273.73122808      57729.49099060873      
-82749439.01740757     110497997.7027466      47824837.21288659      57729.52224060873      
-82808712.72947499     110460555.2176315      47811226.41249081      57729.55009373684      
-82842796.54046303     110438816.1721122      47803474.86550178      57729.56614149584      
-82869005.4302863      110421933.8851656      47797564.44298089      57729.5785076972       
-82885513.61009553     110411186.6158438      47793868.96513544      57729.58631541501      
-82898653.63012578     110402536.4662899      47790943.95993333      57729.59254636012      
-82908869.9185333      110395723.3029758      47788678.56113804      57729.59740627723      
-82916913.38795361     110390277.3041713      47786896.434296        57729.60124745538      
-82923393.20552258     110385809.4195074      47785454.47986779      57729.60435711873      
-82928815.1780263      110381984.1072472      47784230.77420793      57729.60697625798      
-82932372.38525791     110379407.6865013      47783404.83199974      57729.60870848087      
-82935242.42848161     110377271.5867435      47782707.1127166       57729.61011882285      
-82937504.28165117     110375540.1249483      47782116.73652769      57729.61124196926      
-82939136.5020853      110374262.178244       47781650.73428877      57729.61206050485      
-82940798.36814213     110372946.0211826      47781123.58379755      57729.61290036365      
-82942297.38917682     110371768.3747805      47780594.14619547      57729.61365995828      
-82943763.47163586     110370651.2712954      47780035.70760024      57729.61439934083      
-82945158.32014203     110369631.6462131      47779485.35457429      57729.61509619147      
-82946896.1060293      110368415.7214504      47778795.59367998      57729.61595465548      
-82948676.88996626     110367217.3235048      47778097.02521603      57729.6168250229       
-82950877.22745942     110365781.9701531      47777251.44232665      57729.61789086551      
-82953728.39615987     110363970.1075258      47776183.95194174      57729.61926114726      
-82957441.09587461     110361660.2165845      47774833.59129901      57729.62103358989      
-82962317.43683921     110358675.7599576      47773111.88182937      57729.6233488056       
-82968830.61737928     110354738.4915179      47770878.40594026      57729.62642747942      
-82977256.33361338     110349690.2519124      47768067.42715817      57729.63039630809      
-82988253.01466313     110343142.0725011      47764489.93641642      57729.63556221107      
-83002704.26836006     110334572.1701563      47759895.54989494      57729.64233677349      
-83021794.14378299     110323280.5485595      47753952.57448877      57729.65127134878      
-83047121.68152156     110308319.9508406      47746217.12446322      57729.66311050161      
-83080849.6947722      110288405.8003739      47736093.57969537      57729.67886141019      
-83125920.02073759     110261785.3831865      47722777.0780875       57729.69989433733      
-83186341.60910657     110226061.3414903      47705176.93076366      57729.72807720306      
-83253358.93159746     110186379.245052       47685883.54805385      57729.75932720306      
-83320385.8582955      110146628.0721596      47666755.92469729      57729.79057720306      
-83387416.16860642     110106812.2996675      47647752.25859494      57729.82182720306      
-83454446.26382138     110066935.585767       47628845.47878595      57729.85307720306      
-83521473.87980415     110027000.8719181      47610016.79818413      57729.88432720306      
-83588497.50279796     109987010.5353914      47591252.51018781      57729.91557720306      
-83655516.07277496     109946966.5175308      47572542.22850052      57729.94682720306      
-83722528.81956665     109906870.4215387      47553877.84512848      57729.97807720306      
-83789535.16638513     109866723.58542        47535252.87689111      57730.00932720306      
-83856534.67017847     109826527.1364072      47516662.03623873      57730.04057720306      
-83923526.98300208     109786282.0321078      47498100.93862464      57730.07182720306      
-83990511.82617317     109745989.0919507      47479565.89660278      57730.10307720306      
-84057488.9725994      109705649.0214447      47461053.77100667      57730.13432720306      
-84124458.23418762     109665262.4312713      47442561.86096075      57730.16557720306      
-84191419.45274357     109624829.8524377      47424087.82094479      57730.19682720306      
-84258372.4934046      109584351.7483488      47405629.59712391      57730.22807720306      
-84325317.23961009     109543828.5246696      47387185.37777542      57730.25932720306      
-84392253.58927056     109503260.5374024      47368753.55413745      57730.29057720306      
-84459181.45194773     109462648.0994678      47350332.68906917      57730.32182720306      
-84526100.74653873     109421991.4862628      47331921.49175022      57730.35307720306      
-84593011.39944211     109381290.9403259      47313518.79702511      57730.38432720306      
-84659913.34322892     109340546.67519        47295123.54834718      57730.41557720306      
-84726806.51545498     109299758.8787385      47276734.78364313      57730.44682720306      
-84793690.85769044     109258927.7160786      47258351.62348177      57730.47807720306      
-84860566.31485912     109218053.3319247      47239973.26106223      57730.50932720306      
-84927432.83457328     109177135.8527415      47221598.95375451      57730.54057720306      
-84994290.36657541     109136175.388608       47203228.01588026      57730.57182720306      
-85061138.8624054      109095172.0347578      47184859.81247836      57730.60307720306      
-85127978.27499816     109054125.8730107      47166493.75396162      57730.63432720306      
-85194808.55833803     109013036.9730369      47148129.29148581      57730.66557720306      
-85261629.66729832     108971905.3933849      47129765.91287842      57730.69682720306      
-85328441.55738047     108930731.182477       47111403.13911412      57730.72807720306      
-85395244.18448475     108889514.3794979      47093040.52122141      57730.75932720306      
-85462037.50484607     108848255.0150989      47074677.6375179       57730.79057720306      
-85528821.47485308     108806953.1121134      47056314.09120142      57730.82182720306      
-85595596.05088617     108765608.6862015      47037949.50821397      57730.85307720306      
-85662361.18930928     108724221.7463419      47019583.53530136      57730.88432720306      
-85729116.84633659     108682792.2953609      47001215.83831785      57730.91557720306      
-85795862.97791058     108641320.3304139      46982846.10070948      57730.94682720306      
-85862599.53972812     108599805.8433324      46964474.02211373      57730.97807720306      
-85929326.48710728     108558248.8210502      46946099.317134        57731.00932720306      
-85996043.7749148      108516649.2459513      46927721.71423964      57731.04057720306      
-86062751.35771702     108475007.0960309      46909340.95473935      57731.07182720306      
-86129449.18953091     108433322.3453423      46890956.79186623      57731.10307720306      
-86196137.2238076      108391594.964233       46872568.98996675      57731.13432720306      
-86262815.41349366     108349824.919518       46854177.32371867      57731.16557720306      
-86329483.71095748     108308012.1747284      46835781.57745592      57731.19682720306      
-86396142.06791903     108266156.6903414      46817381.54455338      57731.22807720306      
-86462790.43552001     108224258.4239022      46798977.02682508      57731.25932720306      
-86529428.76424317     108182317.3302349      46780567.83401523      57731.29057720306      
-86596057.0039255      108140333.361578       46762153.78330611      57731.32182720306      
-86662675.10368161     108098306.4677708      46743734.69889184      57731.35307720306      
-86729283.01198146     108056236.5963249      46725310.41154306      57731.38432720306      
-86795880.67659198     108014123.6925794      46706880.75824407      57731.41557720306      
-86862468.04451981     107971967.6998474      46688445.58185923      57731.44682720306      
-86929045.06209294     107929768.5594597      46670004.73078574      57731.47807720306      
-86995611.67490548     107887526.210896       46651558.05867083      57731.50932720306      
-87062167.82776368     107845240.5919078      46633105.42415154      57731.54057720306      
-87128713.46476978     107802911.6385414      46614646.69057395      57731.57182720306      
-87195248.52926964     107760539.2852495      46596181.72577173      57731.60307720306      
-87261772.96380025     107718123.4649961      46577710.40186179      57731.63432720306      
-87328286.71017599     107675664.1092633      46559232.59501502      57731.66557720306      
-87394789.70943733     107633161.1481467      46540748.18528203      57731.69682720306      
-87461281.90180056     107590614.5104465      46522257.05643249      57731.72807720306      
-87527763.22674461     107548024.1236605      46503759.09576597      57731.75932720306      
-87594233.62296134     107505389.9140671      46485254.193975        57731.79057720306      
-87660693.02830635     107462711.8068051      46466742.24501875      57731.82182720306      
-87727141.37988648     107419989.7258551      46448223.14596574      57731.85307720306      
-87793578.61401118     107377223.5941126      46429696.79688674      57731.88432720306      
-87860004.66614386     107334413.3334576      46411163.10075594      57731.91557720306      
-87926419.47099015     107291558.8647274      46392621.96331947      57731.94682720306      
-87992822.96244971     107248660.1077804      46374073.29301227      57731.97807720306      
-88059215.07358053     107205716.9815497      46355517.00087765      57732.00932720306      
-88125595.73667677     107162729.4040148      46336953.00046054      57732.04057720306      
-88191964.88316318     107119697.2922972      46318381.20776385      57732.07182720306      
-88258322.44369148     107076620.5626167      46299801.54114414      57732.10307720306      
-88324668.3480507      107033499.1303719      46281213.92127392      57732.13432720306      
-88391002.52525589     106990332.9100961      46262618.2710539       57732.16557720306      
-88457324.90350071     106947121.8155046      46244014.51557146      57732.19682720306      
-88523635.41011016     106903865.7595409      46225402.5820638       57732.22807720306      
-88589933.97162931     106860564.6543259      46206782.39984446      57732.25932720306      
-88656220.51377614     106817218.4111998      46188153.90027542      57732.29057720306      
-88722494.96139419     106773826.9407622      46169517.01674335      57732.32182720306      
-88788757.23854145     106730390.1528152      46150871.68459864      57732.35307720306      
-88855007.26844287     106686907.9563998      46132217.84113958      57732.38432720306      
-88921244.97344331     106643380.2598305      46113555.42560029      57732.41557720306      
-88987470.27509603     106599806.9706326      46094884.37910105      57732.44682720306      
-89053683.09411529     106556187.9955728      46076204.64464338      57732.47807720306      
-89119883.35032915     106512523.2406882      46057516.16710894      57732.50932720306      
-89135934.92662799     106501927.6856267      46052982.91185091      57732.51690528836      
-89137405.83193687     106500956.5897655      46052567.46519295      57732.5175997328       
-89148654.33441712     106493529.4103531      46049390.20398865      57732.5229104783       
-89214836.42560145     106449798.8110657      46030689.09048632      57732.5541604783       
-89281005.7553317      106406022.1999156      46011979.10742826      57732.5854104783       
-89347162.24057518     106362199.4802435      45993260.20602407      57732.6166604783       
-89413305.7974478      106318330.5545919      45974532.33932342      57732.6479104783       
-89479436.34116632     106274415.3247228      45955795.46223313      57732.6791604783       
-89545553.78613584     106230453.6915382      45937049.53149585      57732.7104104783       
-89611658.04590167     106186445.5550931      45918294.50571378      57732.7416604783       
-89677749.03310138     106142390.8146075      45899530.34537589      57732.7729104783       
-89743826.65955162     106098289.3683784      45880757.01284669      57732.8041604783       
-89809890.83619964     106054141.1137863      45861974.47240032      57732.8354104783       
-89875941.47307467     106009945.9472994      45843182.69025829      57732.8666604783       
-89941978.47937414     105965703.7643773      45824381.63458898      57732.8979104783       
-90008001.76339971     105921414.4594804      45805571.27555738      57732.9291604783       
-90074011.23258263     105877077.9260107      45786751.58535092      57732.9604104783       
-90140006.79341973     105832694.0563143      45767922.53823721      57732.9916604783       
-90205988.351558       105788262.741573       45749084.11057934      57733.0229104783       
-90271955.81174459     105743783.8717888      45730236.28089766      57733.0541604783       
-90337909.07777657     105699257.3357645      45711379.02993593      57733.0854104783       
-90403848.0525845      105654683.0209835      45692512.34069037      57733.1166604783       
-90469772.63818151     105610060.8135814      45673636.19848584      57733.1479104783       
-90535682.73561168     105565390.5983142      45654750.59105711      57733.1791604783       
-90601578.2450325      105520672.2584229      45635855.50859392      57733.2104104783       
-90667459.06566229     105475905.6755908      45616950.94383387      57733.2416604783       
-90733325.09572741     105431090.7298944      45598036.89216174      57733.2729104783       
-90799176.23254295     105386227.2996513      45579113.35167326      57733.3041604783       
-90865012.37244345     105341315.261369       45560180.32329298      57733.3354104783       
-90930833.41080293     105296354.4896216      45541237.81087157      57733.3666604783       
-90996639.2419643      105251344.856984       45522285.82131948      57733.3979104783       
-91062429.75931713     105206286.2338491      45503324.36470239      57733.4291604783       
-91128204.85524046     105161178.4883326      45484353.45438828      57733.4604104783       
-91193964.42104499     105116021.4861692      45465373.10720481      57733.4916604783       
-91259708.34704749     105070815.0904991      45446383.34356514      57733.5229104783       
-91325436.52251105     105025559.1617409      45427384.18764789      57733.5541604783       
-91391148.83558357     104980253.5574517      45408375.66758999      57733.5854104783       
-91456845.17336889     104934898.1320751      45389357.81565097      57733.6166604783       
-91522525.42184794     104889492.7367827      45370330.66843925      57733.6479104783       
-91588189.46588726     104844037.2192328      45351294.26712669      57733.6791604783       
-91653837.18915716     104798531.4233778      45332248.65770935      57733.7104104783       
-91719468.47419584     104752975.1891396      45313193.89124027      57733.7416604783       
-91785083.20233829     104707368.352163       45294130.02412626      57733.7729104783       
-91850681.25364308     104661710.7435435      45275057.11844818      57733.8041604783       
-91916262.50694953     104616002.189429       45255975.24226405      57733.8354104783       
-91981826.8397992      104570242.5106904      45236884.46998313      57733.8666604783       
-92047374.12835443     104524431.5225583      45217784.88277136      57733.8979104783       
-92112904.24744636     104478569.0341236      45198676.56894815      57733.9291604783       
-92178417.07047164     104432654.8479062      45179559.62446906      57733.9604104783       
-92243912.4693734      104386688.759311       45160434.15342209      57733.9916604783       
-92309390.31454395     104340670.5560761      45141300.26862036      57734.0229104783       
-92374850.47481607     104294600.017633       45122158.09212275      57734.0541604783       
-92440292.8173842      104248476.9143968      45103007.75595447      57734.0854104783       
-92505717.20768999     104202301.0070259      45083849.40285083      57734.1166604783       
-92571123.50942855     104156072.0455062      45064683.18702449      57734.1479104783       
-92636511.58440375     104109789.7682424      45045509.27507067      57734.1791604783       
-92701881.29246289     104063453.9009741      45026327.84693719      57734.2104104783       
-92767232.49133287     104017064.1556336      45007139.0970294       57734.2416604783       
-92832565.03659153     103970620.2289513      44987943.23538774      57734.2729104783       
-92897878.78149307     103924121.8009961      44968740.48904558      57734.3041604783       
-92963173.57677868     103877568.533527       44949531.10354424      57734.3354104783       
-93028449.27060118     103830960.0680255      44930315.34458499      57734.3666604783       
-93093705.70829786     103784296.0235731      44911093.49993169      57734.3979104783       
-93158942.73213956     103737575.9944302      44891865.88155359      57734.4291604783       
-93224160.18118499     103690799.5471658      44872632.82800344      57734.4604104783       
-93289357.89095679     103643966.2174848      44853394.7071688       57734.4916604783       
-93354535.69316857     103597075.5064999      44834151.91937529      57734.5229104783       
-93419693.41532093     103550126.8764854      44814904.90096729      57734.5541604783       
-93484830.88039246     103503119.7458212      44795654.12837128      57734.5854104783       
-93549947.90633836     103456053.4831908      44776400.12283466      57734.6166604783       
-93615044.30551626     103408927.4007536      44757143.45592143      57734.6479104783       
-93680119.88415627     103361740.7459605      44737884.75587666      57734.6791604783       
-93745174.44157922     103314492.6919305      44718624.71514647      57734.7104104783       
-93810207.76937345     103267182.3258349      44699364.09922256      57734.7416604783       
-93875219.6503257      103219808.6349276      44680103.75718422      57734.7729104783       
-93940209.85730204     103172370.4893989      44660844.63426574      57734.8041604783       
-94005178.15175186     103124866.6214         44641587.78707027      57734.8354104783       
-94070124.28190294     103077295.5989741      44622334.40208343      57734.8666604783       
-94135047.98069279     103029655.7931956      44603085.81837405      57734.8979104783       
-94199948.96304485     102981945.3365056      44583843.55583482      57734.9291604783       
-94264826.92256634     102934162.0689091      44564609.3506192       57734.9604104783       
-94329681.52727589     102886303.4676022      44545385.20025816      57734.9916604783       
-94394512.41428496     102838366.5530866      44526173.42184884      57735.0229104783       
-94459319.18273059     102790347.7617337      44506976.72838157      57735.0541604783       
-94524101.38441952     102742242.7686253      44487798.33077047      57735.0854104783       
-94588858.51136398     102694046.2346412      44468642.07694458      57735.1166604783       
-94653589.97843178     102645751.4343712      44449512.64623494      57735.1479104783       
-94718295.09897307     102597349.6878306      44430415.82857847      57735.1791604783       
-94782973.04939695     102548829.4530447      44411358.93882167      57735.2104104783       
-94847622.81651914     102500174.7941168      44392351.45510054      57735.2416604783       
-94912243.11669627     102451362.6053941      44373406.04675943      57735.2729104783       
-94976832.27029864     102402357.0857898      44354540.31134374      57735.3041604783       
-95041388.01859105     102353097.1948831      44335779.83083552      57735.3354104783       
-95105907.40342763     102303461.8961123      44317163.26393634      57735.3666604783       
-95134602.48607348     102281189.86252        44308939.99109284      57735.38056497365      
-95162922.77193864     102259020.9374669      44300863.51852459      57735.39429134106      
-95181494.14626779     102244331.4152808      44295584.93666589      57735.40329390519      
-95197746.10109554     102231322.5271321      44290963.34682197      57735.41117181177      
-95208266.67607026     102222786.2809129      44287951.24883155      57735.41626998001      
-95216681.57392533     102215864.8654866      44285504.6266865       57735.42034518921      
-95223802.99579181     102209923.5041335      44283372.38001543      57735.42378999405      
-95228784.09343745     102205719.5938551      44281814.87546214      57735.42619538622      
-95233382.22461069     102201816.4950356      44280297.95822905      57735.42841114473      
-95237965.78371391     102197936.1062489      44278686.99729295      57735.43061425402      
-95242620.71239759     102194049.6209679      44276951.08005578      57735.43284627888      
-95246819.0815779      102190614.7117761      44275324.41896156      57735.43485636079      
-95252439.67359999     102186119.1885458      44273104.71415538      57735.4375457004       
-95257700.78525481     102181995.7141886      44271017.35942503      57735.44006313189      
-95264041.27004194     102177102.2996209      44268511.80780707      57735.44309825016      
-95272948.58039199     102170319.6755043      44265024.72437983      57735.44736481288      
-95284872.70705089     102161341.0679802      44260418.08848647      57735.4530810561       
-95300436.69625288     102149719.5395872      44254494.27134819      57735.46054868221      
-95320422.03773797     102134883.6207869      44247000.21042287      57735.47014589464      
-95346387.51708345     102115683.0704041      44237400.63355348      57735.48262512294      
-95380484.16501591     102090530.0514479      44224960.22497303      57735.49902539111      
-95425609.15180925     102057281.4302939      44208694.68874685      57735.52074748192      
-95485695.44001964     102013017.3355886      44187273.29479911      57735.54969507929      
-95550510.58506522     101965239.5040538      44164371.89283654      57735.58094507929      
-95615281.60522158     101917442.4719174      44141635.01466531      57735.61219507929      
-95680013.39678586     101869612.8219122      44119020.39346087      57735.64344507929      
-95744709.10676311     101821743.173295       44096500.22685614      57735.67469507929      
-95809370.8822536      101773829.1177206      44074055.02431916      57735.70594507929      
-95874000.25011097     101725867.8612209      44051670.46851483      57735.73719507929      
-95938598.32830325     101677857.5518281      44029335.65923237      57735.76844507929      
-96003165.95233949     101629796.9181136      44007042.05994678      57735.79969507929      
-96067703.75501448     101581685.0622965      43984782.83054054      57735.83094507929      
-96132212.21914014     101533521.3355975      43962552.3856241       57735.86219507929      
-96196691.71359307     101485305.2600849      43940346.09147488      57735.89344507929      
-96261142.51890658     101437036.4778355      43918160.05163965      57735.92469507929      
-96325564.84570926     101388714.7170583      43895990.95138106      57735.95594507929      
-96389958.84847157     101340339.768847       43873835.9422337       57735.98719507929      
-96454324.63582461     101291911.4709874      43851692.55470602      57736.01844507929      
-96518662.27863118     101243429.6963265      43829558.63107193      57736.04969507929      
-96582971.81618257     101194894.3444433      43807432.27292117      57736.08094507929      
-96647253.26109928     101146305.335549       43785311.79964942      57736.11219507929      
-96711506.60338163     101097662.605863       43763195.71516557      57736.14344507929      
-96775731.81356834     101048966.1042421      43741082.68097714      57736.17469507929      
-96839928.84539981     101000215.7895678      43718971.49415498      57736.20594507929      
-96904097.63793999     100951411.6288153      43696861.06918063      57736.23719507929      
-96968238.1174794      100902553.5954638      43674750.42279948      57736.26844507929      
-97032350.19900586     100853641.668365       43652638.66137084      57736.29969507929      
-97096433.78752676     100804675.8308045      43630524.97016543      57736.33094507929      
-97160488.7791153      100755656.0698311      43608408.60430352      57736.36219507929      
-97224515.06194249     100706582.3756269      43586288.88096535      57736.39344507929      
-97288512.51705131     100657454.7410995      43564165.17273981      57736.42469507929      
-97352481.01902333     100608273.1615686      43542036.90188266      57736.45594507929      
-97416420.43668261     100559037.6344221      43519903.53529134      57736.48719507929      
-97480330.63358152     100509748.1589455      43497764.58017136      57736.51844507929      
-97544211.4685071      100460404.7361275      43475619.58021558      57736.54969507929      
-97608062.79584725     100411007.368572       43453468.11227563      57736.58094507929      
-97671884.46605188     100361556.0603231      43431309.78337839      57736.61219507929      
-97735676.3259114      100312050.8168292      43409144.22813193      57736.64344507929      
-97799438.21888562     100262491.6448556      43386971.10639398      57736.67469507929      
-97863169.98531698     100212878.5524819      43364790.10122409      57736.70594507929      
-97926871.46275938     100163211.5489958      43342600.91700596      57736.73719507929      
-97990542.48614186     100113490.6449108      43320403.27781203      57736.76844507929      
-98054182.88799721     100063715.8519237      43298196.92590646      57736.79969507929      
-98117792.49858791     100013887.1829465      43275981.6204261       57736.83094507929      
-98181371.14615738     99964004.6520275       43253757.13614128      57736.86219507929      
-98244918.65702643     99914068.27439214      43231523.26238222      57736.89344507929      
-98308434.85576139     99864078.06641717      43209279.80203706      57736.92469507929      
-98371919.56524718     99814034.04567686      43187026.5706711       57736.95594507929      
-98435372.60689121     99763936.23087448      43164763.39567615      57736.98719507929      
-98498793.80066371     99713784.64190976      43142490.11553164      57737.01844507929      
-98562182.96522412     99663579.29984617      43120206.5791511       57737.04969507929      
-98625539.9180705      99613320.22687806      43097912.64521906      57737.08094507929      
-98688864.4755457      99563007.44641036      43075608.18163254      57737.11219507929      
-98752156.45296685     99512640.98302028      43053293.06496902      57737.14344507929      
-98815415.66464661     99462220.86250898      43030967.18002319      57737.17469507929      
-98878641.92405067     99411747.11183599      43008630.41933145      57737.20594507929      
-98941835.04380965     99361219.75917071      42986282.68278218      57737.23719507929      
-99004994.83581167     99310638.83387326      42963923.87722741      57737.26844507929      
-99068121.11120693     99260004.36654539      42941553.91615375      57737.29969507929      
-99131213.68054931     99209316.38896355      42919172.71932907      57737.33094507929      
-99194272.35379431     99158574.93412915      42896780.21252418      57737.36219507929      
-99257296.94037853     99107780.03624757      42874376.32722612      57737.39344507929      
-99320287.24921249     99056931.7307774       42851961.00040226      57737.42469507929      
-99383243.0888107      99006030.05436161      42829534.17423231      57737.45594507929      
-99446164.26727994     98955075.04487576      42807095.79590843      57737.48719507929      
-99509050.59238905     98904066.74140485      42784645.81742053      57737.51844507929      
-99571901.8715532      98853005.18429083      42762184.19538719      57737.54969507929      
-99634717.91195565     98801890.41506124      42739710.89084885      57737.58094507929      
-99697498.52052876     98750722.47647521      42717225.86912491      57737.61219507929      
-99760243.50401649     98699501.41249862      42694729.09965185      57737.64344507929      
-99822952.66895238     98648227.26834899      42672220.55586308      57737.67469507929      
-99885625.82177521     98596900.09042192      42649700.21502785      57737.70594507929      
-99948262.76880404     98545519.92633525      42627168.0581508       57737.73719507929      
-100010863.3162957     98494086.82490163      42604624.06985005      57737.76844507929      
-100073427.2704175     98442600.83617158      42582068.2382743       57737.79969507929      
-100135954.4373584     98391062.01135758      42559500.55497666      57737.83094507929      
-100198444.6232993     98339470.40287602      42536921.01484738      57737.86219507929      
-100260897.6344664     98287826.06431775      42514329.61602291      57737.89344507929      
-100323313.2771005     98236129.05048878      42491726.35983255      57737.92469507929      
-100385691.3575635     98184379.41733249      42469111.25070016      57737.95594507929      
-100448031.6823059     98132577.22196913      42446484.29610355      57737.98719507929      
-100510334.0579776     98080722.52259475      42423845.50652508      57738.01844507929      
-100572598.2912479     98028815.37868603      42401194.89538373      57738.04969507929      
-100634824.1889769     97976855.85084315      42378532.47897819      57738.08094507929      
-100697011.5582375     97924844.00076151      42355858.27648403      57738.11219507929      
-100759160.2063225     97872779.89124359      42333172.30989914      57738.14344507929      
-100821269.9407076     97820663.58623575      42310474.60403571      57738.17469507929      
-100883340.5691528     97768495.15074517      42287765.1864657       57738.20594507929      
-100945371.8996641     97716274.65087542      42265044.08752283      57738.23719507929      
-101007363.7405388     97664002.15378977      42242311.34027831      57738.26844507929      
-101069315.9003265     97611677.72774561      42219566.98055246      57738.29969507929      
-101131228.1879279     97559301.44200867      42196811.04687931      57738.33094507929      
-101193100.4125552     97506873.36688614      42174043.58052764      57738.36219507929      
-101254932.3837749     97454393.57368711      42151264.62549584      57738.39344507929      
-101316723.9114672     97401862.13475446      42128474.22854265      57738.42469507929      
-101378474.8059229     97349279.12337601      42105672.43917087      57738.45594507929      
-101440184.8778022     97296644.61381459      42082859.30966804      57738.48719507929      
-101501853.9381759     97243958.68126565      42060034.89512083      57738.51844507929      
-101563481.7984829     97191221.40188561      42037199.25346605      57738.54969507929      
-101625068.2706262     97138432.85269965      42014352.44549484      57738.58094507929      
-101686613.1669294     97085593.11162835      41991494.53491447      57738.61219507929      
-101748116.3001772     97032702.25744127      41968625.58838463      57738.64344507929      
-101809577.4835713     96979760.36978182      41945745.67559092      57738.67469507929      
-101870996.5308248     96926767.52907036      41922854.86927248      57738.70594507929      
-101932373.2561184     96873723.81652682      41899953.24530819      57738.73719507929      
-101993707.4741246     96820629.31413142      41877040.8827837       57738.76844507929      
-102054999.0000324     96767484.10458452      41854117.86406563      57738.79969507929      
-102116247.6495028     96714288.27132493      41831184.27490958      57738.83094507929      
-102177453.2387609     96661041.89842628      41808240.20452373      57738.86219507929      
-102238615.5845514     96607745.0706123       41785285.74569354      57738.89344507929      
-102299734.5041754     96554397.87319793      41762320.99488406      57738.92469507929      
-102360809.8154453     96501000.39210115      41739346.05238327      57738.95594507929      
-102421841.3367766     96447552.71373184      41716361.02240372      57738.98719507929      
-102482828.8871418     96394054.92499913      41693366.01324739      57739.01844507929      
-102543772.2861076     96340507.11324435      41670361.13745138      57739.04969507929      
-102604671.3537887     96286909.36624381      41647346.51197776      57739.08094507929      
-102665525.9109393     96233261.7720874       41624322.258365        57739.11219507929      
-102726335.7789072     96179564.41917606      41601288.50294682      57739.14344507929      
-102787100.7796699     96125817.39614284      41578245.37705587      57739.17469507929      
-102847820.7357896     96072020.79184343      41555193.01727673      57739.20594507929      
-102908495.4705039     96018174.6952216       41532131.56566533      57739.23719507929      
-102969124.8076803     95964279.19529171      41509061.17004213      57739.26844507929      
-103029708.57184       95910334.38105637      41485981.98428169      57739.29969507929      
-103090246.588181      95856340.34141882      41462894.16862733      57739.33094507929      
-103150738.6825337     95802297.16515113      41439797.89005954      57739.36219507929      
-103211184.6814533     95748204.94073455      41416693.32264164      57739.39344507929      
-103271584.4121772     95694063.75631528      41393580.64795142      57739.42469507929      
-103331937.702663      95639873.69957998      41370460.05551747      57739.45594507929      
-103392244.3815479     95585634.85769695      41347331.74332751      57739.48719507929      
-103452504.2782434     95531347.31712627      41324195.91832865      57739.51844507929      
-103512717.2228964     95477011.16354263      41301052.79702972      57739.54969507929      
-103572883.0464321     95422626.48167442      41277902.60612716      57739.58094507929      
-103633001.5805189     95368193.35520436      41254745.58322392      57739.61219507929      
-103693072.6576687     95313711.86653478      41231581.97756387      57739.64344507929      
-103753096.1112065     95259182.09666069      41208412.05089611      57739.67469507929      
-103813071.7753084     95204604.12496537      41185236.07839872      57739.70594507929      
-103872999.4850445     95149978.02899766      41162054.34969988      57739.73719507929      
-103932879.0763579     95095303.88429031      41138867.17003488      57739.76844507929      
-103992710.3861831     95040581.76403226      41115674.86147419      57739.79969507929      
-104052493.2524358     94985811.73883775      41092477.76434559      57739.83094507929      
-104112227.51409       94930993.87641205      41069276.23878507      57739.86219507929      
-104171913.0111832     94876128.24125768      41046070.66650309      57739.89344507929      
-104231549.5849654     94821214.894219        41022861.45270843      57739.92469507929      
-104291137.0779256     94766253.89210621      40999649.02832781      57739.95594507929      
-104350675.3339        94711245.28720762      40976433.85247916      57739.98719507929      
-104410164.1982843     94656189.12666197      40953216.41524024      57740.01844507929      
-104469603.5179091     94601085.45210075      40929997.24092503      57740.04969507929      
-104528993.1413719     94545934.29880935      40906776.89164753      57740.08094507929      
-104588332.9192573     94490735.69492826      40883555.97146471      57740.11219507929      
-104647622.7043383     94435489.66060653      40860335.13115499      57740.14344507929      
-104706862.3518019     94380196.20705022      40837115.07374471      57740.17469507929      
-104766051.7196704     94324855.33529826      40813896.56086125      57740.20594507929      
-104825190.6691654     94269467.03494523      40790680.42019959      57740.23719507929      
-104884279.0652354     94214031.28258996      40767467.55424663      57740.26844507929      
-104943316.7772077     94158548.0400281       40744258.95057432      57740.29969507929      
-105002303.6795327     94103017.25219576      40721055.69408958      57740.33094507929      
-105061239.6528681     94047438.84460868      40697858.98162614      57740.36219507929      
-105120124.5853        93991812.7204553       40674670.13959041      57740.39344507929      
-105178958.3740028     93936138.75703105      40651490.64537045      57740.42469507929      
-105237740.9272983     93880416.80151168      40628322.15363196      57740.45594507929      
-105296472.1674992     93824646.66566865      40605166.52884436      57740.48719507929      
-105355152.0345155     93768828.11950845      40582025.88610334      57740.51844507929      
-105413780.4907798     93712960.8832881       40558902.64289947      57740.54969507929      
-105472357.5279561     93657044.61746861      40535799.58573447      57740.58094507929      
-105530883.1761714     93601078.90996715      40512719.95723033      57740.61219507929      
-105589357.5172258     93545063.25951409      40489667.57198712      57740.64344507929      
-105647780.7035315     93488997.05388913      40466646.97400628      57740.67469507929      
-105706152.9863249     93432879.54063475      40443663.65557519      57740.70594507929      
-105764474.7588481     93376709.7868875       40420724.37018297      57740.73719507929      
-105822746.6248334     93320486.62293458      40397837.59478004      57740.76844507929      
-105880969.5122948     93264208.56029262      40375014.24005173      57740.79969507929      
-105939144.8726763     93207873.66903755      40352268.79631286      57740.83094507929      
-105997275.054736      93151479.38625498      40329621.29913759      57740.86219507929      
-106055364.0726174     93095022.20326054      40307100.98333401      57740.89344507929      
-106113419.3941483     93038497.13071327      40284753.86686507      57740.92469507929      
-106171456.9555571     92981896.77498977      40262661.27110025      57740.95594507929      
-106208651.2657624     92945586.8391946       40248712.45060556      57740.97596784209      
-106234616.2252258     92920235.72263373      40239132.71268842      57740.989934974        
-106253756.5950468     92901560.13960074      40232200.81515         57741.00021761643      
-106265944.6490899     92889684.75247864      40227873.46827124      57741.00675370328      
-106275630.396489      92880267.51409945      40224505.28040554      57741.01193636096      
-106283131.6722185     92872997.08872454      40221958.33803516      57741.01593836433      
-106288981.2319465     92867352.49034536      40220025.54446872      57741.01904730118      
-106293566.9052535     92862954.22274618      40218556.81109406      57741.02147254803      
-106297197.9614364     92859500.28008109      40217434.71939495      57741.0233807043       
-106300132.8629043     92856740.37362449      40216564.71279648      57741.02491006193      
-106302692.7925686     92854373.70655891      40215843.25404504      57741.02622815914      
-106304498.4500963     92852743.96035318      40215362.08753759      57741.02714302437      
-106305868.8274759     92851543.89017829      40215015.01754998      57741.02782406191      
-106307120.5329335     92850491.56402969      40214710.20857777      57741.0284309455       
-106307951.6669259     92849825.31751893      40214509.45262507      57741.02882316951      
-106308725.5565638     92849232.92251502      40214315.89018078      57741.0291796833       
-106309512.2895136     92848656.53446972      40214101.6067266       57741.02953485938      
-106310230.4133826     92848144.52915068      40213881.61766533      57741.0298561146       
-106310944.0955746     92847637.655366        40213636.7317488       57741.03017654049      
-106311765.4611083     92847045.72663791      40213325.9852382       57741.03055010217      
-106312601.239981      92846428.37194359      40212985.66533433      57741.03093679389      
-106313547.6059833     92845710.18701795      40212580.241424        57741.03138229167      
-106314739.1521592     92844780.44638442      40212050.47234356      57741.03195287161      
-106316250.8249551     92843568.2051421       40211360.10676873      57741.03268870133      
-106318168.5028759     92841991.02379446      40210468.42711304      57741.03363612558      
-106320690.2205687     92839869.3331282       40209282.72043494      57741.03489848693      
-106323953.3423191     92837068.35351998      40207739.24989448      57741.0365507705       
-106328232.9239003     92833330.8822249       40205710.78254081      57741.03873895056      
-106333810.5845148     92828387.12857769      40203068.80879339      57741.04161446763      
-106341133.2275017     92821814.06766215      40199609.14017375      57741.04541598562      
-106350802.2592738     92813039.80618368      40195058.29905342      57741.0504654326       
-106363627.8232973     92801290.80535083      40189049.65703911      57741.05719735553      
-106380708.6149325     92785514.16878285      40181088.12633815      57741.06620214054      
-106403537.4706179     92764273.91310392      40170503.52756875      57741.07828346792      
-106434142.8438389     92735610.8544804       40156388.0193238       57741.09453563815      
-106475298.02875       92696834.45026605      40137502.8957705       57741.1164582404       
-106530789.4333595     92644251.46635966      40112158.57156236      57741.14610455092      
-106589131.8804941     92588690.32124826      40085611.60739863      57741.17735455092      
-106647351.1077802     92533020.76979508      40059189.40254071      57741.20860455092      
-106705465.3610862     92477260.08276589      40032861.99955048      57741.23985455092      
-106763486.1108666     92421419.43194862      40006609.4631984       57741.27110455092      
-106821421.1149027     92365506.57691281      39980417.68235133      57741.30235455092      
-106879275.9038455     92309527.19424261      39954276.20991339      57741.33360455092      
-106937054.5809415     92253485.60486175      39928177.04307857      57741.36485455092      
-106994760.2869062     92197385.20309889      39902113.88509711      57741.39610455092      
-107052395.4868627     92141228.72479688      39876081.67361744      57741.42735455092      
-107109962.1560614     92085018.42280363      39850076.26601138      57741.45860455092      
-107167461.9047948     92028756.1863324       39824094.22185957      57741.48985455092      
-107224896.0653418     91972443.6245956       39798132.64799277      57741.52110455092      
-107282265.753981      91916082.12717816      39772189.08535627      57741.55235455092      
-107339571.9164064     91859672.90850431      39746261.42453972      57741.58360455092      
-107396815.3616411     91803217.0412811       39720347.8415225       57741.61485455092      
-107453996.7877543     91746715.48215714      39694446.74800676      57741.64610455092      
-107511116.8018411     91690169.09155136      39668556.7523886       57741.67735455092      
-107568175.9355568     91633578.64938951      39642676.62877304      57741.70860455092      
-107625174.6574929     91576944.86760478      39616805.2920234       57741.73985455092      
-107682113.3831071     91520268.40021868      39590941.77747375      57741.77110455092      
-107738992.4827086     91463549.85161546      39565085.22430163      57741.80235455092      
-107795812.28811       91406789.78322728      39539234.86170774      57741.83360455092      
-107852573.0980005     91349988.71919042      39513389.99742927      57741.86485455092      
-107909275.182467      91293147.15101522      39487550.00805698      57741.89610455092      
-107965918.7867843     91236265.54151261      39461714.33083697      57741.92735455092      
-108022504.1345459     91179344.32818049      39435882.45671355      57741.95860455092      
-108079031.4304404     91122383.9259685       39410053.92431613      57741.98985455092      
-108135500.8625017     91065384.72976218      39384228.31483003      57742.02110455092      
-108191912.6040949     91008347.1164657       39358405.24753087      57742.05235455092      
-108248266.8156153     90951271.44681405      39332584.3759053       57742.08360455092      
-108304563.645972      90894158.06693563      39306765.38425621      57742.11485455092      
-108360803.233813      90837007.3097779       39280947.98475178      57742.14610455092      
-108416985.7087174     90779819.49623525      39255131.91477402      57742.17735455092      
-108473111.1921183     90722594.9362592       39229316.93462694      57742.20860455092      
-108529179.7981724     90665333.92978042      39203502.8254787       57742.23985455092      
-108585191.6345273     90608036.76752374      39177689.38753038      57742.27110455092      
-108641146.8029369     90550703.73179445      39151876.43840858      57742.30235455092      
-108697045.3999289     90493335.09705655      39126063.81167397      57742.33360455092      
-108752887.5172786     90435931.1305692       39100251.35553461      57742.36485455092      
-108808673.2424884     90378492.09289795      39074438.93166287      57742.39610455092      
-108864402.6592177     90321018.23837277      39048626.41412781      57742.42735455092      
-108920075.8476043     90263509.81556328      39022813.68845714      57742.45860455092      
-108975692.8846752     90205967.06758405      38997000.65073388      57742.48985455092      
-109031253.8445949     90148390.23249194      38971187.20682862      57742.52110455092      
-109086758.7989474     90090779.54358667      38945373.27167529      57742.55235455092      
-109142207.8169913     90033135.22968273      38919558.76861051      57742.58360455092      
-109197600.9658271     89975457.51541981      38893743.62879767      57742.61485455092      
-109252938.310671      89917746.62142186      38867927.79064628      57742.64610455092      
-109308219.9149814     89860002.76456426      38842111.1993329       57742.67735455092      
-109363445.8406328     89802226.15815839      38816293.80633555      57742.70860455092      
-109418616.1480613     89744417.01213251      38790475.56901082      57742.73985455092      
-109473730.8964087     89686575.53318506      38764656.45019916      57742.77110455092      
-109528790.143591      89628701.92498882      38738836.41788861      57742.80235455092      
-109583793.9464831     89570796.38825448      38713015.44485041      57742.83360455092      
-109638742.3609649     89512859.12091194      38687193.50835565      57742.86485455092      
-109693635.4420235     89454890.31821723      38661370.5898869       57742.89610455092      
-109748473.2438456     89396890.17285071      38635546.67487082      57742.92735455092      
-109803255.8198392     89338858.87507157      38609721.75245791      57742.95860455092      
-109857983.2227763     89280796.61273569      38583895.81526375      57742.98985455092      
-109912655.5049207     89222703.57127669      38558068.85920852      57743.02110455092      
-109967272.7177847     89164579.93418637      38532240.88324928      57743.05235455092      
-110021834.9123808     89106425.88282239      38506411.88924419      57743.08360455092      
-110076342.139319      89048241.59641226      38480581.88178734      57743.11485455092      
-110130794.4487404     88990027.25224485      38454750.8680625       57743.14610455092      
-110185191.8904281     88931783.02565543      38428918.85766339      57743.17735455092      
-110239534.5137876     88873509.09013638      38403085.86247983      57743.20860455092      
-110293822.367887      88815205.61737949      38377251.89656509      57743.23985455092      
-110348055.5014944     88756872.77731483      38351416.97601139      57743.27110455092      
-110402233.9630485     88698510.73821177      38325581.1188617       57743.30235455092      
-110456357.8007533     88640119.66664696      38299744.34497228      57743.33360455092      
-110510427.0625436     88581699.72759987      38273906.67593838      57743.36485455092      
-110564441.7961116     88523251.0844809       38248068.1349981       57743.39610455092      
-110618402.048918      88464773.89917037      38222228.74694771      57743.42735455092      
-110672307.868215      88406268.33204235      38196388.53805685      57743.45860455092      
-110726159.3010026     88347734.54205202      38170547.53601711      57743.48985455092      
-110779956.3941105     88289172.68669066      38144705.76983885      57743.52110455092      
-110833699.1941517     88230582.92206967      38118863.26980898      57743.55235455092      
-110887387.7475374     88171965.40293789      38093020.06742489      57743.58360455092      
-110941022.1004787     88113320.28271061      38067176.19533774      57743.61485455092      
-110994602.2989977     88054647.71348426      38041331.68729391      57743.64610455092      
-111048128.3888769     87995947.84611531      38015486.57810825      57743.67735455092      
-111101600.4157303     87937220.83016753      37989640.90358396      57743.70860455092      
-111155018.4249502     87878466.81398878      37963794.70049223      57743.73985455092      
-111208382.4617135     87819685.94472182      37937948.00652636      57743.77110455092      
-111261692.5709759     87760878.36832722      37912100.86026451      57743.80235455092      
-111314948.7974769     87702044.22959247      37886253.30112915      57743.83360455092      
-111368151.1856812     87643183.67220595      37860405.36937747      57743.86485455092      
-111421299.7798446     87584296.83869919      37834557.10603738      57743.89610455092      
-111474394.6239537     87525383.87051965      37808708.55290236      57743.92735455092      
-111527435.7617269     87466444.90803757      37782859.75250018      57743.95860455092      
-111580423.2366026     87407480.09056528      37757010.74806916      57743.98985455092      
-111633357.0916744     87348489.55644542      37731161.58353051      57744.02110455092      
-111686237.3697944     87289473.44290884      37705312.30349158      57744.05235455092      
-111739064.1135227     87230431.88615516      37679462.95319311      57744.08360455092      
-111791837.3650409     87171365.02145097      37653613.57851523      57744.11485455092      
-111844557.1661777     87112272.98309675      37627764.22595684      57744.14610455092      
-111897223.5583921     87053155.90444461      37601914.94262199      57744.17735455092      
-111949836.582768      86994013.91790251      37576065.77620199      57744.20860455092      
-112002396.2799459     86934847.15500423      37550216.77498745      57744.23985455092      
-112054902.6901785     86875655.74634761      37524367.98782459      57744.27110455092      
-112107355.8532604     86816439.82166423      37498519.46412977      57744.30235455092      
-112159755.8085201     86757199.50982367      37472671.25387684      57744.33360455092      
-112212102.5947982     86697934.93885033      37446823.40759118      57744.36485455092      
-112264396.250437      86638646.23592761      37420975.97633938      57744.39610455092      
-112316636.8132081     86579333.52746791      37395129.01174831      57744.42735455092      
-112368824.3203623     86519996.93905075      37369282.56596832      57744.45860455092      
-112420958.808555      86460636.59549302      37343436.6916944       57744.48985455092      
-112473040.3138329     86401252.62085357      37317591.44215982      57744.52110455092      
-112525068.8716071     86341845.13845091      37291746.87113651      57744.55235455092      
-112577044.5166254     86282414.27088144      37265903.03293616      57744.58360455092      
-112628967.2829558     86222960.14002441      37240059.98240661      57744.61485455092      
-112680837.2039081     86163482.86711374      37214217.77495772      57744.64610455092      
-112732654.3120769     86103982.57267742      37188376.46653076      57744.67735455092      
-112784418.6392602     86044459.37660991      37162536.11362579      57744.70860455092      
-112836130.2164397     85984913.39817873      37136696.77330139      57744.73985455092      
-112887789.0737467     85925344.7560446       37110858.50318074      57744.77110455092      
-112939395.240439      85865753.568269        37085021.36145262      57744.80235455092      
-112990948.7448162     85806139.95238858      37059185.40690207      57744.83360455092      
-113042449.6142553     85746504.02535723      37033350.69888409      57744.86485455092      
-113093897.8751233     85686845.90362175      37007517.29735555      57744.89610455092      
-113145293.5527491     85627165.70313174      36981685.26287901      57744.92735455092      
-113196636.671382      85567463.53936344      36955854.65663296      57744.95860455092      
-113247927.2541488     85507739.52734447      36930025.54042267      57744.98985455092      
-113299165.3230217     85447993.78166586      36904197.97668575      57745.02110455092      
-113350350.8987229     85388226.41656193      36878372.02852733      57745.05235455092      
-113401484.0007507     85328437.5458575       36852547.759698        57745.08360455092      
-113452564.6472807     85268627.28304976      36826725.23462988      57745.11485455092      
-113503592.8551268     85208795.74132423      36800904.51844455      57745.14610455092      
-113554568.6396884     85148943.03358538      36775085.67696712      57745.17735455092      
-113605492.0149069     85089069.27247532      36749268.77673499      57745.20860455092      
-113656362.9931601     85029174.57046035      36723453.88503601      57745.23985455092      
-113707181.5852759     84969259.03978533      36697641.06988913      57745.27110455092      
-113757947.8004216     84909322.79256333      36671830.40008339      57745.30235455092      
-113808661.6460527     84849365.94079997      36646021.94518823      57745.33360455092      
-113859323.1278456     84789388.59643283      36620215.77556991      57745.36485455092      
-113909932.2496294     84729390.87137285      36594411.96240827      57745.39610455092      
-113960489.0133254     84669372.87753388      36568610.57770785      57745.42735455092      
-114010993.4188247     84609334.7269319       36542811.69433825      57745.45860455092      
-114061445.4639829     84549276.53165177      36517015.38601657      57745.48985455092      
-114111845.144491      84489198.40395094      36491221.7273479       57745.52110455092      
-114162192.4538039     84429100.45629828      36465430.79383696      57745.55235455092      
-114212487.3830524     84368982.80142906      36439642.66190532      57745.58360455092      
-114262729.9209527     84308845.5524029       36413857.40890866      57745.61485455092      
-114312920.0537235     84248688.82265128      36388075.11314783      57745.64610455092      
-114363057.7649396     84188512.72609536      36362295.85390888      57745.67735455092      
-114413143.0355008     84128317.37713294      36336519.7114443       57745.70860455092      
-114463175.8434775     84068102.89076361      36310746.76701216      57745.73985455092      
-114513156.1640102     84007869.38265042      36284977.10288532      57745.77110455092      
-114563083.9691943     83947616.96919931      36259210.80236586      57745.80235455092      
-114612959.2279581     83887345.76764305      36233447.94979848      57745.83360455092      
-114662781.9059489     83827055.89611636      36207688.63057697      57745.86485455092      
-114712551.9653532     83766747.47380365      36181932.93117877      57745.89610455092      
-114762269.3648309     83706420.62095726      36156180.93913943      57745.92735455092      
-114811934.0593244     83646075.45905648      36130432.74308402      57745.95860455092      
-114861545.9999207     83585712.11090529      36104688.43272717      57745.98985455092      
-114911105.1336374     83525330.70082444      36078948.0988911       57746.02110455092      
-114960611.4034099     83464931.35458533      36053211.83347089      57746.05235455092      
-115010064.7478234     83404514.19966756      36027479.72945593      57746.08360455092      
-115059465.1009276     83344079.36541149      36001751.88092461      57746.11485455092      
-115108812.3920305     83283626.98318824      35976028.383053        57746.14610455092      
-115158106.5455768     83223157.18647699      35950309.33206724      57746.17735455092      
-115207347.4808997     83162670.11108769      35924594.82525008      57746.20860455092      
-115256535.1120222     83102165.89532651      35898884.96091298      57746.23985455092      
-115305669.3474384     83041644.68018648      35873179.83836841      57746.27110455092      
-115354750.0898858     82981106.60954998      35847479.55789571      57746.30235455092      
-115403777.2361183     82920551.83039074      35821784.22069409      57746.33360455092      
-115452750.6766115     82859980.49305788      35796093.92885713      57746.36485455092      
-115501670.2953751     82799392.7514386       35770408.78527954      57746.39610455092      
-115550535.9696367     82738788.76327303      35744728.89361315      57746.42735455092      
-115599347.5695735     82678168.69041787      35719054.35818249      57746.45860455092      
-115648104.9580209     82617532.6991421       35693385.28389426      57746.48985455092      
-115696807.9901701     82556880.96044219      35667721.77613335      57746.52110455092      
-115745456.513253      82496213.65037806      35642063.94064403      57746.55235455092      
-115794050.3662282     82435530.95041786      35616411.88338886      57746.58360455092      
-115842589.3793947     82374833.04787491      35590765.71041867      57746.61485455092      
-115891073.3741125     82314120.13623357      35565125.52766348      57746.64610455092      
-115939502.1623928     82253392.41563912      35539491.44075999      57746.67735455092      
-115987875.5465356     82192650.09334841      35513863.55482479      57746.70860455092      
-116036193.3187432     82131893.38422531      35488241.97420621      57746.73985455092      
-116084455.2607236     82071122.51126942      35462626.80220578      57746.77110455092      
-116132661.1432824     82010337.70618026      35437018.14076622      57746.80235455092      
-116180810.7259172     81949539.20994556      35411416.09011678      57746.83360455092      
-116228903.7563449     81888727.2735378       35385820.74840721      57746.86485455092      
-116276939.9701378     81827902.15851715      35360232.21123759      57746.89610455092      
-116324919.0902384     81767064.13781585      35334650.57119782      57746.92735455092      
-116372840.8265282     81706213.49650273      35309075.91732282      57746.95860455092      
-116420704.875384      81645350.53261188      35283508.3344935       57746.98985455092      
-116468510.9192638     81584475.55797808      35257947.90278849      57747.02110455092      
-116516258.6262002     81523588.89929634      35232394.69670191      57747.05235455092      
-116563947.6494213     81462690.8990396       35206848.78435455      57747.08360455092      
-116611577.6269626     81401781.91648862      35181310.226588        57747.11485455092      
-116659148.1812185     81340862.32893197      35155779.07597861      57747.14610455092      
-116706658.9186538     81279932.53277397      35130255.37569489      57747.17735455092      
-116754109.4294346     81218992.94484848      35104739.15829928      57747.20860455092      
-116801499.2871656     81158044.0037342       35079230.44439491      57747.23985455092      
-116848828.0486752     81097086.17115496      35053729.24114196      57747.27110455092      
-116896095.2538723     81036119.93345106      35028235.54062578      57747.30235455092      
-116943300.4256908     80975145.80312137      35002749.31806464      57747.33360455092      
-116990443.0701514     80914164.32042047      34977270.5298384       57747.36485455092      
-117037522.6764911     80853176.05508944      34951799.11136052      57747.39610455092      
-117084538.7175571     80792181.6080091       34926334.97469077      57747.42735455092      
-117131490.6502591     80731181.61304364      34900878.00599468      57747.45860455092      
-117178377.9162843     80670176.73885716      34875428.06274736      57747.48985455092      
-117225199.9430374     80609167.69077377      34849984.97070516      57747.52110455092      
-117271956.1448549     80548155.21264866      34824548.52062887      57747.55235455092      
-117318645.9245339     80487140.08873041      34799118.46474926      57747.58360455092      
-117365268.6752208     80426123.1454865       34773694.51296905      57747.61485455092      
-117411823.7827201     80365105.25334649      34748276.32879296      57747.64610455092      
-117458310.6282073     80304087.32840589      34722863.5250245       57747.67735455092      
-117504728.591575      80243070.33383691      34697455.65914839      57747.70860455092      
-117551077.0552413     80182055.28122689      34672052.228535        57747.73985455092      
-117597355.408654      80121043.23157242      34646652.66540377      57747.77110455092      
-117643563.0534838     80060035.29593743      34621256.33161933      57747.80235455092      
-117689699.409578      79999032.63567638      34595862.51336668      57747.83360455092      
-117735763.9217316     79938036.46212684      34570470.41577407      57747.86485455092      
-117781756.0673249     79877048.03566475      34545079.15757065      57747.89610455092      
-117827675.3648658     79816068.66400674      34519687.76588797      57747.92735455092      
-117873521.3834726     79755099.69962133      34494295.17133109      57747.95860455092      
-117919293.7532292     79694142.53620221      34468900.20351271      57747.98985455092      
-117964992.1765597     79633198.60386318      34443501.58714339      57748.02110455092      
-118010616.4403334     79572269.36320329      34418097.93900737      57748.05235455092      
-118056166.4287727     79511356.29791306      34392687.76596747      57748.08360455092      
-118101642.1369453     79450460.90590185      34367269.4642892       57748.11485455092      
-118147043.6846481     79389584.68885508      34341841.32054736      57748.14610455092      
-118192371.3304226     79328729.14018075      34316401.51438972      57748.17735455092      
-118237625.4853736     79267895.73135321      34290948.12342753      57748.20860455092      
-118282806.7264184     79207085.89670813      34265479.13049478      57748.23985455092      
-118327915.8084522     79146301.01691134      34239992.4335233       57748.27110455092      
-118372953.6751107     79085542.40111232      34214485.85809471      57748.30235455092      
-118417921.4673808     79024811.26836687      34188957.17286287      57748.33360455092      
-118462820.5296966     78964108.72851399      34163404.10772927      57748.36485455092      
-118507652.4129404     78903435.76306833      34137824.37466218      57748.39610455092      
-118552418.8738979     78842793.20666301      34112215.69087712      57748.42735455092      
-118597121.8707878     78782181.72964467      34086575.80396416      57748.45860455092      
-118641763.5546114     78721601.82244769      34060902.51841274      57748.48985455092      
-118686346.2562144     78661053.78236748      34035193.72286396      57748.52110455092      
-118730872.4691318     78600537.70330736      34009447.4173233       57748.55235455092      
-118775344.8284857     78540053.46897694      33983661.73950085      57748.58360455092      
-118819766.0863197     78479600.74999833      33957834.98947104      57748.61485455092      
-118864139.0841609     78419179.00493282      33931965.65174945      57748.64610455092      
-118908466.7233583     78358787.48556224      33906052.41417763      57748.67735455092      
-118952751.9342418     78298425.24609093      33880094.18292256      57748.70860455092      
-118996997.6449692     78238091.15605643      33854090.09318826      57748.73985455092      
-119041206.7510029     78177783.91648485      33828039.51538371      57748.77110455092      
-119085382.0860993     78117502.07871729      33801942.05669548      57748.80235455092      
-119129526.395588      78057244.06524625      33775797.55820688      57748.83360455092      
-119173642.3125844     77997008.19185708      33749606.08788029      57748.86485455092      
-119217732.3376104     77936792.69036548      33723367.92986345      57748.89610455092      
-119261798.8219397     77876595.73126496      33697083.57068197      57748.92735455092      
-119305843.9547283     77816415.44576317      33670753.68298907      57748.95860455092      
-119349869.7540687     77756249.94648081      33644379.10744184      57748.98985455092      
-119393878.06164       77696097.34659401      33617960.83346132      57749.02110455092      
-119437870.540553      77635955.77732749      33591499.97946316      57749.05235455092      
-119481848.6764641     77575823.40297508      33564997.77302394      57749.08360455092      
-119525813.7812026     77515698.43385303      33538455.53152889      57749.11485455092      
-119569766.9985157     77455579.13713188      33511874.64367393      57749.14610455092      
-119613709.3115747     77395463.84549798      33485256.55209683      57749.17735455092      
-119657641.5518008     77335350.96380749      33458602.73735425      57749.20860455092      
-119701564.4086265     77275238.9738946       33431914.70337821      57749.23985455092      
-119745478.4398585     77215126.43770586      33405193.96447318      57749.27110455092      
-119789384.0822804     77155011.99904633      33378442.03390198      57749.30235455092      
-119833281.6624083     77094894.38392706      33351660.41393561      57749.33360455092      
-119877171.4069753     77034772.399996        33324850.58742331      57749.36485455092      
-119921053.4531481     76974644.9350258       33298014.01069942      57749.39610455092      
-119964927.8582871     76914510.95471732      33271152.10775717      57749.42735455092      
-120008794.6091753     76854369.49995893      33244266.26556747      57749.45860455092      
-120052653.6306554     76794219.6836798       33217357.83042312      57749.48985455092      
-120096504.7936437     76734060.68741553      33190428.10519053      57749.52110455092      
-120140347.9225067     76673891.75768855      33163478.34735451      57749.55235455092      
-120184182.8018029     76613712.20228772      33136509.76774879      57749.58360455092      
-120228009.1824052     76553521.38651748      33109523.52987212      57749.61485455092      
-120271826.7870271     76493318.7294735       33082520.74969927      57749.64610455092      
-120315635.3151948     76433103.70037495      33055502.49589853      57749.67735455092      
-120359434.4476332     76372875.81507353      33028469.79041943      57749.70860455092      
-120403223.8502671     76312634.63255189      33001423.60929441      57749.73985455092      
-120447003.1776569     76252379.75171395      32974364.8837208       57749.77110455092      
-120490772.0760706     76192110.80826654      32947294.50128249      57749.80235455092      
-120534530.1861638     76131827.47178479      32920213.30730642      57749.83360455092      
-120578277.1453129     76071529.44295047      32893122.10631202      57749.86485455092      
-120622012.5896382     76011216.45096309      32866021.66352392      57749.89610455092      
-120665736.1557446     75950888.25112192      32838912.70642266      57749.92735455092      
-120709447.4822136     75890544.62257397      32811795.92631269      57749.95860455092      
-120753146.2108698     75830185.36622244      32784671.9798907       57749.98985455092      
-120796831.9878096     75769810.30285798      32757541.49079281      57750.02110455092      
-120840504.4644001     75709419.27118887      32730405.05114418      57750.05235455092      
-120884163.2979467     75649012.12630595      32703263.22304292      57750.08360455092      
-120927808.1522918     75588588.73816898      32676116.54000817      57750.11485455092      
-120971438.6982716     75528148.99023201      32648965.50842012      57750.14610455092      
-121015054.6141581     75467692.77807195      32621810.60884592      57750.17735455092      
-121058655.5859022     75407220.00826652      32594652.29737653      57750.20860455092      
-121102241.3073507     75346730.59729983      32567491.00687991      57750.23985455092      
-121145811.4803845     75286224.47057422      32540327.1482072       57750.27110455092      
-121189365.8149986     75225701.56150702      32513161.11134546      57750.30235455092      
-121232904.0293301     75165161.81070596      32485993.26651762      57750.33360455092      
-121276425.8496441     75104605.16521701      32458823.9652303       57750.36485455092      
-121319931.0102825     75044031.57783885      32431653.54127081      57750.39610455092      
-121363419.2535823     74983441.0064988       32404482.31165463      57750.42735455092      
-121406890.3297674     74922833.41368496      32377310.57752514      57750.45860455092      
-121450343.9968197     74862208.76593038      32350138.62500708      57750.48985455092      
-121493780.0203324     74801567.03334421      32322966.72601574      57750.52110455092      
-121537198.1733487     74740908.18918674      32295795.13902362      57750.55235455092      
-121580598.2362008     74680232.20946941      32268624.10978029      57750.58360455092      
-121623979.9962859     74619539.07266337      32241453.87202451      57750.61485455092      
-121667343.2479427     74558828.75929748      32214284.6480974       57750.64610455092      
-121710687.7922173     74498101.25173014      32187116.64958252      57750.67735455092      
-121754013.436678      74437356.53387746      32159950.07788174      57750.70860455092      
-121797319.9952194     74376594.5909805       32132785.1247656       57750.73985455092      
-121840607.2878647     74315815.40939605      32105621.97289383      57750.77110455092      
-121883875.1405696     74255018.9764082       32078460.79630745      57750.80235455092      
-121927123.3850273     74194205.28005908      32051301.76089417      57750.83360455092      
-121970351.8584753     74133374.30899692      32024145.02482837      57750.86485455092      
-122013560.4035058     74072526.05234024      31996990.73898721      57750.89610455092      
-122056748.8678781     74011660.49955609      31969839.04734407      57750.92735455092      
-122099917.1043359     73950777.64035174      31942690.08734076      57750.95860455092      
-122143064.9704276     73889877.46457791      31915543.99023949      57750.98985455092      
-122186192.3283311     73828959.96214321      31888400.88145587      57751.02110455092      
-122229299.0446829     73768025.12293799      31861260.88087404      57751.05235455092      
-122272384.9904123     73707072.93676737      31834124.10314485      57751.08360455092      
-122315450.0405783     73646103.39329208      31806990.65796811      57751.11485455092      
-122358494.0742243     73585116.4819624       31779860.65035354      57751.14610455092      
-122401516.9741825     73524112.1920307       31752734.18089888      57751.17735455092      
-122444518.6269891     73463090.51242557      31725611.34599197      57751.20860455092      
-122487498.9226993     73402051.43177581      31698492.23806296      57751.23985455092      
-122530457.7547582     73340994.93836696      31671376.94579306      57751.27110455092      
-122573395.0198669     73279921.02011682      31644265.55431869      57751.30235455092      
-122616310.6178521     73218829.66455477      31617158.14542475      57751.33360455092      
-122659204.4515399     73157720.85880457      31590054.79772807      57751.36485455092      
-122702076.4266347     73096594.58957058      31562955.58685137      57751.39610455092      
-122744926.4516008     73035450.84312655      31535860.58558837      57751.42735455092      
-122787754.437549      72974289.60530722      31508769.86406048      57751.45860455092      
-122830560.2981265     72913110.86150198      31481683.48986558      57751.48985455092      
-122873343.9494103     72851914.59665079      31454601.5282193       57751.52110455092      
-122916105.3098043     72790700.79524167      31427524.04208921      57751.55235455092      
-122958844.29994       72729469.44131003      31400451.09232236      57751.58360455092      
-123001560.8425803     72668220.51843919      31373382.73776651      57751.61485455092      
-123044254.8625258     72606954.00976247      31346319.03538531      57751.64610455092      
-123086926.2865253     72545669.89796601      31319260.04036792      57751.67735455092      
-123129575.0431884     72484368.16529307      31292205.80623321      57751.70860455092      
-123172201.0629003     72423048.79354852      31265156.38492892      57751.73985455092      
-123214804.2777409     72361711.7641048       31238111.82692605      57751.77110455092      
-123257384.6214042     72300357.05790795      31211072.18130865      57751.80235455092      
-123299942.0291218     72238984.6554846       31184037.49585931      57751.83360455092      
-123342476.4375981     72177594.53693455      31157007.81713435      57751.86485455092      
-123384987.7848964     72116186.68199691      31129983.19056652      57751.89610455092      
-123427476.0104295     72054761.06997079      31102963.66050104      57751.92735455092      
-123469941.0548499     71993317.67978182      31075949.27029119      57751.95860455092      
-123512382.8599927     71931856.48997647      31048940.06235904      57751.98985455092      
-123554801.3687161     71870377.47889119      31021936.07826186      57752.02110455092      
-123597196.5250799     71808880.62424815      30994937.35874622      57752.05235455092      
-123639568.2741236     71747365.90343468      30967943.9438106       57752.08360455092      
-123681916.5617733     71685833.29356863      30940955.87276149      57752.11485455092      
-123724241.3348241     71624282.77143437      30913973.18426471      57752.14610455092      
-123766542.5408813     71562714.31349249      30886995.91639559      57752.17735455092      
-123808820.1283029     71501127.89588939      30860024.1066867       57752.20860455092      
-123851074.046142      71439523.4944669       30833057.79217326      57752.23985455092      
-123893304.2440913     71377901.08477217      30806097.00943641      57752.27110455092      
-123935510.6724277     71316260.6420673       30779141.79464437      57752.30235455092      
-123977693.2819575     71254602.14133945      30752192.18359147      57752.33360455092      
-124019852.0239623     71192925.55731061      30725248.21173532      57752.36485455092      
-124061986.8501457     71131230.86444779      30698309.91423208      57752.39610455092      
-124104097.7125798     71069518.03697312      30671377.32596982      57752.42735455092      
-124146184.5636526     71007787.04887411      30644450.48160018      57752.45860455092      
-124188247.3560155     70946037.873914        30617529.41556833      57752.48985455092      
-124230286.0425304     70884270.48564234      30590614.16214111      57752.52110455092      
-124272300.5762179     70822484.85740565      30563704.75543369      57752.55235455092      
-124314290.9102045     70760680.9623583       30536801.22943453      57752.58360455092      
-124356256.9976707     70698858.77347362      30509903.61802876      57752.61485455092      
-124398198.7917977     70637018.26355527      30483011.95502008      57752.64610455092      
-124440116.2457153     70575159.40524884      30456126.27415102      57752.67735455092      
-124482009.3124486     70513282.17105378      30429246.60912177      57752.70860455092      
-124523877.9448642     70451386.5333357       30402372.99360742      57752.73985455092      
-124565722.0956168     70389472.464339        30375505.46127377      57752.77110455092      
-124607541.7170943     70327539.93620011      30348644.04579157      57752.80235455092      
-124649336.7613633     70265588.92096092      30321788.78084926      57752.83360455092      
-124691107.180113      70203619.39058298      30294939.70016418      57752.86485455092      
-124732852.9245988     70141631.31696214      30268096.83749225      57752.89610455092      
-124774573.9455955     70079624.67192911      30241260.2266297       57752.92735455092      
-124816270.1932989     70017599.4273245       30214429.90144506      57752.95860455092      
-124857941.617327      69955555.55492704      30187605.89584585      57752.98985455092      
-124899588.1666794     69893493.02642439      30160788.2438068       57753.02110455092      
-124941209.7895321     69831411.81369071      30133976.97936606      57753.05235455092      
-124982806.4332781     69769311.88862492      30107172.13662425      57753.08360455092      
-125024378.0444832     69707193.22313577      30080373.74974229      57753.11485455092      
-125065924.5687945     69645055.78921136      30053581.85293756      57753.14610455092      
-125107445.950875      69582899.55894214      30026796.48047802      57753.17735455092      
-125148942.1343363     69520724.50454473      30000017.66667427      57753.20860455092      
-125190413.06167       69458530.59838727      29973245.44586948      57753.23985455092      
-125231858.6741782     69396317.81301607      29946479.85242708      57753.27110455092      
-125273278.911902      69334086.12118411      29919720.92071625      57753.30235455092      
-125314673.713549      69271835.49588098      29892968.6850949       57753.33360455092      
-125356043.0164187     69209565.91036451      29866223.17989013      57753.36485455092      
-125397386.7563269     69147277.33819447      29839484.43937611      57753.39610455092      
-125438704.8675286     69084969.75326844      29812752.49774903      57753.42735455092      
-125479997.2826389     69022643.12985907      29786027.38909925      57753.45860455092      
-125521263.9325524     68960297.44265471      29759309.14738032      57753.48985455092      
-125562504.746362      68897932.66680133      29732597.80637471      57753.52110455092      
-125603719.6512747     68835548.7779478       29705893.39965621      57753.55235455092      
-125644908.5725272     68773145.75229321      29679195.96054859      57753.58360455092      
-125686071.4332992     68710723.56663765      29652505.52208064      57753.61485455092      
-125727208.1546262     68648282.19843528      29625822.11693707      57753.64610455092      
-125768318.6553102     68585821.62585114      29599145.77740525      57753.67735455092      
-125809402.8518295     68523341.82782091      29572476.53531748      57753.70860455092      
-125850460.6582478     68460842.78411411      29545814.42198868      57753.73985455092      
-125891491.9861215     68398324.47540119      29519159.468149        57753.77110455092      
-125932496.7444073     68335786.88332427      29492511.70387134      57753.80235455092      
-125973474.8393682     68273229.99057166      29465871.15849349      57753.83360455092      
-126014426.1744797     68210653.78095691      29439237.86053433      57753.86485455092      
-126055350.6503357     68148058.23950195      29412611.83760419      57753.89610455092      
-126096248.1645544     68085443.35252474      29385993.11630885      57753.92735455092      
-126137118.6116846     68022809.10773166      29359381.7221468       57753.95860455092      
-126177961.8831132     67960155.49431461      29332777.67939975      57753.98985455092      
-126218777.8669728     67897482.50305335      29306181.01101566      57754.02110455092      
-126259566.4480525     67834790.12642263      29279591.73848436      57754.05235455092      
-126300327.5077086     67772078.35870503      29253009.88170515      57754.08360455092      
-126341060.92378       67709347.1961088       29226435.45884614      57754.11485455092      
-126381766.5705051     67646596.6368916       29199868.48619506      57754.14610455092      
-126422444.3184429     67583826.68148968      29173308.97800118      57754.17735455092      
-126463094.0343992     67521037.33265275      29146756.94630796      57754.20860455092      
-126503715.5813567     67458228.59558477      29120212.40077614      57754.23985455092      
-126544308.8184119     67395400.47809039      29093675.34849718      57754.27110455092      
-126584873.6007185     67332552.99072719      29067145.7937964       57754.30235455092      
-126625409.7794384     67269686.14696363      29040623.73802598      57754.33360455092      
-126665917.2017017     67206799.96334265      29014109.1793473       57754.36485455092      
-126706395.7105762     67143894.45965077      28987602.1125026       57754.39610455092      
-126746845.1450476     67080969.65909215      28961102.52857584      57754.42735455092      
-126787265.3400123     67018025.58846822      28934610.41474259      57754.45860455092      
-126827656.1262831     66955062.27836137      28908125.75400899      57754.48985455092      
-126868017.3306095     66892079.76332326      28881648.52493985      57754.52110455092      
-126908348.7757143     66829078.08206673      28855178.70137601      57754.55235455092      
-126948650.2803473     66766057.27766089      28828716.25214114      57754.58360455092      
-126988921.6593582     66703017.39772883      28802261.14073836      57754.61485455092      
-127029162.7237895     66639958.49464677      28775813.32503717      57754.64610455092      
-127069373.2809919     66576880.62574422      28749372.75695105      57754.67735455092      
-127109553.1347626     66513783.85350391      28722939.38210675      57754.70860455092      
-127149702.0855089     66450668.24576025      28696513.13950569      57754.73985455092      
-127189819.9304382     66387533.87589542      28670093.96117893      57754.77110455092      
-127229906.4637763     66324380.82303115      28643681.77183652      57754.80235455092      
-127269961.4770148     66261209.17221536      28617276.48851275      57754.83360455092      
-127309984.7591893     66198019.01460135      28590878.02020886      57754.86485455092      
-127349976.0971898     66134810.44761819      28564486.26753476      57754.89610455092      
-127389935.276104      66071583.57513028      28538101.12235194      57754.92735455092      
-127429862.0795943     66008338.50758392      28511722.46741956      57754.95860455092      
-127469756.2903101     65945075.36213908      28485350.17604603      57754.98985455092      
-127509617.6904183     65881794.26261932      28458984.11175329      57755.02110455092      
-127549446.0618694     65818495.34002961      28432624.1279358       57755.05235455092      
-127589241.1870565     65755178.73235314      28406270.06755221      57755.08360455092      
-127629002.8493865     65691844.58455779      28379921.76283475      57755.11485455092      
-127668730.8338649     65628493.0486325       28353579.03498237      57755.14610455092      
-127708424.9276576     65565124.28367031      28327241.69394456      57755.17735455092      
-127748084.9207766     65501738.45576942      28300909.53816705      57755.20860455092      
-127787710.6067476     65438335.73797572      28274582.35440034      57755.23985455092      
-127827301.7833122     65374916.31017452      28248259.91753594      57755.27110455092      
-127866858.2531527     65311480.35894442      28221941.99047992      57755.30235455092      
-127906379.8246352     65248028.07737196      28195628.32406756      57755.33360455092      
-127945866.3125674     65184559.66482514      28169318.65702205      57755.36485455092      
-127985317.5389656     65121075.32668511      28143012.7159606       57755.39610455092      
-128024733.3338262     65057575.27403523      28116710.21545063      57755.42735455092      
-128064113.5358963     64994059.72330699      28090410.85811859      57755.45860455092      
-128103457.9934356     64930528.89588308      28064114.33481346      57755.48985455092      
-128142766.5649667     64866983.01765821      28037820.32482673      57755.52110455092      
-128182039.120003      64803422.31855867      28011528.49616987      57755.55235455092      
-128221275.5397513     64739847.03202245      27985238.50590999      57755.58360455092      
-128260475.7177795     64676257.39444192      27958950.00056364      57755.61485455092      
-128299639.5606441     64612653.64457196      27932662.61654814      57755.64610455092      
-128338766.9884706     64549036.02290658      27906375.98068906      57755.67735455092      
-128377857.9354799     64485404.77102789      27880089.71078209      57755.70860455092      
-128416912.3504558     64421760.13093179      27853803.41620629      57755.73985455092      
-128455930.1971468     64358102.34433449      27827516.69858574      57755.77110455092      
-128494911.4545978     64294431.6519655       27801229.15249549      57755.80235455092      
-128533856.1174087     64230748.29285192      27774940.36620717      57755.83360455092      
-128572764.1959136     64167052.50359971      27748649.92246939      57755.86485455092      
-128611635.7162811     64103344.51767758      27722357.39931716      57755.89610455092      
-128650470.7205316     64039624.56470914      27696062.37090454      57755.92735455092      
-128689269.2664726     63975892.86977908      27669764.4083542       57755.95860455092      
-128728031.4275507     63912149.65275882      27643463.08061739      57755.98985455092      
-128766757.2925895     63848395.12772124      27617157.95534265      57756.02110455092      
-128805446.9655662     63784629.50215472      27590848.59972472      57756.05235455092      
-128844100.5651704     63720852.976488        27564534.58136489      57756.08360455092      
-128882718.2243353     63657065.74356526      27538215.46910922      57756.11485455092      
-128921300.0897182     63593267.98812804      27511890.83386838      57756.14610455092      
-128959846.3211492     63529459.88629594      27485560.24937965      57756.17735455092      
-128998357.0909316     63465641.60524772      27459223.29300276      57756.20860455092      
-129036832.583183      63401813.30280028      27432879.546413        57756.23985455092      
-129075272.9930876     63337975.12711529      27406528.59628648      57756.27110455092      
-129113678.5261209     63274127.21644275      27380170.03493447      57756.30235455092      
-129152049.3972445     63210269.698917        27353803.46089063      57756.33360455092      
-129190385.830079      63146402.69240475      27327428.47944875      57756.36485455092      
-129228688.056061      63082526.304404        27301044.70314969      57756.39610455092      
-129266956.3135916     63018640.63199266      27274651.75221624      57756.42735455092      
-129305190.8471839     62954745.76182492      27248249.25493584      57756.45860455092      
-129343391.9066135     62890841.77017295      27221836.84799112      57756.48985455092      
-129376432.8119117     62835517.652873        27198965.36979907      57756.51690528836      
