400730.1610641142      3.637978807091713e-11  -2.91038304567337e-11  57727                  
400730.7239134078      7.275957614183426e-12  0                      57727.00069444445      
400731.4419376362      -7.275957614183426e-12 0                      57727.00158095954      
400732.2398615625      7.275957614183426e-12  -1.455191522836685e-11 57727.00256693504      
400733.131189996       1.455191522836685e-11  0                      57727.00366934125      
400734.1270151082      -2.182787284255028e-11 -1.455191522836685e-11 57727.00490225861      
400735.2399093275      -1.455191522836685e-11 -1.455191522836685e-11 57727.00628170704      
400736.4840596517      1.455191522836685e-11  0                      57727.00782584328      
400737.875321531       -1.455191522836685e-11 1.455191522836685e-11  57727.0095550663       
400739.4315273847      7.275957614183426e-12  0                      57727.01149244919      
400741.172652123       2.91038304567337e-11   0                      57727.01366400735      
400743.1194590846      2.91038304567337e-11   1.455191522836685e-11  57727.01609708191      
400745.291443532       -7.275957614183426e-12 0                      57727.01881783475      
400747.7140514622      -2.182787284255028e-11 0                      57727.02186037917      
400750.4157448105      -2.182787284255028e-11 -2.91038304567337e-11  57727.02526327121      
400753.428131228       -2.182787284255028e-11 -1.455191522836685e-11 57727.0290698563       
400756.7862440362      -2.182787284255028e-11 -1.455191522836685e-11 57727.03332885278      
400760.5287155767      0                      0                      57727.03809486121      
400764.6983395524      0                      1.455191522836685e-11  57727.04342944722      
400769.3422997072      0                      -1.455191522836685e-11 57727.04940190409      
400774.512230219       -2.91038304567337e-11  1.455191522836685e-11  57727.05608992357      
400780.2650917982      -7.275957614183426e-12 -1.455191522836685e-11 57727.06358148542      
400786.6627966552      -2.182787284255028e-11 0                      57727.07197534459      
400793.7724658341      2.182787284255028e-11  1.455191522836685e-11  57727.08138259644      
400801.6672844844      -7.275957614183426e-12 0                      57727.09192940063      
400810.4251983814      1.455191522836685e-11  0                      57727.10375730064      
400820.1297738152      1.455191522836685e-11  -1.455191522836685e-11 57727.1170270089       
400830.8683996479      7.275957614183426e-12  -2.91038304567337e-11  57727.13191938639      
400842.7323966285      2.182787284255028e-11  0                      57727.14864002142      
400855.8139232085      -1.455191522836685e-11 0                      57727.16742069711      
400870.2048557119      -7.275957614183426e-12 0                      57727.18852536336      
400885.9911861336      1.455191522836685e-11  0                      57727.2122519883       
400903.2498269942      7.275957614183426e-12  -1.455191522836685e-11 57727.23894100459      
400922.0392202634      7.275957614183426e-12  1.455191522836685e-11  57727.26897870984      
400940.8696207844      0                      -1.455191522836685e-11 57727.30022870984      
400958.9643206342      1.455191522836685e-11  -1.455191522836685e-11 57727.33147870984      
400976.3190643373      -2.182787284255028e-11 0                      57727.36272870984      
400992.9295926212      0                      1.455191522836685e-11  57727.39397870984      
401008.7916430745      -1.455191522836685e-11 1.455191522836685e-11  57727.42522870984      
401023.9009507742      -2.182787284255028e-11 0                      57727.45647870984      
401038.2532489184      1.455191522836685e-11  0                      57727.48772870984      
401051.844269498       1.455191522836685e-11  0                      57727.51897870984      
401064.6697439217      1.455191522836685e-11  0                      57727.55022870984      
401076.7254036934      -2.182787284255028e-11 1.455191522836685e-11  57727.58147870984      
401088.0069810615      0                      -1.455191522836685e-11 57727.61272870984      
401098.5102096745      -7.275957614183426e-12 0                      57727.64397870984      
401108.2308252637      7.275957614183426e-12  0                      57727.67522870984      
401117.164566305       0                      -1.455191522836685e-11 57727.70647870984      
401125.3071746866      -2.182787284255028e-11 0                      57727.73772870984      
401132.6543963998      -1.455191522836685e-11 0                      57727.76897870984      
401139.2019822129      1.455191522836685e-11  -1.455191522836685e-11 57727.80022870984      
401144.945688351       2.182787284255028e-11  0                      57727.83147870984      
401149.8812771926      7.275957614183426e-12  2.91038304567337e-11   57727.86272870984      
401154.0045179558      1.455191522836685e-11  -1.455191522836685e-11 57727.89397870984      
401157.3111873894      -2.91038304567337e-11  -1.455191522836685e-11 57727.92522870984      
401159.7970704763      -2.182787284255028e-11 -1.455191522836685e-11 57727.95647870984      
401161.457961127       -3.637978807091713e-11 0                      57727.98772870984      
401162.2896628873      1.455191522836685e-11  -1.455191522836685e-11 57728.01897870984      
401162.2879896417      7.275957614183426e-12  0                      57728.05022870984      
401161.4487663215      -1.818989403545856e-11 0                      57728.08147870984      
401159.7678296175      -1.818989403545856e-11 7.275957614183426e-12  57728.11272870984      
401157.2410286917      7.275957614183426e-12  0                      57728.14397870984      
401153.864225897       -2.546585164964199e-11 -7.275957614183426e-12 57728.17522870984      
401149.6332974927      3.637978807091713e-12  -7.275957614183426e-12 57728.20647870984      
401144.5441343657      3.637978807091713e-12  0                      57728.23772870984      
401138.5926427596      0                      7.275957614183426e-12  57728.26897870984      
401131.7747449928      -1.818989403545856e-11 0                      57728.30022870984      
401124.0863801901      -2.182787284255028e-11 -7.275957614183426e-12 57728.33147870984      
401115.5235050181      -3.637978807091713e-12 0                      57728.36272870984      
401106.0820944078      -1.091393642127514e-11 0                      57728.39397870984      
401095.7581422928      1.091393642127514e-11  0                      57728.42522870984      
401084.5476623544      -1.091393642127514e-11 0                      57728.45647870984      
401072.4466887414      -7.275957614183426e-12 -7.275957614183426e-12 57728.48772870984      
401059.4512768319      -3.637978807091713e-12 0                      57728.51897870984      
401045.557503955       1.455191522836685e-11  7.275957614183426e-12  57728.55022870984      
401030.7614701416      -3.637978807091713e-12 7.275957614183426e-12  57728.58147870984      
401015.059298881       -3.637978807091713e-12 0                      57728.61272870984      
400998.4471378468      -7.275957614183426e-12 0                      57728.64397870984      
400980.9211596538      0                      7.275957614183426e-12  57728.67522870984      
400962.4775626205      -1.818989403545856e-11 -2.182787284255028e-11 57728.70647870984      
400943.1125714955      -1.091393642127514e-11 7.275957614183426e-12  57728.73772870984      
400922.8224382205      -1.455191522836685e-11 7.275957614183426e-12  57728.76897870984      
400901.6034426979      -1.091393642127514e-11 -7.275957614183426e-12 57728.80022870984      
400879.4518935177      3.637978807091713e-12  -1.455191522836685e-11 57728.83147870984      
400856.3641287251      0                      -7.275957614183426e-12 57728.86272870984      
400832.3365165932      -1.091393642127514e-11 0                      57728.89397870984      
400807.3654563498      1.455191522836685e-11  0                      57728.92522870984      
400781.4473789484      0                      7.275957614183426e-12  57728.95647870984      
400754.5787478475      7.275957614183426e-12  7.275957614183426e-12  57728.98772870984      
400726.7560597328      7.275957614183426e-12  7.275957614183426e-12  57729.01897870984      
400697.9758452952      3.637978807091713e-12  -7.275957614183426e-12 57729.05022870984      
400668.2346700125      1.455191522836685e-11  -3.637978807091713e-12 57729.08147870984      
400637.5291348699      -7.275957614183426e-12 3.637978807091713e-12  57729.11272870984      
400605.8558771418      3.637978807091713e-12  3.637978807091713e-12  57729.14397870984      
400573.2115711758      3.637978807091713e-12  -3.637978807091713e-12 57729.17522870984      
400539.5929291119      -1.455191522836685e-11 0                      57729.20647870984      
400504.9967016657      5.456968210637569e-12  3.637978807091713e-12  57729.23772870984      
400469.4196789172      -5.456968210637569e-12 -3.637978807091713e-12 57729.26897870984      
400432.8586910159      1.818989403545856e-12  -3.637978807091713e-12 57729.30022870984      
400395.3106090112      9.094947017729282e-12  -3.637978807091713e-12 57729.33147870984      
400356.7723455555      7.275957614183426e-12  -3.637978807091713e-12 57729.36272870984      
400317.2408556926      -5.456968210637569e-12 -3.637978807091713e-12 57729.39397870984      
400276.7131376491      -3.637978807091713e-12 0                      57729.42522870984      
400235.1862335417      1.818989403545856e-12  0                      57729.45647870984      
400192.6572301665      7.275957614183426e-12  0                      57729.48772870984      
400149.1232597919      1.818989403545856e-12  3.637978807091713e-12  57729.51897870984      
400104.5815008611      1.818989403545856e-12  -1.818989403545856e-12 57729.55022870984      
400059.0291787818      -2.728484105318785e-12 0                      57729.58147870984      
400012.463566721       3.637978807091713e-12  -3.637978807091713e-12 57729.61272870984      
399964.8819863         -9.094947017729282e-13 0                      57729.64397870984      
399916.2818083863      9.094947017729282e-13  0                      57729.67522870984      
399866.6604538874      -3.637978807091713e-12 0                      57729.70647870984      
399816.0153944403      1.818989403545856e-12  1.818989403545856e-12  57729.73772870984      
399764.3441532025      9.094947017729282e-13  0                      57729.76897870984      
399711.6443056459      1.364242052659392e-12  0                      57729.80022870984      
399657.9134802393      4.547473508864641e-13  -9.094947017729282e-13 57729.83147870984      
399603.1493592387      4.547473508864641e-13  -9.094947017729282e-13 57729.86272870984      
399547.34967948        0                      4.547473508864641e-13  57729.89397870984      
399490.5122330545      0                      0                      57729.92522870984      
399432.6348680975      3.410605131648481e-13  0                      57729.95647870984      
399373.7154895793      -5.684341886080801e-14 5.684341886080801e-14  57729.98772870984      
399313.7520599735      1.023181539494544e-12  0                      57730.01897870984      
399252.7426000423      -1.023181539494544e-12 4.547473508864641e-13  57730.05022870984      
399190.6851896268      -1.364242052659392e-12 0                      57730.08147870984      
399127.5779683054      -1.818989403545856e-12 -9.094947017729282e-13 57730.11272870984      
399063.4191361778      2.273736754432321e-12  0                      57730.14397870984      
398998.2069546515      -9.094947017729282e-13 9.094947017729282e-13  57730.17522870984      
398931.9397470916      -1.818989403545856e-12 0                      57730.20647870984      
398864.615899601       -9.094947017729282e-13 2.728484105318785e-12  57730.23772870984      
398796.2338618052      1.818989403545856e-12  0                      57730.26897870984      
398726.7921474899      -9.094947017729282e-13 0                      57730.30022870984      
398656.2893353794      4.547473508864641e-12  3.637978807091713e-12  57730.33147870984      
398584.7240699161      5.456968210637569e-12  -1.818989403545856e-12 57730.36272870984      
398512.0950618887      1.818989403545856e-12  -1.818989403545856e-12 57730.39397870984      
398438.4010892059      -6.366462912410498e-12 0                      57730.42522870984      
398363.6409976707      -3.637978807091713e-12 0                      57730.45647870984      
398287.8137015986      -5.456968210637569e-12 3.637978807091713e-12  57730.48772870984      
398210.9181845852      -1.818989403545856e-12 7.275957614183426e-12  57730.51897870984      
398132.9535002766      -3.637978807091713e-12 0                      57730.55022870984      
398053.918772974       7.275957614183426e-12  3.637978807091713e-12  57730.58147870984      
397973.8131983975      -7.275957614183426e-12 0                      57730.61272870984      
397892.6360444497      -7.275957614183426e-12 -3.637978807091713e-12 57730.64397870984      
397810.3866518085      0                      0                      57730.67522870984      
397727.0644346837      3.637978807091713e-12  3.637978807091713e-12  57730.70647870984      
397642.6688815745      0                      3.637978807091713e-12  57730.73772870984      
397557.1995558499      3.637978807091713e-12  -3.637978807091713e-12 57730.76897870984      
397470.6560964972      -3.637978807091713e-12 0                      57730.80022870984      
397383.0382188734      0                      3.637978807091713e-12  57730.83147870984      
397294.3457152708      1.818989403545856e-12  -3.637978807091713e-12 57730.86272870984      
397204.5784556584      -3.637978807091713e-12 -3.637978807091713e-12 57730.89397870984      
397113.7363884259      7.275957614183426e-12  3.637978807091713e-12  57730.92522870984      
397021.8195409334      1.818989403545856e-11  0                      57730.95647870984      
396928.8280202461      -7.275957614183426e-12 0                      57730.98772870984      
396834.7620138683      0                      0                      57731.01897870984      
396739.6217902789      1.455191522836685e-11  0                      57731.05022870984      
396643.407699656       7.275957614183426e-12  7.275957614183426e-12  57731.08147870984      
396546.1201746027      0                      0                      57731.11272870984      
396447.7597306658      -1.818989403545856e-11 -7.275957614183426e-12 57731.14397870984      
396348.3269670507      1.818989403545856e-11  0                      57731.17522870984      
396247.8225673375      1.455191522836685e-11  0                      57731.20647870984      
396146.2472999823      1.091393642127514e-11  -7.275957614183426e-12 57731.23772870984      
396043.6020190218      0                      1.455191522836685e-11  57731.26897870984      
395939.8876647786      3.637978807091713e-12  7.275957614183426e-12  57731.30022870984      
395835.105264345       0                      -7.275957614183426e-12 57731.33147870984      
395729.2559322757      -7.275957614183426e-12 0                      57731.36272870984      
395622.3408712817      -7.275957614183426e-12 -7.275957614183426e-12 57731.39397870984      
395514.3613726958      7.275957614183426e-12  0                      57731.42522870984      
395405.3188171528      7.275957614183426e-12  -7.275957614183426e-12 57731.45647870984      
395295.2146752714      -3.637978807091713e-12 0                      57731.48772870984      
395184.0505080991      7.275957614183426e-12  -7.275957614183426e-12 57731.51897870984      
395071.8279678072      -1.091393642127514e-11 7.275957614183426e-12  57731.55022870984      
394958.5487982269      7.275957614183426e-12  7.275957614183426e-12  57731.58147870984      
394844.2148355368      1.455191522836685e-11  0                      57731.61272870984      
394728.8280086828      3.637978807091713e-12  0                      57731.64397870984      
394612.3903400259      0                      0                      57731.67522870984      
394494.9039459916      7.275957614183426e-12  0                      57731.70647870984      
394376.371037466       -1.091393642127514e-11 -1.455191522836685e-11 57731.73772870984      
394256.7939204312      7.275957614183426e-12  1.455191522836685e-11  57731.76897870984      
394136.1749965965      3.274180926382542e-11  0                      57731.80022870984      
394014.516763774       2.91038304567337e-11   0                      57731.83147870984      
393891.8218164961      -1.455191522836685e-11 7.275957614183426e-12  57731.86272870984      
393768.0928466317      -1.818989403545856e-11 0                      57731.89397870984      
393643.3326437377      7.275957614183426e-12  0                      57731.92522870984      
393517.5440956589      1.091393642127514e-11  0                      57731.95647870984      
393390.7301891276      0                      0                      57731.98772870984      
393262.8940100893      7.275957614183426e-12  1.455191522836685e-11  57732.01897870984      
393134.0387442861      -7.275957614183426e-12 -2.91038304567337e-11  57732.05022870984      
393004.1676778357      0                      -1.455191522836685e-11 57732.08147870984      
392873.2841975334      1.455191522836685e-11  1.455191522836685e-11  57732.11272870984      
392741.3917914147      2.182787284255028e-11  -2.91038304567337e-11  57732.14397870984      
392608.4940493156      2.182787284255028e-11  -1.455191522836685e-11 57732.17522870984      
392474.5946631471      0                      0                      57732.20647870984      
392339.6974274697      -1.455191522836685e-11 -1.455191522836685e-11 57732.23772870984      
392203.8062398745      0                      1.455191522836685e-11  57732.26897870984      
392066.9251015455      -7.275957614183426e-12 -1.455191522836685e-11 57732.30022870984      
391929.0581174984      -2.182787284255028e-11 0                      57732.33147870984      
391790.2094970923      0                      -1.455191522836685e-11 57732.36272870984      
391650.3835545403      -1.455191522836685e-11 -1.455191522836685e-11 57732.39397870984      
391509.5847091171      -7.275957614183426e-12 1.455191522836685e-11  57732.42522870984      
391367.81748565        7.275957614183426e-12  2.91038304567337e-11   57732.45647870984      
391225.086515003       2.182787284255028e-11  -1.455191522836685e-11 57732.48772870984      
391081.3965342554      -1.455191522836685e-11 0                      57732.51897870984      
390936.7523871671      2.91038304567337e-11   1.455191522836685e-11  57732.55022870984      
390791.1590246419      7.275957614183426e-12  0                      57732.58147870984      
390644.6215048718      2.91038304567337e-11   0                      57732.61272870984      
390497.1449937747      -1.455191522836685e-11 -1.455191522836685e-11 57732.64397870984      
390348.7347654292      -2.182787284255028e-11 1.455191522836685e-11  57732.67522870984      
390199.3962021885      0                      1.455191522836685e-11  57732.70647870984      
390049.1347951271      -1.455191522836685e-11 0                      57732.73772870984      
389897.9561442723      -2.182787284255028e-11 0                      57732.76897870984      
389745.8659590337      -5.093170329928398e-11 0                      57732.80022870984      
389592.8700582723      -7.275957614183426e-12 0                      57732.83147870984      
389438.9743706731      -7.275957614183426e-12 -1.455191522836685e-11 57732.86272870984      
389284.1849351116      -2.182787284255028e-11 2.91038304567337e-11   57732.89397870984      
389128.5079006868      -7.275957614183426e-12 0                      57732.92522870984      
388971.9495270624      -7.275957614183426e-12 1.455191522836685e-11  57732.95647870984      
388814.516184803       -7.275957614183426e-12 -1.455191522836685e-11 57732.98772870984      
388656.2143553682      2.182787284255028e-11  1.455191522836685e-11  57733.01897870984      
388497.0506314231      -2.182787284255028e-11 -1.455191522836685e-11 57733.05022870984      
388337.0317171408      2.91038304567337e-11   2.91038304567337e-11   57733.08147870984      
388176.164428158       0                      0                      57733.11272870984      
388014.4556918895      -2.91038304567337e-11  0                      57733.14397870984      
387851.912547607       -7.275957614183426e-12 -4.365574568510056e-11 57733.17522870984      
387688.5421467333      1.455191522836685e-11  0                      57733.20647870984      
387524.3517527425      -1.455191522836685e-11 -1.455191522836685e-11 57733.23772870984      
387359.3487413907      2.182787284255028e-11  -1.455191522836685e-11 57733.26897870984      
387193.5406009344      -7.275957614183426e-12 1.455191522836685e-11  57733.30022870984      
387026.9349319907      -2.91038304567337e-11  -1.455191522836685e-11 57733.33147870984      
386859.5394477288      1.455191522836685e-11  -1.455191522836685e-11 57733.36272870984      
386691.3619740507      0                      1.455191522836685e-11  57733.39397870984      
386522.4104494076      -7.275957614183426e-12 -1.455191522836685e-11 57733.42522870984      
386352.6929249915      4.365574568510056e-11  -1.455191522836685e-11 57733.45647870984      
386182.2175646786      7.275957614183426e-12  0                      57733.48772870984      
386010.9926451956      7.275957614183426e-12  1.455191522836685e-11  57733.51897870984      
385839.0265558753      -1.455191522836685e-11 0                      57733.55022870984      
385666.3277987537      0                      -2.91038304567337e-11  57733.58147870984      
385492.9049886547      -7.275957614183426e-12 1.455191522836685e-11  57733.61272870984      
385318.7668528986      0                      0                      57733.64397870984      
385143.9222313556      2.182787284255028e-11  0                      57733.67522870984      
384968.3800764867      0                      -1.455191522836685e-11 57733.70647870984      
384792.149453003       -5.820766091346741e-11 0                      57733.73772870984      
384615.2395379153      -5.093170329928398e-11 1.455191522836685e-11  57733.76897870984      
384437.659620323       -3.637978807091713e-11 0                      57733.80022870984      
384259.4191014353      7.275957614183426e-12  -1.455191522836685e-11 57733.83147870984      
384080.5274941616      3.637978807091713e-11  -1.455191522836685e-11 57733.86272870984      
383900.994423057       2.91038304567337e-11   -2.91038304567337e-11  57733.89397870984      
383720.8296242545      2.182787284255028e-11  -1.455191522836685e-11 57733.92522870984      
383540.0429450023      -7.275957614183426e-12 1.455191522836685e-11  57733.95647870984      
383358.6443435602      2.182787284255028e-11  0                      57733.98772870984      
383176.6438890813      -2.182787284255028e-11 0                      57734.01897870984      
382994.0517610953      2.91038304567337e-11   -2.91038304567337e-11  57734.05022870984      
382810.8782493967      2.91038304567337e-11   -2.91038304567337e-11  57734.08147870984      
382627.1337536599      3.637978807091713e-11  0                      57734.11272870984      
382442.8287832949      7.275957614183426e-12  -1.455191522836685e-11 57734.14397870984      
382257.9739568541      2.91038304567337e-11   0                      57734.17522870984      
382072.5800018074      7.275957614183426e-12  0                      57734.20647870984      
381886.6577542989      3.637978807091713e-11  -2.91038304567337e-11  57734.23772870984      
381700.2181584979      7.275957614183426e-12  0                      57734.26897870984      
381513.2722663597      2.182787284255028e-11  0                      57734.30022870984      
381325.8312371104      2.182787284255028e-11  2.91038304567337e-11   57734.33147870984      
381137.9063369719      -1.455191522836685e-11 -1.455191522836685e-11 57734.36272870984      
380949.5089384316      -7.275957614183426e-12 0                      57734.39397870984      
380760.6505198842      -3.637978807091713e-11 1.455191522836685e-11  57734.42522870984      
380571.3426652558      2.182787284255028e-11  1.455191522836685e-11  57734.45647870984      
380381.597063211       1.455191522836685e-11  2.91038304567337e-11   57734.48772870984      
380191.4255067359      2.182787284255028e-11  2.91038304567337e-11   57734.51897870984      
380000.8398927005      7.275957614183426e-12  -2.91038304567337e-11  57734.55022870984      
379809.8522210039      7.275957614183426e-12  2.91038304567337e-11   57734.58147870984      
379618.474594139       1.455191522836685e-11  2.91038304567337e-11   57734.61272870984      
379426.719216471       -7.275957614183426e-12 2.91038304567337e-11   57734.64397870984      
379234.5983937629      2.182787284255028e-11  -2.91038304567337e-11  57734.67522870984      
379042.1245322317      -1.455191522836685e-11 0                      57734.70647870984      
378849.3101379851      -1.455191522836685e-11 2.91038304567337e-11   57734.73772870984      
378656.1678164375      7.275957614183426e-12  0                      57734.76897870984      
378462.7102713006      -7.275957614183426e-12 0                      57734.80022870984      
378268.9503039987      2.182787284255028e-11  0                      57734.83147870984      
378074.9008127945      2.182787284255028e-11  0                      57734.86272870984      
377880.5747921611      3.637978807091713e-11  0                      57734.89397870984      
377685.9853316811      1.455191522836685e-11  0                      57734.92522870984      
377491.1456153287      -1.455191522836685e-11 0                      57734.95647870984      
377296.0689207289      0                      -2.91038304567337e-11  57734.98772870984      
377100.7686179871      -7.275957614183426e-12 -2.91038304567337e-11  57735.01897870984      
376905.2581689474      7.275957614183426e-12  2.91038304567337e-11   57735.05022870984      
376709.5511261561      -7.275957614183426e-12 0                      57735.08147870984      
376513.6611320743      2.91038304567337e-11   0                      57735.11272870984      
376317.6019178113      0                      -2.91038304567337e-11  57735.14397870984      
376121.3873022441      3.637978807091713e-11  0                      57735.17522870984      
375925.0311911149      7.275957614183426e-12  -2.91038304567337e-11  57735.20647870984      
375728.5475756908      -2.546585164964199e-11 0                      57735.23772870984      
375531.9505318585      3.637978807091713e-12  0                      57735.26897870984      
375335.2542189193      -7.275957614183426e-12 -2.91038304567337e-11  57735.30022870984      
375138.472878635       0                      0                      57735.33147870984      
374941.620833791       3.637978807091713e-12  0                      57735.36272870984      
374744.7124871468      -2.182787284255028e-11 -2.91038304567337e-11  57735.39397870984      
374547.7623203636      -1.818989403545856e-11 0                      57735.42522870984      
374350.784892492       1.455191522836685e-11  -2.91038304567337e-11  57735.45647870984      
374153.7948388958      -3.637978807091713e-12 -2.91038304567337e-11  57735.48772870984      
373956.8068698744      -3.637978807091713e-12 -2.91038304567337e-11  57735.51897870984      
373759.835769536       3.637978807091713e-12  -2.91038304567337e-11  57735.55022870984      
373562.8963941872      0                      -2.91038304567337e-11  57735.58147870984      
373366.0036711562      1.455191522836685e-11  0                      57735.61272870984      
373169.1725973151      7.275957614183426e-12  0                      57735.64397870984      
372972.4182378537      1.091393642127514e-11  2.91038304567337e-11   57735.67522870984      
372775.7557245684      -3.637978807091713e-12 -2.91038304567337e-11  57735.70647870984      
372579.2002545389      -1.455191522836685e-11 2.91038304567337e-11   57735.73772870984      
372382.7670887795      7.275957614183426e-12  0                      57735.76897870984      
372186.4715504546      0                      0                      57735.80022870984      
371990.3290235239      -3.637978807091713e-12 0                      57735.83147870984      
371794.3549510907      -1.091393642127514e-11 -2.91038304567337e-11  57735.86272870984      
371598.5648339981      -3.637978807091713e-12 0                      57735.89397870984      
371402.9742289431      0                      2.91038304567337e-11   57735.92522870984      
371207.5987470226      -7.275957614183426e-12 2.91038304567337e-11   57735.95647870984      
371012.4540519817      0                      -2.91038304567337e-11  57735.98772870984      
370817.5558587078      7.275957614183426e-12  0                      57736.01897870984      
370622.9199312469      -1.818989403545856e-11 0                      57736.05022870984      
370428.5620812044      -3.637978807091713e-12 0                      57736.08147870984      
370234.4981661191      1.091393642127514e-11  -2.91038304567337e-11  57736.11272870984      
370040.7440874064      0                      0                      57736.14397870984      
369847.3157887296      0                      2.91038304567337e-11   57736.17522870984      
369654.2292540745      1.091393642127514e-11  0                      57736.20647870984      
369461.500506071       -3.637978807091713e-12 -2.91038304567337e-11  57736.23772870984      
369269.1456038406      -1.2732925824821e-11   2.91038304567337e-11   57736.26897870984      
369077.1806412688      -1.818989403545856e-12 -2.91038304567337e-11  57736.30022870984      
368885.6217449851      -3.637978807091713e-12 0                      57736.33147870984      
368694.4850725874      0                      0                      57736.36272870984      
368503.7868103957      3.637978807091713e-12  2.91038304567337e-11   57736.39397870984      
368313.5431715857      0                      0                      57736.42522870984      
368123.770394297       -1.091393642127514e-11 2.91038304567337e-11   57736.45647870984      
367934.4847393198      0                      0                      57736.48772870984      
367745.7024882114      -1.818989403545856e-12 -2.91038304567337e-11  57736.51897870984      
367557.4399411167      -5.456968210637569e-12 -2.91038304567337e-11  57736.55022870984      
367369.7134147798      1.818989403545856e-12  2.91038304567337e-11   57736.58147870984      
367182.5392401909      -5.456968210637569e-12 -2.91038304567337e-11  57736.61272870984      
366995.9337606042      1.818989403545856e-12  2.91038304567337e-11   57736.64397870984      
366809.9133292697      1.818989403545856e-12  0                      57736.67522870984      
366624.4943074042      9.094947017729282e-13  -5.820766091346741e-11 57736.70647870984      
366439.6930617082      0                      -2.91038304567337e-11  57736.73772870984      
366255.5259622986      -9.094947017729282e-13 2.91038304567337e-11   57736.76897870984      
366072.0093803587      -1.818989403545856e-12 2.91038304567337e-11   57736.80022870984      
365889.1596860284      1.818989403545856e-12  2.91038304567337e-11   57736.83147870984      
365706.9932458462      0                      2.91038304567337e-11   57736.86272870984      
365525.5264205591      -4.547473508864641e-13 0                      57736.89397870984      
365344.7755629099      0                      0                      57736.92522870984      
365164.7570150277      0                      0                      57736.95647870984      
364985.4871062227      3.410605131648481e-13  -2.91038304567337e-11  57736.98772870984      
364806.9821505114      2.273736754432321e-13  0                      57737.01897870984      
364629.2584443744      -7.958078640513122e-13 -2.91038304567337e-11  57737.05022870984      
364452.3322640823      -2.046363078989089e-12 0                      57737.08147870984      
364276.2198634214      -3.637978807091713e-12 0                      57737.11272870984      
364100.9374711555      4.547473508864641e-13  2.91038304567337e-11   57737.14397870984      
363926.5012887176      2.728484105318785e-12  0                      57737.17522870984      
363752.9274874791      0                      0                      57737.20647870984      
363580.2322064143      -4.547473508864641e-12 0                      57737.23772870984      
363408.431549506       3.637978807091713e-12  2.91038304567337e-11   57737.26897870984      
363237.5415833793      -5.456968210637569e-12 0                      57737.30022870984      
363067.5783345233      0                      0                      57737.33147870984      
362898.5577869017      4.547473508864641e-12  0                      57737.36272870984      
362730.4958793111      -9.094947017729282e-13 2.91038304567337e-11   57737.39397870984      
362563.4085029671      -5.456968210637569e-12 0                      57737.42522870984      
362397.3114986859      -3.637978807091713e-12 0                      57737.45647870984      
362232.2206544515      3.637978807091713e-12  -2.91038304567337e-11  57737.48772870984      
362068.151702737       5.456968210637569e-12  0                      57737.51897870984      
361905.12031805        9.094947017729282e-12  0                      57737.55022870984      
361743.142114088       -5.456968210637569e-12 0                      57737.58147870984      
361582.2326412687      5.456968210637569e-12  2.91038304567337e-11   57737.61272870984      
361422.4073840271      0                      0                      57737.64397870984      
361263.6817583304      1.818989403545856e-12  2.91038304567337e-11   57737.67522870984      
361106.0711088163      -1.818989403545856e-12 -2.91038304567337e-11  57737.70647870984      
360949.5907063         -7.275957614183426e-12 0                      57737.73772870984      
360794.255745056       7.275957614183426e-12  0                      57737.76897870984      
360640.0813403142      5.456968210637569e-12  2.91038304567337e-11   57737.80022870984      
360487.0825253938      1.818989403545856e-12  0                      57737.83147870984      
360335.2742491977      3.637978807091713e-12  -2.91038304567337e-11  57737.86272870984      
360184.6713734907      1.455191522836685e-11  0                      57737.89397870984      
360035.288670389       -7.275957614183426e-12 -2.91038304567337e-11  57737.92522870984      
359887.1408195021      -3.637978807091713e-12 2.91038304567337e-11   57737.95647870984      
359740.242405426       -7.275957614183426e-12 0                      57737.98772870984      
359594.6079150313      -2.182787284255028e-11 0                      57738.01897870984      
359450.2517349583      0                      0                      57738.05022870984      
359307.1881487791      -1.091393642127514e-11 0                      57738.08147870984      
359165.4313345033      1.091393642127514e-11  2.91038304567337e-11   57738.11272870984      
359024.9953618884      -7.275957614183426e-12 0                      57738.14397870984      
358885.8941899539      0                      -2.91038304567337e-11  57738.17522870984      
358748.1416641765      7.275957614183426e-12  0                      57738.20647870984      
358611.7515140222      -7.275957614183426e-12 0                      57738.23772870984      
358476.7373502925      -3.637978807091713e-11 -2.91038304567337e-11  57738.26897870984      
358343.1126626696      -1.091393642127514e-11 0                      57738.30022870984      
358210.8908169608      3.637978807091713e-12  0                      57738.33147870984      
358080.0850526691      -2.546585164964199e-11 2.91038304567337e-11   57738.36272870984      
357950.7084803886      7.275957614183426e-12  0                      57738.39397870984      
357822.7740793964      3.637978807091713e-12  2.91038304567337e-11   57738.42522870984      
357696.2946949596      -7.275957614183426e-12 0                      57738.45647870984      
357571.2830359568      0                      2.91038304567337e-11   57738.48772870984      
357447.75167234        1.091393642127514e-11  0                      57738.51897870984      
357325.7130327847      1.455191522836685e-11  2.91038304567337e-11   57738.55022870984      
357205.1794020736      3.637978807091713e-12  0                      57738.58147870984      
357086.1629187863      1.091393642127514e-11  0                      57738.61272870984      
356968.6755728379      1.455191522836685e-11  -2.91038304567337e-11  57738.64397870984      
356852.7292032044      -1.091393642127514e-11 0                      57738.67522870984      
356738.335495397       -1.091393642127514e-11 2.91038304567337e-11   57738.70647870984      
356625.5059792325      -3.637978807091713e-12 2.91038304567337e-11   57738.73772870984      
356514.2520264655      0                      0                      57738.76897870984      
356404.5848486012      -7.275957614183426e-12 0                      57738.80022870984      
356296.5154944754      -7.275957614183426e-12 0                      57738.83147870984      
356190.0548481199      -1.091393642127514e-11 -2.91038304567337e-11  57738.86272870984      
356085.2136265268      1.455191522836685e-11  -2.91038304567337e-11  57738.89397870984      
355982.0023774406      0                      -2.91038304567337e-11  57738.92522870984      
355880.4314773015      -2.182787284255028e-11 -2.91038304567337e-11  57738.95647870984      
355780.5111289774      -7.275957614183426e-12 -1.455191522836685e-11 57738.98772870984      
355682.2513597679      -3.637978807091713e-11 1.455191522836685e-11  57739.01897870984      
355585.6620192961      1.455191522836685e-11  0                      57739.05022870984      
355490.7527775707      2.182787284255028e-11  0                      57739.08147870984      
355397.5331228548      2.182787284255028e-11  0                      57739.11272870984      
355306.0123597954      2.91038304567337e-11   -1.455191522836685e-11 57739.14397870984      
355216.1996074541      0                      0                      57739.17522870984      
355128.1037974998      3.637978807091713e-11  0                      57739.20647870984      
355041.733672229       7.275957614183426e-12  0                      57739.23772870984      
354957.0977828331      1.455191522836685e-11  1.455191522836685e-11  57739.26897870984      
354874.2044875994      7.275957614183426e-12  0                      57739.30022870984      
354793.0619501518      -5.093170329928398e-11 -2.91038304567337e-11  57739.33147870984      
354713.6781378263      -1.455191522836685e-11 1.455191522836685e-11  57739.36272870984      
354636.0608198977      1.455191522836685e-11  1.455191522836685e-11  57739.39397870984      
354560.217566036       -3.637978807091713e-11 -1.455191522836685e-11 57739.42522870984      
354486.1557446938      -2.182787284255028e-11 -1.455191522836685e-11 57739.45647870984      
354413.8825216394      -1.455191522836685e-11 0                      57739.48772870984      
354343.4048583619      2.182787284255028e-11  2.91038304567337e-11   57739.51897870984      
354274.7295106924      2.182787284255028e-11  -1.455191522836685e-11 57739.55022870984      
354207.8630273668      1.455191522836685e-11  0                      57739.58147870984      
354142.8117487297      -2.182787284255028e-11 0                      57739.61272870984      
354079.5818053273      -2.182787284255028e-11 -1.455191522836685e-11 57739.64397870984      
354018.1791167024      -7.275957614183426e-12 -1.455191522836685e-11 57739.67522870984      
353958.6093901593      0                      0                      57739.70647870984      
353900.8781195765      -2.182787284255028e-11 -2.91038304567337e-11  57739.73772870984      
353844.9905843351      -2.91038304567337e-11  -1.455191522836685e-11 57739.76897870984      
353790.9518481607      -2.91038304567337e-11  -1.455191522836685e-11 57739.80022870984      
353738.7667581498      -1.455191522836685e-11 0                      57739.83147870984      
353688.4399437651      0                      0                      57739.86272870984      
353639.9758159526      5.093170329928398e-11  0                      57739.89397870984      
353593.3785661928      -4.365574568510056e-11 -2.91038304567337e-11  57739.92522870984      
353548.6521657181      1.455191522836685e-11  -1.455191522836685e-11 57739.95647870984      
353505.8003647244      2.182787284255028e-11  0                      57739.98772870984      
353464.8266916342      -7.275957614183426e-12 -1.455191522836685e-11 57740.01897870984      
353425.73445246        -2.182787284255028e-11 0                      57740.05022870984      
353388.5267301241      7.275957614183426e-12  0                      57740.08147870984      
353353.2063839262      -2.182787284255028e-11 0                      57740.11272870984      
353319.7760490078      0                      0                      57740.14397870984      
353288.2381359176      0                      -1.455191522836685e-11 57740.17522870984      
353258.5948301519      4.365574568510056e-11  -1.455191522836685e-11 57740.20647870984      
353230.8480918265      -1.455191522836685e-11 -1.455191522836685e-11 57740.23772870984      
353204.9996553627      -7.275957614183426e-12 0                      57740.26897870984      
353181.051029229       2.91038304567337e-11   1.455191522836685e-11  57740.30022870984      
353159.0034957632      -2.91038304567337e-11  1.455191522836685e-11  57740.33147870984      
353138.8581109938      -7.275957614183426e-12 0                      57740.36272870984      
353120.6157045698      2.182787284255028e-11  0                      57740.39397870984      
353104.2768797137      2.182787284255028e-11  1.455191522836685e-11  57740.42522870984      
353089.8420132505      1.455191522836685e-11  1.455191522836685e-11  57740.45647870984      
353077.3112556541      0                      1.455191522836685e-11  57740.48772870984      
353066.6845311881      0                      0                      57740.51897870984      
353057.9615381003      2.182787284255028e-11  0                      57740.55022870984      
353051.1417488438      0                      0                      57740.58147870984      
353046.2244103551      2.91038304567337e-11   1.455191522836685e-11  57740.61272870984      
353043.2085443832      2.182787284255028e-11  1.455191522836685e-11  57740.64397870984      
353042.0929478909      3.637978807091713e-11  0                      57740.67522870984      
353042.8761934984      -2.91038304567337e-11  1.455191522836685e-11  57740.70647870984      
353045.5566299834      7.275957614183426e-12  0                      57740.73772870984      
353050.1323828296      1.455191522836685e-11  0                      57740.76897870984      
353056.6013548354      7.275957614183426e-12  0                      57740.80022870984      
353064.9612267676      -7.275957614183426e-12 1.455191522836685e-11  57740.83147870984      
353075.2094580724      -2.182787284255028e-11 -1.455191522836685e-11 57740.86272870984      
353087.3432876267      -3.637978807091713e-11 -2.91038304567337e-11  57740.89397870984      
353101.3597345619      -1.455191522836685e-11 -1.455191522836685e-11 57740.92522870984      
353117.255599119       -2.182787284255028e-11 0                      57740.95647870984      
353135.0274635628      7.275957614183426e-12  -1.455191522836685e-11 57740.98772870984      
353154.6716931496      2.182787284255028e-11  1.455191522836685e-11  57741.01897870984      
353176.1844371226      -7.275957614183426e-12 0                      57741.05022870984      
353199.5616298012      -2.182787284255028e-11 -1.455191522836685e-11 57741.08147870984      
353224.7989916744      -1.455191522836685e-11 0                      57741.11272870984      
353251.8920305657      -7.275957614183426e-12 0                      57741.14397870984      
353280.8360428471      -7.275957614183426e-12 1.455191522836685e-11  57741.17522870984      
353311.626114668       -7.275957614183426e-12 0                      57741.20647870984      
353344.2571232972      -1.091393642127514e-11 1.455191522836685e-11  57741.23772870984      
353378.723738445       -1.455191522836685e-11 1.455191522836685e-11  57741.26897870984      
353415.0204236641      -3.637978807091713e-12 0                      57741.30022870984      
353453.1414377982      1.818989403545856e-11  7.275957614183426e-12  57741.33147870984      
353493.0808364301      -7.275957614183426e-12 7.275957614183426e-12  57741.36272870984      
353534.8324734626      -3.637978807091713e-12 7.275957614183426e-12  57741.39397870984      
353578.3900026545      -7.275957614183426e-12 -7.275957614183426e-12 57741.42522870984      
353623.7468792434      7.275957614183426e-12  -7.275957614183426e-12 57741.45647870984      
353670.8963616118      2.182787284255028e-11  0                      57741.48772870984      
353719.8315129401      7.275957614183426e-12  0                      57741.51897870984      
353770.545203009       -1.091393642127514e-11 -7.275957614183426e-12 57741.55022870984      
353823.0301099333      -3.637978807091713e-12 0                      57741.58147870984      
353877.2787219888      -3.637978807091713e-12 -7.275957614183426e-12 57741.61272870984      
353933.2833394783      -1.091393642127514e-11 7.275957614183426e-12  57741.64397870984      
353991.0360765727      3.637978807091713e-12  0                      57741.67522870984      
354050.5288633148      -3.637978807091713e-12 7.275957614183426e-12  57741.70647870984      
354111.7534475339      3.637978807091713e-12  0                      57741.73772870984      
354174.7013968563      3.637978807091713e-12  0                      57741.76897870984      
354239.364100754       1.455191522836685e-11  -7.275957614183426e-12 57741.80022870984      
354305.7327725507      0                      0                      57741.83147870984      
354373.798451612       1.455191522836685e-11  7.275957614183426e-12  57741.86272870984      
354443.5520054158      -3.637978807091713e-12 7.275957614183426e-12  57741.89397870984      
354514.9841317288      1.455191522836685e-11  7.275957614183426e-12  57741.92522870984      
354588.0853608158      -2.182787284255028e-11 0                      57741.95647870984      
354662.8460575923      3.637978807091713e-12  -7.275957614183426e-12 57741.98772870984      
354739.2564239746      3.637978807091713e-12  -7.275957614183426e-12 57742.01897870984      
354817.3065010901      1.455191522836685e-11  0                      57742.05022870984      
354896.9861715957      3.637978807091713e-12  7.275957614183426e-12  57742.08147870984      
354978.2851620251      -7.275957614183426e-12 7.275957614183426e-12  57742.11272870984      
355061.1930450677      0                      0                      57742.14397870984      
355145.6992420563      -1.455191522836685e-11 0                      57742.17522870984      
355231.7930252939      0                      -3.637978807091713e-12 57742.20647870984      
355319.4635204921      5.456968210637569e-12  -3.637978807091713e-12 57742.23772870984      
355408.6997092357      -1.818989403545856e-12 -3.637978807091713e-12 57742.26897870984      
355499.4904313618      9.094947017729282e-12  3.637978807091713e-12  57742.30022870984      
355591.824387566       7.275957614183426e-12  -3.637978807091713e-12 57742.33147870984      
355685.6901418198      1.818989403545856e-12  3.637978807091713e-12  57742.36272870984      
355781.0761239092      -3.637978807091713e-12 0                      57742.39397870984      
355877.9706319908      1.455191522836685e-11  0                      57742.42522870984      
355976.3618350511      3.637978807091713e-12  -7.275957614183426e-12 57742.45647870984      
356076.2377756054      -3.637978807091713e-12 0                      57742.48772870984      
356177.5863721858      -5.456968210637569e-12 3.637978807091713e-12  57742.51897870984      
356280.3954219547      1.818989403545856e-12  -3.637978807091713e-12 57742.55022870984      
356384.6526033063      0                      -3.637978807091713e-12 57742.58147870984      
356490.3454785049      1.818989403545856e-12  0                      57742.61272870984      
356597.4614962103      3.637978807091713e-12  1.818989403545856e-12  57742.64397870984      
356705.9879942569      1.818989403545856e-12  -1.818989403545856e-12 57742.67522870984      
356815.9122021975      1.818989403545856e-12  0                      57742.70647870984      
356927.2212439752      -9.094947017729282e-13 0                      57742.73772870984      
357039.902140605       -1.818989403545856e-12 0                      57742.76897870984      
357153.9418127289      -1.818989403545856e-12 -1.818989403545856e-12 57742.80022870984      
357269.3270834388      2.728484105318785e-12  0                      57742.83147870984      
357386.0446808399      -1.364242052659392e-12 -9.094947017729282e-13 57742.86272870984      
357504.0812407506      -1.364242052659392e-12 0                      57742.89397870984      
357623.4233093753      -4.547473508864641e-13 -9.094947017729282e-13 57742.92522870984      
357744.0573460098      -2.273736754432321e-13 -4.547473508864641e-13 57742.95647870984      
357865.9697256039      1.13686837721616e-13   2.273736754432321e-13  57742.98772870984      
357989.1467416065      -5.684341886080801e-13 1.13686837721616e-13   57743.01897870984      
358113.5746085288      9.094947017729282e-13  1.13686837721616e-13   57743.05022870984      
358239.2394646447      -3.410605131648481e-13 -6.821210263296962e-13 57743.08147870984      
358366.1273746917      1.13686837721616e-12   4.547473508864641e-13  57743.11272870984      
358494.2243324189      1.818989403545856e-12  9.094947017729282e-13  57743.14397870984      
358623.5162634271      9.094947017729282e-13  0                      57743.17522870984      
358753.9890277096      -4.547473508864641e-13 1.818989403545856e-12  57743.20647870984      
358885.6284223328      -2.728484105318785e-12 -9.094947017729282e-13 57743.23772870984      
359018.4201840817      0                      1.818989403545856e-12  57743.26897870984      
359152.3499921309      -9.094947017729282e-13 -1.818989403545856e-12 57743.30022870984      
359287.4034705492      -4.547473508864641e-12 -1.818989403545856e-12 57743.33147870984      
359423.5661911091      7.275957614183426e-12  0                      57743.36272870984      
359560.823675775       -9.094947017729282e-13 0                      57743.39397870984      
359699.1613993365      1.818989403545856e-12  1.818989403545856e-12  57743.42522870984      
359838.5647920019      0                      0                      57743.45647870984      
359979.01924201        -1.818989403545856e-12 0                      57743.48772870984      
360120.5100980697      -7.275957614183426e-12 0                      57743.51897870984      
360263.0226721111      -7.275957614183426e-12 3.637978807091713e-12  57743.55022870984      
360406.5422416993      -1.091393642127514e-11 -3.637978807091713e-12 57743.58147870984      
360551.0540525958      -3.637978807091713e-12 7.275957614183426e-12  57743.61272870984      
360696.5433213071      5.456968210637569e-12  0                      57743.64397870984      
360842.9952374503      -7.275957614183426e-12 -3.637978807091713e-12 57743.67522870984      
360990.3949664395      -1.091393642127514e-11 -3.637978807091713e-12 57743.70647870984      
361138.7276518202      1.091393642127514e-11  -7.275957614183426e-12 57743.73772870984      
361287.9784177545      -1.818989403545856e-12 7.275957614183426e-12  57743.76897870984      
361438.1323714559      -5.456968210637569e-12 3.637978807091713e-12  57743.80022870984      
361589.1746056417      -1.091393642127514e-11 3.637978807091713e-12  57743.83147870984      
361741.0902007917      -3.637978807091713e-12 0                      57743.86272870984      
361893.864227739       0                      7.275957614183426e-12  57743.89397870984      
362047.4817498914      -1.091393642127514e-11 -7.275957614183426e-12 57743.92522870984      
362201.9278256081      -7.275957614183426e-12 7.275957614183426e-12  57743.95647870984      
362357.1875105218      3.637978807091713e-12  -7.275957614183426e-12 57743.98772870984      
362513.2458598764      -1.091393642127514e-11 0                      57744.01897870984      
362670.0879306628      -7.275957614183426e-12 0                      57744.05022870984      
362827.6987840955      -7.275957614183426e-12 0                      57744.08147870984      
362986.0634877063      1.091393642127514e-11  0                      57744.11272870984      
363145.1671175963      1.818989403545856e-11  0                      57744.14397870984      
363304.9947606298      -3.637978807091713e-12 0                      57744.17522870984      
363465.5315166052      -3.637978807091713e-12 -7.275957614183426e-12 57744.20647870984      
363626.7625004416      1.818989403545856e-11  7.275957614183426e-12  57744.23772870984      
363788.6728441528      -7.275957614183426e-12 0                      57744.26897870984      
363951.2476991751      0                      0                      57744.30022870984      
364114.4722382945      0                      7.275957614183426e-12  57744.33147870984      
364278.3316577388      -1.091393642127514e-11 -7.275957614183426e-12 57744.36272870984      
364442.8111792069      3.637978807091713e-12  1.455191522836685e-11  57744.39397870984      
364607.8960519137      3.637978807091713e-12  -7.275957614183426e-12 57744.42522870984      
364773.571554416       -7.275957614183426e-12 1.455191522836685e-11  57744.45647870984      
364939.8229968012      -7.275957614183426e-12 -7.275957614183426e-12 57744.48772870984      
365106.6357224521      -3.637978807091713e-12 -7.275957614183426e-12 57744.51897870984      
365273.9951099519      -1.091393642127514e-11 1.455191522836685e-11  57744.55022870984      
365441.8865750203      -7.275957614183426e-12 0                      57744.58147870984      
365610.2955723862      3.637978807091713e-12  0                      57744.61272870984      
365779.2075974539      0                      0                      57744.64397870984      
365948.6081883367      7.275957614183426e-12  -7.275957614183426e-12 57744.67522870984      
366118.4829274736      1.091393642127514e-11  1.455191522836685e-11  57744.70647870984      
366288.817443413       -1.455191522836685e-11 -2.182787284255028e-11 57744.73772870984      
366459.5974125341      -1.091393642127514e-11 0                      57744.76897870984      
366630.8085607375      -1.818989403545856e-11 0                      57744.80022870984      
366802.4366651521      1.455191522836685e-11  0                      57744.83147870984      
366974.4675556134      -1.455191522836685e-11 -1.455191522836685e-11 57744.86272870984      
367146.8871165149      -1.455191522836685e-11 -1.455191522836685e-11 57744.89397870984      
367319.6812882328      7.275957614183426e-12  1.455191522836685e-11  57744.92522870984      
367492.8360687234      -1.455191522836685e-11 1.455191522836685e-11  57744.95647870984      
367666.3375150531      7.275957614183426e-12  1.455191522836685e-11  57744.98772870984      
367840.1717449413      7.275957614183426e-12  -2.91038304567337e-11  57745.01897870984      
368014.3249380743      0                      0                      57745.05022870984      
368188.7833377964      -2.182787284255028e-11 -1.455191522836685e-11 57745.08147870984      
368363.5332523682      0                      0                      57745.11272870984      
368538.561056401       2.182787284255028e-11  0                      57745.14397870984      
368713.8531922227      -1.455191522836685e-11 -1.455191522836685e-11 57745.17522870984      
368889.3961712165      -2.91038304567337e-11  0                      57745.20647870984      
369065.1765751733      1.455191522836685e-11  0                      57745.23772870984      
369241.1810574124      1.455191522836685e-11  0                      57745.26897870984      
369417.3963442831      -1.455191522836685e-11 1.455191522836685e-11  57745.30022870984      
369593.8092362317      7.275957614183426e-12  -1.455191522836685e-11 57745.33147870984      
369770.4066090442      -2.182787284255028e-11 0                      57745.36272870984      
369947.1754150228      0                      1.455191522836685e-11  57745.39397870984      
370124.102684133       7.275957614183426e-12  1.455191522836685e-11  57745.42522870984      
370301.1755251677      0                      0                      57745.45647870984      
370478.3811266757      3.637978807091713e-11  0                      57745.48772870984      
370655.7067582781      5.093170329928398e-11  0                      57745.51897870984      
370833.1397715442      -1.455191522836685e-11 -2.91038304567337e-11  57745.55022870984      
371010.6676010471      7.275957614183426e-12  1.455191522836685e-11  57745.58147870984      
371188.277765352       -1.455191522836685e-11 1.455191522836685e-11  57745.61272870984      
371365.957867979       -2.182787284255028e-11 1.455191522836685e-11  57745.64397870984      
371543.6955983787      -7.275957614183426e-12 2.91038304567337e-11   57745.67522870984      
371721.4787326772      2.182787284255028e-11  0                      57745.70647870984      
371899.2951348076      -4.365574568510056e-11 2.91038304567337e-11   57745.73772870984      
372077.1327572023      -1.455191522836685e-11 0                      57745.76897870984      
372254.9796416665      -4.365574568510056e-11 0                      57745.80022870984      
372432.8239201844      3.637978807091713e-11  0                      57745.83147870984      
372610.6538157011      0                      -1.455191522836685e-11 57745.86272870984      
372788.4576429185      -2.182787284255028e-11 1.455191522836685e-11  57745.89397870984      
372966.2238088618      -3.637978807091713e-11 2.91038304567337e-11   57745.92522870984      
373143.9408138334      2.182787284255028e-11  1.455191522836685e-11  57745.95647870984      
373321.5972519277      4.365574568510056e-11  -1.455191522836685e-11 57745.98772870984      
373499.18181173        2.182787284255028e-11  1.455191522836685e-11  57746.01897870984      
373676.6832769483      -1.455191522836685e-11 -1.455191522836685e-11 57746.05022870984      
373854.0905270209      0                      1.455191522836685e-11  57746.08147870984      
374031.3925377418      4.365574568510056e-11  -2.91038304567337e-11  57746.11272870984      
374208.5783816553      1.455191522836685e-11  0                      57746.14397870984      
374385.6372288411      -3.637978807091713e-11 -1.455191522836685e-11 57746.17522870984      
374562.5583472605      7.275957614183426e-12  -1.455191522836685e-11 57746.20647870984      
374739.3311032879      0                      -1.455191522836685e-11 57746.23772870984      
374915.9449621776      5.093170329928398e-11  1.455191522836685e-11  57746.26897870984      
375092.3894885074      7.275957614183426e-12  1.455191522836685e-11  57746.30022870984      
375268.6543465983      -7.275957614183426e-12 2.91038304567337e-11   57746.33147870984      
375444.7293009557      -5.093170329928398e-11 -1.455191522836685e-11 57746.36272870984      
375620.6042164806      5.093170329928398e-11  0                      57746.39397870984      
375796.2690590694      1.455191522836685e-11  0                      57746.42522870984      
375971.7138957829      -7.275957614183426e-12 -1.455191522836685e-11 57746.45647870984      
376146.9288951973      7.275957614183426e-12  0                      57746.48772870984      
376321.9043276934      1.455191522836685e-11  1.455191522836685e-11  57746.51897870984      
376496.6305657251      0                      0                      57746.55022870984      
376671.0980840656      -7.275957614183426e-12 0                      57746.58147870984      
376845.2974600745      -2.91038304567337e-11  1.455191522836685e-11  57746.61272870984      
377019.219373741       1.455191522836685e-11  1.455191522836685e-11  57746.64397870984      
377192.8546081126      7.275957614183426e-12  1.455191522836685e-11  57746.67522870984      
377366.1940492983      -2.182787284255028e-11 0                      57746.70647870984      
377539.2286866535      7.275957614183426e-12  1.455191522836685e-11  57746.73772870984      
377711.9496129064      -1.455191522836685e-11 0                      57746.76897870984      
377884.3480242642      3.637978807091713e-11  0                      57746.80022870984      
378056.4152204986      -2.91038304567337e-11  -2.91038304567337e-11  57746.83147870984      
378228.1426050554      -7.275957614183426e-12 -1.455191522836685e-11 57746.86272870984      
378399.5216849426      -1.455191522836685e-11 0                      57746.89397870984      
378570.5440710012      -7.275957614183426e-12 -1.455191522836685e-11 57746.92522870984      
378741.2014777573      -7.275957614183426e-12 -2.91038304567337e-11  57746.95647870984      
378911.4857234562      -7.275957614183426e-12 1.455191522836685e-11  57746.98772870984      
379081.3887300389      4.365574568510056e-11  0                      57747.01897870984      
379250.9025231003      1.455191522836685e-11  -2.91038304567337e-11  57747.05022870984      
379420.0192318304      1.455191522836685e-11  2.91038304567337e-11   57747.08147870984      
379588.7310889778      -1.455191522836685e-11 0                      57747.11272870984      
379757.0304305991      -2.182787284255028e-11 0                      57747.14397870984      
379924.9096961857      2.91038304567337e-11   0                      57747.17522870984      
380092.3614283793      0                      -2.91038304567337e-11  57747.20647870984      
380259.378272869       7.275957614183426e-12  0                      57747.23772870984      
380425.9529782331      -1.455191522836685e-11 -2.91038304567337e-11  57747.26897870984      
380592.0783957638      -1.455191522836685e-11 -2.91038304567337e-11  57747.30022870984      
380757.7474792777      -7.275957614183426e-12 -2.91038304567337e-11  57747.33147870984      
380922.9532849097      -2.91038304567337e-11  0                      57747.36272870984      
381087.688970931       7.275957614183426e-12  0                      57747.39397870984      
381251.9477973601      -1.455191522836685e-11 2.91038304567337e-11   57747.42522870984      
381415.7231259418      -7.275957614183426e-12 0                      57747.45647870984      
381579.0084197297      1.455191522836685e-11  -2.91038304567337e-11  57747.48772870984      
381741.7972428447      3.637978807091713e-11  0                      57747.51897870984      
381904.0832601819      0                      0                      57747.55022870984      
382065.8602371027      0                      -2.91038304567337e-11  57747.58147870984      
382227.1220391153      -7.275957614183426e-12 0                      57747.61272870984      
382387.8626315391      7.275957614183426e-12  -2.91038304567337e-11  57747.64397870984      
382548.0760791949      2.91038304567337e-11   2.91038304567337e-11   57747.67522870984      
382707.7565458955      7.275957614183426e-12  0                      57747.70647870984      
382866.8982942956      7.275957614183426e-12  2.91038304567337e-11   57747.73772870984      
383025.4956853568      0                      2.91038304567337e-11   57747.76897870984      
383183.5431779872      -7.275957614183426e-12 2.91038304567337e-11   57747.80022870984      
383341.0353286299      7.275957614183426e-12  2.91038304567337e-11   57747.83147870984      
383497.9667908412      -3.637978807091713e-12 2.91038304567337e-11   57747.86272870984      
383654.3323148561      -1.818989403545856e-11 0                      57747.89397870984      
383810.126747143       7.275957614183426e-12  0                      57747.92522870984      
383965.3450299824      -2.546585164964199e-11 -2.91038304567337e-11  57747.95647870984      
384119.9822008539      -1.818989403545856e-11 2.91038304567337e-11   57747.98772870984      
384274.0333921744      -3.274180926382542e-11 2.91038304567337e-11   57748.01897870984      
384427.4938306629      1.818989403545856e-11  0                      57748.05022870984      
384580.3588368771      3.637978807091713e-12  0                      57748.08147870984      
384732.6238247015      -7.275957614183426e-12 2.91038304567337e-11   57748.11272870984      
384884.2843008274      7.275957614183426e-12  2.91038304567337e-11   57748.14397870984      
385035.3358642211      -3.637978807091713e-12 -2.91038304567337e-11  57748.17522870984      
385185.7742055838      -3.637978807091713e-12 2.91038304567337e-11   57748.20647870984      
385335.5951068007      1.455191522836685e-11  2.91038304567337e-11   57748.23772870984      
385484.7944404171      1.818989403545856e-11  2.91038304567337e-11   57748.26897870984      
385633.368168929       -1.818989403545856e-11 -2.91038304567337e-11  57748.30022870984      
385781.3123444149      7.275957614183426e-12  0                      57748.33147870984      
385928.6231078096      0                      -2.91038304567337e-11  57748.36272870984      
386075.2966883433      -1.091393642127514e-11 0                      57748.39397870984      
386221.3294029378      0                      -2.91038304567337e-11  57748.42522870984      
386366.7176555945      0                      0                      57748.45647870984      
386511.4579367733      0                      2.91038304567337e-11   57748.48772870984      
386655.5468227664      7.275957614183426e-12  -2.91038304567337e-11  57748.51897870984      
386798.9809750648      -3.637978807091713e-12 0                      57748.55022870984      
386941.7571397106      -3.637978807091713e-12 0                      57748.58147870984      
387083.87214668        -7.275957614183426e-12 0                      57748.61272870984      
387225.3229090938      3.637978807091713e-12  0                      57748.64397870984      
387366.1064227507      3.637978807091713e-12  0                      57748.67522870984      
387506.2197653231      -7.275957614183426e-12 2.91038304567337e-11   57748.70647870984      
387645.6600957115      3.637978807091713e-12  -5.820766091346741e-11 57748.73772870984      
387784.4246533595      3.637978807091713e-12  -2.91038304567337e-11  57748.76897870984      
387922.5107575621      0                      0                      57748.80022870984      
388059.9158067687      7.275957614183426e-12  0                      57748.83147870984      
388196.6372778786      1.818989403545856e-12  0                      57748.86272870984      
388332.6727255321      0                      -2.91038304567337e-11  57748.89397870984      
388468.0197813944      -5.456968210637569e-12 2.91038304567337e-11   57748.92522870984      
388602.6761534669      1.818989403545856e-12  0                      57748.95647870984      
388736.6396252353      5.456968210637569e-12  0                      57748.98772870984      
388869.9080551261      -7.275957614183426e-12 0                      57749.01897870984      
389002.479375645       1.818989403545856e-12  0                      57749.05022870984      
389134.3515926664      7.275957614183426e-12  -2.91038304567337e-11  57749.08147870984      
389265.5227846872      0                      0                      57749.11272870984      
389395.9911020763      3.637978807091713e-12  0                      57749.14397870984      
389525.7547663187      5.456968210637569e-12  0                      57749.17522870984      
389654.8120692571      5.456968210637569e-12  -2.91038304567337e-11  57749.20647870984      
389783.1613723261      -9.094947017729282e-12 5.820766091346741e-11  57749.23772870984      
389910.8011057862      0                      0                      57749.26897870984      
390037.7297679806      -1.818989403545856e-12 0                      57749.30022870984      
390163.9459244423      9.094947017729282e-13  -2.91038304567337e-11  57749.33147870984      
390289.4482072919      -6.366462912410498e-12 0                      57749.36272870984      
390414.235314337       -9.094947017729282e-13 2.91038304567337e-11   57749.39397870984      
390538.3060083162      0                      0                      57749.42522870984      
390661.6591161099      2.728484105318785e-12  0                      57749.45647870984      
390784.2935279486      -1.818989403545856e-12 0                      57749.48772870984      
390906.2081966179      4.547473508864641e-13  -2.91038304567337e-11  57749.51897870984      
391027.402136661       -4.547473508864641e-13 2.91038304567337e-11   57749.55022870984      
391147.8744235787      9.094947017729282e-13  -2.91038304567337e-11  57749.58147870984      
391267.6241930262      -9.094947017729282e-13 0                      57749.61272870984      
391386.6506400089      0                      0                      57749.64397870984      
391504.9530180742      1.13686837721616e-13   2.91038304567337e-11   57749.67522870984      
391622.5306385303      -4.547473508864641e-13 0                      57749.70647870984      
391739.3828695255      -1.534772309241816e-12 -2.91038304567337e-11  57749.73772870984      
391855.5091353985      -1.13686837721616e-13  0                      57749.76897870984      
391970.9089157556      -4.547473508864641e-13 0                      57749.80022870984      
392085.5817446802      0                      -2.91038304567337e-11  57749.83147870984      
392199.5272099157      4.547473508864641e-13  0                      57749.86272870984      
392312.744952047       0                      -2.91038304567337e-11  57749.89397870984      
392425.234663679       -4.547473508864641e-12 0                      57749.92522870984      
392536.9960886163      9.094947017729282e-13  -5.820766091346741e-11 57749.95647870984      
392648.0290210402      7.275957614183426e-12  -2.91038304567337e-11  57749.98772870984      
392758.3333046861      9.094947017729282e-13  -2.91038304567337e-11  57750.01897870984      
392867.9088320197      -2.728484105318785e-12 -2.91038304567337e-11  57750.05022870984      
392976.7555434121      9.094947017729282e-13  2.91038304567337e-11   57750.08147870984      
393084.8734263153      9.094947017729282e-13  0                      57750.11272870984      
393192.2625144619      -1.818989403545856e-12 0                      57750.14397870984      
393298.9228869398      -3.637978807091713e-12 -2.91038304567337e-11  57750.17522870984      
393404.8546675169      -3.637978807091713e-12 0                      57750.20647870984      
393510.0580237148      0                      0                      57750.23772870984      
393614.5331660091      3.637978807091713e-12  -2.91038304567337e-11  57750.26897870984      
393718.280347004       -1.818989403545856e-12 -2.91038304567337e-11  57750.30022870984      
393821.2998606067      1.091393642127514e-11  -2.91038304567337e-11  57750.33147870984      
393923.5920412047      -3.637978807091713e-12 -2.91038304567337e-11  57750.36272870984      
394025.1572628405      5.456968210637569e-12  -2.91038304567337e-11  57750.39397870984      
394125.9959383888      -7.275957614183426e-12 2.91038304567337e-11   57750.42522870984      
394226.1085187346      0                      0                      57750.45647870984      
394325.4954919512      5.456968210637569e-12  0                      57750.48772870984      
394424.1573824803      -7.275957614183426e-12 0                      57750.51897870984      
394522.0947503117      0                      0                      57750.55022870984      
394619.3081901663      -1.2732925824821e-11   -2.91038304567337e-11  57750.58147870984      
394715.7983306784      -7.275957614183426e-12 0                      57750.61272870984      
394811.5658336034      3.637978807091713e-12  0                      57750.64397870984      
394906.6113929139      -3.637978807091713e-12 0                      57750.67522870984      
395000.9357341218      7.275957614183426e-12  0                      57750.70647870984      
395094.5396133791      0                      0                      57750.73772870984      
395187.42381669        7.275957614183426e-12  -5.820766091346741e-11 57750.76897870984      
395279.5891591061      1.091393642127514e-11  -2.91038304567337e-11  57750.80022870984      
395371.0364839202      3.637978807091713e-12  -2.91038304567337e-11  57750.83147870984      
395461.7666618645      2.182787284255028e-11  -2.91038304567337e-11  57750.86272870984      
395551.7805903106      -3.637978807091713e-12 -2.91038304567337e-11  57750.89397870984      
395641.0791924705      -3.637978807091713e-12 0                      57750.92522870984      
395729.6634166026      -3.637978807091713e-12 0                      57750.95647870984      
395817.534235217       -3.637978807091713e-12 0                      57750.98772870984      
395904.692644287       3.637978807091713e-12  -2.91038304567337e-11  57751.01897870984      
395991.1396624595      -7.275957614183426e-12 0                      57751.05022870984      
396076.8763302719      -1.455191522836685e-11 2.91038304567337e-11   57751.08147870984      
396161.9037093695      -2.182787284255028e-11 -2.91038304567337e-11  57751.11272870984      
396246.2228817266      3.637978807091713e-12  0                      57751.14397870984      
396329.8349488704      -7.275957614183426e-12 2.91038304567337e-11   57751.17522870984      
396412.7410311285      7.275957614183426e-12  0                      57751.20647870984      
396494.9422667818      0                      -2.91038304567337e-11  57751.23772870984      
396576.4398114149      -3.637978807091713e-12 -2.91038304567337e-11  57751.26897870984      
396657.2348370755      -1.818989403545856e-11 -2.91038304567337e-11  57751.30022870984      
396737.328531536       0                      0                      57751.33147870984      
396816.7220975373      1.818989403545856e-11  5.820766091346741e-11  57751.36272870984      
396895.4167520375      -2.546585164964199e-11 0                      57751.39397870984      
396973.4137254648      2.182787284255028e-11  0                      57751.42522870984      
397050.7142609724      -1.091393642127514e-11 0                      57751.45647870984      
397127.3196137003      2.546585164964199e-11  5.820766091346741e-11  57751.48772870984      
397203.2310500384      -1.818989403545856e-11 0                      57751.51897870984      
397278.4498468949      -1.091393642127514e-11 2.91038304567337e-11   57751.55022870984      
397352.9772909701      1.091393642127514e-11  -2.91038304567337e-11  57751.58147870984      
397426.8146780323      -2.91038304567337e-11  0                      57751.61272870984      
397499.9633121996      -7.275957614183426e-12 -2.91038304567337e-11  57751.64397870984      
397572.4245052258      -7.275957614183426e-12 0                      57751.67522870984      
397644.1995757914      2.91038304567337e-11   0                      57751.70647870984      
397715.2898487978      2.182787284255028e-11  -2.91038304567337e-11  57751.73772870984      
397785.6966546681      0                      -2.91038304567337e-11  57751.76897870984      
397855.4213286511      2.182787284255028e-11  -2.91038304567337e-11  57751.80022870984      
397924.4652101319      3.637978807091713e-11  -2.91038304567337e-11  57751.83147870984      
397992.8296419453      -2.91038304567337e-11  -2.91038304567337e-11  57751.86272870984      
398060.5159696964      -4.365574568510056e-11 0                      57751.89397870984      
398127.5255411008      1.455191522836685e-11  0                      57751.92522870984      
398193.8597052514      -3.637978807091713e-11 -2.91038304567337e-11  57751.95647870984      
398259.5198120492      7.275957614183426e-12  2.91038304567337e-11   57751.98772870984      
398324.5072114792      -2.182787284255028e-11 -2.91038304567337e-11  57752.01897870984      
398388.8232529737      -2.91038304567337e-11  0                      57752.05022870984      
398452.4692847636      1.455191522836685e-11  5.820766091346741e-11  57752.08147870984      
398515.4466532351      1.455191522836685e-11  -2.91038304567337e-11  57752.11272870984      
398577.7567022927      2.182787284255028e-11  -2.91038304567337e-11  57752.14397870984      
398639.4007727281      2.91038304567337e-11   0                      57752.17522870984      
398700.3802015946      2.91038304567337e-11   -2.91038304567337e-11  57752.20647870984      
398760.6963215864      -1.455191522836685e-11 -2.91038304567337e-11  57752.23772870984      
398820.3504604258      1.455191522836685e-11  0                      57752.26897870984      
398879.3439402551      -2.91038304567337e-11  0                      57752.30022870984      
398937.6780770342      -1.455191522836685e-11 -2.91038304567337e-11  57752.33147870984      
398995.3541799458      1.455191522836685e-11  2.91038304567337e-11   57752.36272870984      
399052.3735508055      -3.637978807091713e-11 0                      57752.39397870984      
399108.737483479       -7.275957614183426e-12 -2.91038304567337e-11  57752.42522870984      
399164.4472633048      -3.637978807091713e-11 0                      57752.45647870984      
399219.5041665239      -2.182787284255028e-11 -2.91038304567337e-11  57752.48772870984      
399273.9094597165      2.182787284255028e-11  2.91038304567337e-11   57752.51897870984      
399327.6643992435      1.455191522836685e-11  2.91038304567337e-11   57752.55022870984      
399380.7702306959      2.182787284255028e-11  0                      57752.58147870984      
399433.2281883514      4.365574568510056e-11  2.91038304567337e-11   57752.61272870984      
399485.0394946362      -4.365574568510056e-11 -2.91038304567337e-11  57752.64397870984      
399536.2053595944      2.91038304567337e-11   0                      57752.67522870984      
399586.7269803642      1.455191522836685e-11  0                      57752.70647870984      
399636.605540661       0                      -2.91038304567337e-11  57752.73772870984      
399685.8422102669      4.365574568510056e-11  0                      57752.76897870984      
399734.4381445282      1.455191522836685e-11  2.91038304567337e-11   57752.80022870984      
399782.394483859       -7.275957614183426e-12 0                      57752.83147870984      
399829.7123532523      -4.365574568510056e-11 2.91038304567337e-11   57752.86272870984      
399876.3928617988      0                      -2.91038304567337e-11  57752.89397870984      
399922.4371022113      0                      0                      57752.92522870984      
399967.8461503588      2.91038304567337e-11   0                      57752.95647870984      
400012.6210648055      0                      0                      57752.98772870984      
400056.7628863587      -1.455191522836685e-11 0                      57753.01897870984      
400100.2726376335      5.093170329928398e-11  2.91038304567337e-11   57753.05022870984      
400143.1513225751      7.275957614183426e-12  -4.365574568510056e-11 57753.08147870984      
400185.3999260891      -2.182787284255028e-11 -1.455191522836685e-11 57753.11272870984      
400227.0194135783      -1.455191522836685e-11 0                      57753.14397870984      
400268.0107305379      7.275957614183426e-12  -1.455191522836685e-11 57753.17522870984      
400308.3748021487      -2.91038304567337e-11  0                      57753.20647870984      
400348.1125328764      -2.182787284255028e-11 0                      57753.23772870984      
400387.2248060805      1.455191522836685e-11  0                      57753.26897870984      
400425.7124836303      -7.275957614183426e-12 0                      57753.30022870984      
400463.5764055282      5.093170329928398e-11  0                      57753.33147870984      
400500.817389541       -7.275957614183426e-12 0                      57753.36272870984      
400537.4362308405      -4.365574568510056e-11 0                      57753.39397870984      
400573.43370165        -7.275957614183426e-12 1.455191522836685e-11  57753.42522870984      
400608.8105509001      -2.182787284255028e-11 0                      57753.45647870984      
400643.5675038916      -2.182787284255028e-11 1.455191522836685e-11  57753.48772870984      
400677.7052619683      0                      -1.455191522836685e-11 57753.51897870984      
400711.2245021953      7.275957614183426e-12  -1.455191522836685e-11 57753.55022870984      
400744.1258770473      7.275957614183426e-12  -1.455191522836685e-11 57753.58147870984      
400776.4100141044      -1.455191522836685e-11 1.455191522836685e-11  57753.61272870984      
400808.0775157561      7.275957614183426e-12  -1.455191522836685e-11 57753.64397870984      
400839.1289589141      0                      1.455191522836685e-11  57753.67522870984      
400869.564894732       3.637978807091713e-11  0                      57753.70647870984      
400899.3858483348      7.275957614183426e-12  1.455191522836685e-11  57753.73772870984      
400928.592318556       4.365574568510056e-11  -2.91038304567337e-11  57753.76897870984      
400957.1847776829      0                      0                      57753.80022870984      
400985.1636712103      2.182787284255028e-11  -1.455191522836685e-11 57753.83147870984      
401012.5294176033      2.91038304567337e-11   2.91038304567337e-11   57753.86272870984      
401039.2824080677      3.637978807091713e-11  -1.455191522836685e-11 57753.89397870984      
401065.4230063286      7.275957614183426e-12  0                      57753.92522870984      
401090.9515484191      -3.637978807091713e-11 0                      57753.95647870984      
401115.8683424749      0                      2.91038304567337e-11   57753.98772870984      
401140.1736685404      -2.182787284255028e-11 -1.455191522836685e-11 57754.01897870984      
401163.8677783805      2.91038304567337e-11   1.455191522836685e-11  57754.05022870984      
401186.9508953032      2.91038304567337e-11   -1.455191522836685e-11 57754.08147870984      
401209.423213989       -7.275957614183426e-12 2.91038304567337e-11   57754.11272870984      
401231.2849003299      1.455191522836685e-11  -1.455191522836685e-11 57754.14397870984      
401252.5360912771      -4.365574568510056e-11 -1.455191522836685e-11 57754.17522870984      
401273.1768946967      0                      0                      57754.20647870984      
401293.207389234       -2.182787284255028e-11 0                      57754.23772870984      
401312.6276241872      -7.275957614183426e-12 -1.455191522836685e-11 57754.26897870984      
401331.4376193887      -2.91038304567337e-11  1.455191522836685e-11  57754.30022870984      
401349.6373650962      1.455191522836685e-11  -1.455191522836685e-11 57754.33147870984      
401367.2268218913      0                      -2.91038304567337e-11  57754.36272870984      
401384.2059205878      -7.275957614183426e-12 1.455191522836685e-11  57754.39397870984      
401400.5745621479      1.455191522836685e-11  1.455191522836685e-11  57754.42522870984      
401416.3326176073      7.275957614183426e-12  -1.455191522836685e-11 57754.45647870984      
401431.4799280097      7.275957614183426e-12  2.91038304567337e-11   57754.48772870984      
401446.0163043483      -5.093170329928398e-11 1.455191522836685e-11  57754.51897870984      
401459.9415275181      5.093170329928398e-11  0                      57754.55022870984      
401473.2553482754      -2.91038304567337e-11  -1.455191522836685e-11 57754.58147870984      
401485.9574872063      -2.182787284255028e-11 0                      57754.61272870984      
401498.0476347047      2.182787284255028e-11  -1.455191522836685e-11 57754.64397870984      
401509.5254509575      -2.182787284255028e-11 0                      57754.67522870984      
401520.3905659399      -1.455191522836685e-11 0                      57754.70647870984      
401530.642579419       2.91038304567337e-11   -1.455191522836685e-11 57754.73772870984      
401540.2810609656      -2.91038304567337e-11  0                      57754.76897870984      
401549.3055499747      -1.455191522836685e-11 1.455191522836685e-11  57754.80022870984      
401557.715555696       -7.275957614183426e-12 0                      57754.83147870984      
401565.5105572714      -3.637978807091713e-11 -1.455191522836685e-11 57754.86272870984      
401572.6900037816      -7.275957614183426e-12 -1.455191522836685e-11 57754.89397870984      
401579.2533143024      7.275957614183426e-12  0                      57754.92522870984      
401585.1998779679      7.275957614183426e-12  1.455191522836685e-11  57754.95647870984      
401590.5290540431      7.275957614183426e-12  -1.455191522836685e-11 57754.98772870984      
401595.2401720091      -7.275957614183426e-12 0                      57755.01897870984      
401599.3325316467      -7.275957614183426e-12 -1.455191522836685e-11 57755.05022870984      
401602.8054031391      1.455191522836685e-11  1.455191522836685e-11  57755.08147870984      
401605.6580271787      1.455191522836685e-11  -1.455191522836685e-11 57755.11272870984      
401607.8896150818      -7.275957614183426e-12 0                      57755.14397870984      
401609.4993489142      -7.275957614183426e-12 0                      57755.17522870984      
401610.4863816229      -7.275957614183426e-12 -1.455191522836685e-11 57755.20647870984      
401610.8498371775      7.275957614183426e-12  1.455191522836685e-11  57755.23772870984      
401610.5888107211      1.455191522836685e-11  1.455191522836685e-11  57755.26897870984      
401609.7023687272      -2.182787284255028e-11 0                      57755.30022870984      
401608.1895491676      0                      0                      57755.33147870984      
401606.0493616867      1.455191522836685e-11  7.275957614183426e-12  57755.36272870984      
401603.2807877855      -4.365574568510056e-11 0                      57755.39397870984      
401599.8827810133      0                      1.455191522836685e-11  57755.42522870984      
401595.8542671686      1.455191522836685e-11  0                      57755.45647870984      
401591.1941445071      -2.91038304567337e-11  7.275957614183426e-12  57755.48772870984      
401585.9012839582      -1.818989403545856e-11 -1.455191522836685e-11 57755.51897870984      
401579.9745293517      7.275957614183426e-12  -7.275957614183426e-12 57755.55022870984      
401573.4126976499      3.637978807091713e-12  7.275957614183426e-12  57755.58147870984      
401566.2145791894      -7.275957614183426e-12 0                      57755.61272870984      
401558.3789379315      7.275957614183426e-12  7.275957614183426e-12  57755.64397870984      
401549.9045117198      0                      0                      57755.67522870984      
401540.7900125462      1.091393642127514e-11  -1.455191522836685e-11 57755.70647870984      
401531.0341268254      7.275957614183426e-12  -7.275957614183426e-12 57755.73772870984      
401520.6355156766      -7.275957614183426e-12 1.455191522836685e-11  57755.76897870984      
401509.5928152142      -1.091393642127514e-11 0                      57755.80022870984      
401497.9046368457      -3.637978807091713e-12 0                      57755.83147870984      
401485.5695675784      -2.182787284255028e-11 7.275957614183426e-12  57755.86272870984      
401472.5861703321      1.455191522836685e-11  -7.275957614183426e-12 57755.89397870984      
401458.9529842631      1.455191522836685e-11  7.275957614183426e-12  57755.92522870984      
401444.6685250916      -1.091393642127514e-11 -7.275957614183426e-12 57755.95647870984      
401429.731285441       -1.091393642127514e-11 7.275957614183426e-12  57755.98772870984      
401414.1397351825      3.637978807091713e-12  0                      57756.01897870984      
401397.8923217875      -3.637978807091713e-12 0                      57756.05022870984      
401380.9874706895      3.637978807091713e-12  -7.275957614183426e-12 57756.08147870984      
401363.423585655       7.275957614183426e-12  1.455191522836685e-11  57756.11272870984      
401345.1990491441      -7.275957614183426e-12 -7.275957614183426e-12 57756.14397870984      
401326.3122227176      -1.818989403545856e-11 0                      57756.17522870984      
401306.7614474116      7.275957614183426e-12  -7.275957614183426e-12 57756.20647870984      
401286.54504414        3.637978807091713e-12  7.275957614183426e-12  57756.23772870984      
401265.6613141004      3.637978807091713e-12  -7.275957614183426e-12 57756.26897870984      
401244.1085391857      -3.637978807091713e-12 0                      57756.30022870984      
401221.8849824065      1.091393642127514e-11  3.637978807091713e-12  57756.33147870984      
401198.9888883166      -3.637978807091713e-12 0                      57756.36272870984      
401175.4184834487      -3.637978807091713e-12 -7.275957614183426e-12 57756.39397870984      
401151.1719767561      0                      3.637978807091713e-12  57756.42522870984      
401126.2475600612      0                      3.637978807091713e-12  57756.45647870984      
401100.6434085119      -1.818989403545856e-12 3.637978807091713e-12  57756.48772870984      
401074.3576810443      -3.637978807091713e-12 0                      57756.51897870984      
401047.3885208525      0                      3.637978807091713e-12  57756.55022870984      
401019.7340558655      1.818989403545856e-12  0                      57756.58147870984      
400991.3923992303      -3.637978807091713e-12 -3.637978807091713e-12 57756.61272870984      
400962.3616498027      0                      3.637978807091713e-12  57756.64397870984      
400932.6398926441      -5.456968210637569e-12 0                      57756.67522870984      
400902.2251995252      -1.818989403545856e-12 3.637978807091713e-12  57756.70647870984      
400871.1156294362      -3.637978807091713e-12 -3.637978807091713e-12 57756.73772870984      
400839.3092291038      7.275957614183426e-12  3.637978807091713e-12  57756.76897870984      
400806.8040335216      1.818989403545856e-12  0                      57756.80022870984      
400773.5980664502      3.637978807091713e-12  3.637978807091713e-12  57756.83147870984      
400739.6893409977      -1.818989403545856e-12 0                      57756.86272870984      
400705.0758601326      -4.547473508864641e-12 1.818989403545856e-12  57756.89397870984      
400669.7556172397      9.094947017729282e-13  3.637978807091713e-12  57756.92522870984      
400633.7265966747      -9.094947017729282e-13 0                      57756.95647870984      
400596.9867743253      0                      0                      57756.98772870984      
400582.3649291601      0                      0                      57757                  
