-77642843.29960768     113851409.6965779      49290352.47981346      57727                  
-77644381.6701632      113851116.5594546      49289969.14709055      57727.00069444445      
-77646345.50861931     113850719.8463432      49289479.7807508       57727.00158095954      
-77648529.65241189     113850252.8767738      49288935.49692476      57727.00256693504      
-77650971.68643005     113849703.0558103      49288326.92262283      57727.00366934125      
-77653702.79129791     113849058.2557172      49287646.27855115      57727.00490225861      
-77656758.44100429     113848304.5871004      49286884.71282148      57727.00628170704      
-77660178.83901393     113847426.1714699      49286032.1915099       57727.00782584328      
-77664009.15077803     113846404.9625281      49285077.43976872      57727.0095550663       
-77668300.45904046     113845220.3716067      49284007.70253237      57727.01149244919      
-77673110.35613361     113843848.9667945      49282808.59537023      57727.01366400735      
-77678499.36135648     113842265.4089369      49281464.99589522      57727.01609708191      
-77684525.37093174     113840444.1911118      49279962.42595312      57727.01881783475      
-77691263.87848501     113838353.54976        49278282.00759859      57727.02186037917      
-77698800.19925818     113835957.4411364      49276402.39795991      57727.02526327121      
-77707230.23300475     113833215.1201716      49274299.59462084      57727.0290698563       
-77716661.74982002     113830080.5435516      49271946.60946022      57727.03332885278      
-77727215.51045363     113826501.8100656      49269313.18235875      57727.03809486121      
-77739027.65410796     113822420.1502637      49266365.17683179      57727.04342944722      
-77752251.37463586     113817769.1163677      49263064.15080243      57727.04940190409      
-77767058.39020586     113812473.8283277      49259366.97609478      57727.05608992357      
-77783643.38505167     113806449.1247114      49255224.7121098       57727.06358161114      
-77802223.69943513     113799599.3779272      49250582.66128773      57727.07197535731      
-77823045.74652198     113791815.8381521      49245378.73861181      57727.08138275064      
-77846386.59164056     113782975.6769026      49239543.04157817      57727.09192930964      
-77872558.79434483     113772939.7829393      49232996.59538385      57727.10375669357      
-77901917.79870899     113761549.4849529      49225649.44753106      57727.11702607173      
-77934862.12798484     113748625.9764989      49217400.54664134      57727.13191824916      
-77971843.96880779     113733965.6557318      49208135.00169753      57727.14863849828      
-78013376.68587451     113717336.4960185      49197722.0812581       57727.1674200179       
-78060037.41248837     113698476.2975525      49186014.41454872      57727.18852518271      
-78112481.12973312     113677086.2207017      49172844.27042072      57727.21225200985      
-78171456.0882767      113652823.493027       49158019.43780063      57727.2389412651       
-78237808.12881851     113625298.4439508      49141321.82201152      57727.26897858448      
-78306815.23413852     113596450.7619838      49123935.40362474      57727.30022858448      
-78375798.12310264     113567415.6229064      49106534.02315959      57727.33147858448      
-78444756.77910522     113538215.0635252      49089117.68766429      57727.36272858448      
-78513691.18528235     113508866.4923174      49071686.40410396      57727.39397858448      
-78582601.32462622     113479383.9313186      49054240.17934458      57727.42522858448      
-78651487.17995244     113449778.8616213      49036779.02017226      57727.45647858448      
-78720348.73386537     113420060.8166727      49019302.93331186      57727.48772858448      
-78789185.96888244     113390237.8093708      49001811.92540421      57727.51897858448      
-78857998.86731654     113360316.6466001      48984306.00304369      57727.55022858448      
-78926787.41139765     113330303.1651731      48966785.17275439      57727.58147858448      
-78995551.58323373     113300202.4120166      48949249.44100652      57727.61272858448      
-79064291.36477035     113270018.7838075      48931698.81423244      57727.64397858448      
-79133006.73789427     113239756.1365628      48914133.29880576      57727.67522858448      
-79201697.68439183     113209417.8728247      48896552.90105668      57727.70647858448      
-79270364.18590733     113179007.0117282      48878957.62728739      57727.73772858448      
-79339006.22404461     113148526.2457863      48861347.48375019      57727.76897858448      
-79407623.78032438     113117977.9874658      48843722.4766623       57727.80022858448      
-79476216.83614118     113087364.4076499      48826082.61222053      57727.83147858448      
-79544785.37286387     113056687.4675571      48808427.89657891      57727.86272858448      
-79613329.37179199     113025948.9455593      48790758.33586296      57727.89397858448      
-79681848.81411177     112995150.4597999      48773073.93618395      57727.92522858448      
-79750343.68101172     112964293.4872913      48755374.70361195      57727.95647858448      
-79818813.95355846     112933379.380339       48737660.64421029      57727.98772858448      
-79887259.61286466     112902409.3804531      48719931.76401591      57728.01897858448      
-79955680.63991612     112871384.6305556      48702188.06903477      57728.05022858448      
-80024077.01559089     112840306.1854185      48684429.56526487      57728.08147858448      
-80092448.72080144     112809175.0206648      48666656.25867898      57728.11272858448      
-80160795.7364167      112777992.0407586      48648868.15523343      57728.14397858448      
-80229118.04321693     112746758.085989       48631065.26088174      57728.17522858448      
-80297415.62199131     112715473.9385284      48613247.58155081      57728.20647858448      
-80365688.45349257     112684140.3278588      48595415.12315429      57728.23772858448      
-80433936.51839115     112652757.9355774      48577567.89160597      57728.26897858448      
-80502159.79737267     112621327.3995827      48559705.89279572      57728.30022858448      
-80570358.27109195     112589849.3178811      48541829.1326028       57728.33147858448      
-80638531.92012723     112558324.2519903      48523937.61690906      57728.36272858448      
-80706680.725077       112526752.7299026      48506031.35157473      57728.39397858448      
-80774804.66651386     112495135.2488265      48488110.34245155      57728.42522858448      
-80842903.72493865     112463472.2776552      48470174.595396        57728.45647858448      
-80910977.88089254     112431764.2591011      48452224.11624057      57728.48772858448      
-80979027.11483181     112400011.6117616      48434258.91082788      57728.51897858448      
-81047051.40723988     112368214.7318537      48416278.98498188      57728.55022858448      
-81115050.738581       112336373.9948786      48398284.34452087      57728.58147858448      
-81183025.08925398     112304489.7571378      48380274.99527065      57728.61272858448      
-81250974.4396881      112272562.3570299      48362250.94303979      57728.64397858448      
-81318898.77029683     112240592.1163162      48344212.1936326       57728.67522858448      
-81386798.06143117     112208579.3412806      48326158.75286213      57728.70647858448      
-81454672.29347564     112176524.3237064      48308090.62652545      57728.73772858448      
-81522521.44680162     112144427.3418554      48290007.82041652      57728.76897858448      
-81590345.50172082     112112288.6613689      48271910.34033917      57728.80022858448      
-81658144.43858092     112080108.5360123      48253798.19208224      57728.83147858448      
-81725918.23771891     112047887.2084435      48235671.38143244      57728.86272858448      
-81793666.87941444     112015624.9109243      48217529.91418738      57728.89397858448      
-81861390.34398527     111983321.8658923      48199373.79613044      57728.92522858448      
-81929088.61174062     111950978.2865724      48181203.03304377      57728.95647858448      
-81996761.66293438     111918594.3775467      48163017.63072122      57728.98772858448      
-82064409.47783452     111886170.3352133      48144817.59494764      57729.01897858448      
-82132032.03673939     111853706.3482386      48126602.9315009       57729.05022858448      
-82199629.31989908     111821202.5980398      48108373.64617044      57729.08147858448      
-82267201.30758916     111788659.2591424      48090129.74473559      57729.11272858448      
-82334747.98007986     111756076.4995724      48071871.23297581      57729.14397858448      
-82402269.31758972     111723454.481236       48053598.11668356      57729.17522858448      
-82469765.30038013     111690793.3601853      48035310.40163899      57729.20647858448      
-82537235.90870874     111658093.2869529      48017008.09362288      57729.23772858448      
-82604681.12278266     111625354.4068656      47998691.19842957      57729.26897858448      
-82672100.92286892     111592576.8602421      47980359.72183723      57729.30022858448      
-82739495.28916922     111559760.782721       47962013.66964225      57729.33147858448      
-82806864.20193014     111526906.3054264      47943653.04762936      57729.36272858448      
-82874207.64139643     111494013.5552164      47925277.86158468      57729.39397858448      
-82941525.5877644      111461082.6549196      47906888.11730857      57729.42522858448      
-83008818.02127619     111428113.723469       47888483.82059021      57729.45647858448      
-83076084.92217317     111395106.8761147      47870064.97722045      57729.48772858448      
-83143326.27064919     111362062.2246249      47851631.59300478      57729.51897858448      
-83210542.04694496     111328979.8773883      47833183.67373781      57729.55022858448      
-83277732.23130111     111295859.9395963      47814721.22521611      57729.58147858448      
-83344896.80391188     111262702.5134169      47796244.25325124      57729.61272858448      
-83412035.74501888     111229507.6980708      47777752.7636441       57729.64397858448      
-83479149.03486471     111196275.5899893      47759246.76219787      57729.67522858448      
-83546236.65364611     111163006.2829662      47740726.25473096      57729.70647858448      
-83613298.58160813     111129699.868212       47722191.24705136      57729.73772858448      
-83680334.79899736     111096356.4344932      47703641.74496954      57729.76897858448      
-83747345.28601529     111062976.0682647      47685077.75431152      57729.80022858448      
-83814330.02291243     111029558.8537077      47666499.28089302      57729.83147858448      
-83881288.98994127     110996104.872852       47647906.33053246      57729.86272858448      
-83948222.16731004     110962614.2056941      47629298.90906405      57729.89397858448      
-84015129.53527638     110929086.93022        47610677.02231185      57729.92522858448      
-84082011.07410063     110895523.1225149      47592040.67610279      57729.95647858448      
-84148866.76399936     110861922.8568681      47573389.87627977      57729.98772858448      
-84215696.58523908     110828286.2057849      47554724.62867571      57730.01897858448      
-84282500.51808946     110794613.2400843      47536044.93912651      57730.05022858448      
-84349278.54277703     110760904.028994       47517350.81348429      57730.08147858448      
-84416030.63957857     110727158.6401523      47498642.2575912       57730.11272858448      
-84482756.78877458     110693377.1396964      47479919.27729259      57730.14397858448      
-84549456.97060293     110659559.5923491      47461181.87845011      57730.17522858448      
-84616131.16535199     110625706.0614118      47442430.06691559      57730.20647858448      
-84682779.3533144      110591816.6088456      47423663.84854419      57730.23772858448      
-84749401.51474056     110557891.2953503      47404883.22920745      57730.26897858448      
-84815997.62993178     110523930.1803506      47386088.21476722      57730.30022858448      
-84882567.67919396     110489933.3220705      47367278.8110887       57730.33147858448      
-84949111.64279111     110455900.7776063      47348455.0240537       57730.36272858448      
-85015629.50103863     110421832.6029065      47329616.85953435      57730.39397858448      
-85082121.23425667     110387728.8528412      47310764.32340621      57730.42522858448      
-85148586.82272403     110353589.5812693      47291897.42156159      57730.45647858448      
-85215026.24677105     110319414.8410135      47273016.15988312      57730.48772858448      
-85281439.48673327     110285204.683925       47254120.54425701      57730.51897858448      
-85347826.52290508     110250959.1609463      47235210.58058626      57730.55022858448      
-85414187.33563277     110216678.3220819      47216286.27476427      57730.58147858448      
-85480521.90526801     110182362.2164586      47197347.63268804      57730.61272858448      
-85546830.21212181     110148010.8923849      47178394.6602715       57730.64397858448      
-85613112.23655713     110113624.3973174      47159427.36341897      57730.67522858448      
-85679367.95894268     110079202.7779184      47140445.74803847      57730.70647858448      
-85745597.35960674     110044746.0801112      47121449.82005499      57730.73772858448      
-85811800.41892982     110010254.3490442      47102439.58538397      57730.76897858448      
-85877977.11729839     109975727.6291441      47083415.04994459      57730.80022858448      
-85944127.43505873     109941165.9641701      47064376.21967302      57730.83147858448      
-86010251.35260953     109906569.3971736      47045323.10049599      57730.86272858448      
-86076348.85035573     109871937.9705501      47026255.69834393      57730.89397858448      
-86142419.90866227     109837271.7260899      47007174.01916438      57730.92522858448      
-86208464.50794676     109802570.704936       46988078.06889544      57730.95647858448      
-86274482.62863307     109767834.9476334      46968967.85347894      57730.98772858448      
-86340474.25104737     109733064.4942262      46949843.37886882      57731.01897858448      
-86406439.35565105     109698259.3840966      46930704.6510168       57731.05022858448      
-86472377.92292419     109663419.6560709      46911551.67587943      57731.08147858448      
-86538289.93327165     109628545.3485055      46892384.45942736      57731.11272858448      
-86604175.36715102     109593636.4992118      46873203.00762174      57731.14397858448      
-86670034.20502666     109558693.1455011      46854007.3264275       57731.17522858448      
-86735866.42732362     109523715.3242306      46834797.42182695      57731.20647858448      
-86801672.01451991     109488703.0717553      46815573.29979281      57731.23772858448      
-86867450.94710033     109453656.4239718      46796334.96630172      57731.26897858448      
-86933203.20551065     109418575.4163633      46777082.42734762      57731.30022858448      
-86998928.77024965     109383460.0839486      46757815.68891495      57731.33147858448      
-87064627.62182307     109348310.4613267      46738534.75699207      57731.36272858448      
-87130299.74069785     109313126.5827182      46719239.63758465      57731.39397858448      
-87195945.10739388     109277908.4819154      46699930.33668889      57731.42522858448      
-87261563.70243829     109242656.1923236      46680606.86030487      57731.45647858448      
-87327155.50631951     109207369.7470031      46661269.21445012      57731.48772858448      
-87392720.49957904     109172049.1786169      46641917.40513261      57731.51897858448      
-87458258.66275039     109136694.5194821      46622551.43836874      57731.55022858448      
-87523769.97638968     109101305.8015588      46603171.32017435      57731.58147858448      
-87589254.42101453     109065883.0565006      46583777.05658282      57731.61272858448      
-87654711.97719589     109030426.3156012      46564368.65361784      57731.64397858448      
-87720142.62551196     108994935.6098344      46544946.11730718      57731.67522858448      
-87785546.34650274     108959410.9698937      46525509.45369606      57731.70647858448      
-87850923.12076153     108923852.4261373      46506058.66882013      57731.73772858448      
-87916272.92888905     108888260.008628       46486593.76871901      57731.76897858448      
-87981595.75144801     108852633.7471715      46467114.75944987      57731.80022858448      
-88046891.56905435     108816973.6712616      46447621.64706033      57731.83147858448      
-88112160.36233163     108781279.8101179      46428114.43760188      57731.86272858448      
-88177402.11186555     108745552.1927251      46408593.13714372      57731.89397858448      
-88242616.79829507     108709790.847776       46389057.75174538      57731.92522858448      
-88307804.4022668      108673995.8037098      46369508.28747036      57731.95647858448      
-88372964.90438974     108638167.08875        46349944.75039987      57731.98772858448      
-88438098.28535056     108602304.730831       46330367.14659674      57732.01897858448      
-88503204.52580871     108566408.7576752      46310775.48214028      57732.05022858448      
-88568283.60638127     108530479.19681        46291169.76312914      57732.08147858448      
-88633335.50775383     108494516.0754974      46271549.99564695      57732.11272858448      
-88698360.21061988     108458519.4207809      46251916.18578134      57732.14397858448      
-88763357.69563556     108422489.2595221      46232268.33963767      57732.17522858448      
-88828327.94351029     108386425.6183429      46212606.46331156      57732.20647858448      
-88893270.93494652     108350328.5236724      46192930.56290726      57732.23772858448      
-88958186.6506698      108314198.0017309      46173240.64452846      57732.26897858448      
-89023075.07136847     108278034.0785765      46153536.71429657      57732.30022858448      
-89087936.17778429     108241836.7800465      46133818.77832334      57732.33147858448      
-89152769.95066726     108205606.1317934      46114086.84272449      57732.36272858448      
-89217576.37073009     108169342.1593209      46094340.91363356      57732.39397858448      
-89282355.41873913     108133044.887925       46074580.99717436      57732.42522858448      
-89347107.07546887     108096714.3427291      46054807.09947471      57732.45647858448      
-89411831.32165684     108060350.5487205      46035019.22668029      57732.48772858448      
-89476528.13809408     108023953.53069        46015217.38492702      57732.51897858448      
-89541197.50557981     107987523.3132679      45995401.58035484      57732.55022858448      
-89605839.40487663     107951059.9209593      45975571.81912158      57732.58147858448      
-89670453.81680043     107914563.3780841      45955728.1073753       57732.61272858448      
-89735040.72217549     107878033.708812       45935870.45126811      57732.64397858448      
-89799600.10178947     107841470.9371981      45915998.85697002      57732.67522858448      
-89864131.93648353     107804875.0871221      45896113.33064127      57732.70647858448      
-89928636.20709217     107768246.1823343      45876213.87845078      57732.73772858448      
-89993112.89447336     107731584.2464369      45856300.5065669       57732.76897858448      
-90057561.97944857     107694889.3029306      45836373.22117598      57732.80022858448      
-90121983.44289276     107658161.3751525      45816432.0284545       57732.83147858448      
-90186377.26568934     107621400.4863115      45796476.93458309      57732.86272858448      
-90250743.42868543     107584606.6595234      45776507.94576032      57732.89397858448      
-90315081.91278152     107547779.9177488      45756525.06817497      57732.92522858448      
-90379392.69888678     107510920.2838284      45736528.30801991      57732.95647858448      
-90443675.76787391     107474027.7805177      45716517.67150604      57732.98772858448      
-90507931.10066932     107437102.4304247      45696493.16483441      57733.01897858448      
-90572158.6782079      107400144.2560453      45676454.79421019      57733.05022858448      
-90636358.48138839     107363153.2797972      45656402.56585665      57733.08147858448      
-90700530.491163       107326129.5239582      45636336.48598717      57733.11272858448      
-90764674.68847771     107289073.0107115      45616256.56082393      57733.14397858448      
-90828791.05430213     107251983.762126       45596162.79658853      57733.17522858448      
-90892879.56956977     107214861.8002021      45576055.19952077      57733.20647858448      
-90956940.21526769     107177707.1468088      45555933.77585056      57733.23772858448      
-91020972.97239161     107140519.8237181      45535798.53181188      57733.26897858448      
-91084977.8219014      107103299.8526397      45515649.47365694      57733.30022858448      
-91148954.74481031     107066047.255158       45495486.6076281       57733.33147858448      
-91212903.72214042     107028762.0527662      45475309.93997176      57733.36272858448      
-91276824.73487802     106991444.2669011      45455119.47695263      57733.39397858448      
-91340717.76406273     106954093.9188797      45434915.22482549      57733.42522858448      
-91404582.79072826     106916711.0299443      45414697.18985394      57733.45647858448      
-91468419.79593194     106879295.6212427      45394465.37830108      57733.48772858448      
-91532228.76069543     106841847.7138732      45374219.79644831      57733.51897858448      
-91596009.66609381     106804367.3288213      45353960.45056703      57733.55022858448      
-91659762.49321109     106766854.4869937      45333687.34693286      57733.58147858448      
-91723487.2230956      106729309.2092527      45313400.49183978      57733.61272858448      
-91787183.83684914     106691731.5163524      45293099.89157173      57733.64397858448      
-91850852.31558244     106654121.4289729      45272785.55241688      57733.67522858448      
-91914492.64037064     106616478.9677543      45252457.48068181      57733.70647858448      
-91978104.79234233     106578804.1532332      45232115.68266305      57733.73772858448      
-92041688.75262028     106541097.0058872      45211760.1646661       57733.76897858448      
-92105244.50235102     106503357.5461149      45191390.93299595      57733.80022858448      
-92168772.0226457      106465585.7942807      45171007.99397597      57733.83147858448      
-92232271.29466875     106427781.7706508      45150611.35391957      57733.86272858448      
-92295742.29959372     106389945.4954268      45130201.01914434      57733.89397858448      
-92359185.01855883     106352076.9887805      45109776.99598635      57733.92522858448      
-92422599.43275559     106314176.270789       45089339.29077166      57733.95647858448      
-92485985.52338466     106276243.3614687      45068887.90983053      57733.98772858448      
-92549343.27162381     106238278.2807917      45048422.85952932      57734.01897858448      
-92612672.65868664     106200281.0486646      45027944.14619919      57734.05022858448      
-92675973.66577846     106162251.6849518      45007451.77617677      57734.08147858448      
-92739246.27413598     106124190.2094398      44986945.75580908      57734.11272858448      
-92802490.46496086     106086096.641893       44966426.09146167      57734.14397858448      
-92865706.21950801     106047971.0019893      44945892.7894901       57734.17522858448      
-92928893.51904152     106009813.3093537      44925345.8562541       57734.20647858448      
-92992052.34479047     105971623.5835928      44904785.2981321       57734.23772858448      
-93055182.67803724     105933401.8442292      44884211.12149238      57734.26897858448      
-93118284.50005859     105895148.110747       44863623.33271231      57734.30022858448      
-93181357.79215521     105856862.4025706      44843021.93816872      57734.33147858448      
-93244402.53559288     105818544.7391098      44822406.9442571       57734.36272858448      
-93307418.71169074     105780195.1396942      44801778.35736283      57734.39397858448      
-93370406.30177696     105741813.6236076      44781136.18387557      57734.42522858448      
-93433365.28714505     105703400.2101219      44760480.43020366      57734.45647858448      
-93496295.64914168     105664954.9184316      44739811.10274529      57734.48772858448      
-93559197.36912276     105626477.7676879      44719128.20790294      57734.51897858448      
-93622070.42840955     105587968.7770329      44698431.75209779      57734.55022858448      
-93684914.8083764      105549427.9655334      44677721.74174086      57734.58147858448      
-93747730.49039243     105510855.3522268      44656998.18325228      57734.61272858448      
-93810517.45585051     105472250.9560991      44636261.08305161      57734.64397858448      
-93873275.68610908     105433614.7961302      44615510.44757716      57734.67522858448      
-93936005.16257961     105394946.8912286      44594746.28325704      57734.70647858448      
-93998705.86668292     105356247.2602644      44573968.59652364      57734.73772858448      
-94061377.77980538     105317515.9221043      44553177.39382811      57734.76897858448      
-94124020.88338642     105278752.8955452      44532372.68161137      57734.80022858448      
-94186635.15886027     105239958.1993594      44511554.4663234       57734.83147858448      
-94249220.58768496     105201131.852273       44490722.75441365      57734.86272858448      
-94311777.15128437     105162273.8730116      44469877.55235037      57734.89397858448      
-94374304.83113521     105123384.2802332      44449018.8665915       57734.92522858448      
-94436803.60872374     105084463.092563       44428146.70359923      57734.95647858448      
-94499273.46550186     105045510.3286274      44407261.06985457      57734.98772858448      
-94561714.38297211     105006526.0069852      44386361.9718387       57735.01897858448      
-94624126.34263536     104967510.1461785      44365449.41602686      57735.05022858448      
-94686509.32601684     104928462.764708       44344523.40889165      57735.08147858448      
-94748863.31460617     104889383.8810768      44323583.95693091      57735.11272858448      
-94811188.28994595     104850273.5137251      44302631.06663219      57735.14397858448      
-94873484.2335882      104811131.6810639      44281664.7444872       57735.17522858448      
-94935751.12705088     104771958.4015101      44260684.99700657      57735.20647858448      
-94997988.95190483     104732753.6934189      44239691.8306905       57735.23772858448      
-95060197.689716       104693517.5751297      44218685.25204824      57735.26897858448      
-95122377.32207413     104654250.0649439      44197665.26758844      57735.30022858448      
-95184527.8305351      104614951.1811708      44176631.88383856      57735.33147858448      
-95246649.19670768     104575620.9420599      44155585.10731564      57735.36272858448      
-95308741.40221006     104536259.365836       44134524.94454089      57735.39397858448      
-95370804.42862664     104496866.470733       44113451.40205438      57735.42522858448      
-95432838.25759467     104457442.2749265      44092364.4863857       57735.45647858448      
-95494842.87074646     104417986.7965802      44071264.2040735       57735.48772858448      
-95556818.24973823     104378500.053823       44050150.56165569      57735.51897858448      
-95618764.37619251     104338982.0647951      44029023.56568903      57735.55022858448      
-95680681.23178463     104299432.8475804      44007883.2227198       57735.58147858448      
-95742568.79818504     104259852.4202522      43986729.53930322      57735.61272858448      
-95804427.05708812     104220240.8008513      43965562.52199379      57735.64397858448      
-95866255.99015473     104180598.0074313      43944382.17736492      57735.67522858448      
-95928055.57909839     104140924.0579912      43923188.51197931      57735.70647858448      
-95989825.80564213     104101218.9705099      43901981.53240381      57735.73772858448      
-96051566.65147564     104061482.7629807      43880761.24522417      57735.76897858448      
-96113278.0983412      104021715.4533432      43859527.6570154       57735.80022858448      
-96174960.12797627     103981917.0595296      43838280.77436155      57735.83147858448      
-96236612.72214244     103942087.5994421      43817020.60384582      57735.86272858448      
-96298235.86256775     103902227.0909988      43795747.15207028      57735.89397858448      
-96359829.53103293     103862335.5520657      43774460.42562625      57735.92522858448      
-96421393.70931411     103822413.0005029      43753160.43111402      57735.95647858448      
-96482928.37921122     103782459.4541418      43731847.17513297      57735.98772858448      
-96544433.52249102     103742474.9308313      43710520.66430138      57736.01897858448      
-96605909.12097292     103702459.4483698      43689180.90522669      57736.05022858448      
-96667355.15648577     103662413.0245394      43667827.90452035      57736.08147858448      
-96728771.61082543     103622335.6771409      43646461.66881265      57736.11272858448      
-96790158.46584027     103582227.4239251      43625082.20472306      57736.14397858448      
-96851515.70337404     103542088.2826396      43603689.51887994      57736.17522858448      
-96912843.30529453     103501918.2710052      43582283.61791063      57736.20647858448      
-96974141.25343636     103461717.4067631      43560864.50846144      57736.23772858448      
-97035409.52968667     103421485.7076057      43539432.19716763      57736.26897858448      
-97096648.11592816     103381223.1912231      43517986.69067341      57736.30022858448      
-97157856.99406743     103340929.8752802      43496527.99562191      57736.33147858448      
-97219036.14597815     103300605.7774633      43475056.11867522      57736.36272858448      
-97280185.55358644     103260250.9154112      43453571.06648429      57736.39397858448      
-97341305.19882819     103219865.3067499      43432072.84570401      57736.42522858448      
-97402395.0636064      103179448.9691275      43410561.46300819      57736.45647858448      
-97463455.12987643     103139001.9201456      43389036.92505948      57736.48772858448      
-97524485.37958939     103098524.1774052      43367499.23852943      57736.51897858448      
-97585485.79472025     103058015.7584843      43345948.41008844      57736.55022858448      
-97646456.35721114     103017476.6809842      43324384.44642581      57736.58147858448      
-97707397.04905678     102976906.9624604      43302807.3542197       57736.61272858448      
-97768307.8522474      102936306.620469       43281217.14015704      57736.64397858448      
-97829188.74879719     102895675.6725441      43259613.81092363      57736.67522858448      
-97890039.72068785     102855014.1362441      43237997.37322417      57736.70647858448      
-97950860.74995324     102814322.0290827      43216367.83375208      57736.73772858448      
-98011651.81862298     102773599.368575       43194725.19920965      57736.76897858448      
-98072412.90875071     102732846.1722151      43173069.4762979       57736.80022858448      
-98133144.00235757     102692062.4575224      43151400.67173677      57736.83147858448      
-98193845.08151691     102651248.2419724      43129718.79223491      57736.86272858448      
-98254516.12831202     102610403.5430314      43108023.8445047       57736.89397858448      
-98315157.12479365     102569528.3781921      43086315.83527746      57736.92522858448      
-98375768.05306499     102528622.7649035      43064594.77127314      57736.95647858448      
-98436348.89522478     102487686.7206182      43042860.65922046      57736.98772858448      
-98496899.63336654     102446720.2627994      43021113.50584119      57737.01897858448      
-98557420.2495935      102405723.4088936      42999353.31788467      57737.05022858448      
-98617910.72606698     102364696.1762983      42977580.10208958      57737.08147858448      
-98678371.044926       102323638.5824343      42955793.86519971      57737.11272858448      
-98738801.18833342     102282550.6447036      42933994.61395746      57737.14397858448      
-98799201.13842002     102241432.3805359      42912182.35512421      57737.17522858448      
-98859570.8773686      102200283.807319       42890357.09544984      57737.20647858448      
-98919910.38735788     102159104.9424459      42868518.84169298      57737.23772858448      
-98980219.65059058     102117895.8032908      42846667.60061092      57737.26897858448      
-99040498.64923738     102076656.4072573      42824803.37897989      57737.30022858448      
-99100747.36552091     102035386.7717072      42802926.1835646       57737.33147858448      
-99160965.78165981     101994086.9140082      42781036.0211385       57737.36272858448      
-99221153.87989676     101952756.8515104      42759132.89847367      57737.39397858448      
-99281311.64244241     101911396.6015934      42737216.82236118      57737.42522858448      
-99341439.0515594      101870006.181596       42715287.79958052      57737.45647858448      
-99401536.08950643     101828585.6088635      42693345.83691998      57737.48772858448      
-99461602.7385662      101787134.9007242      42671390.94116639      57737.51897858448      
-99521638.98098953     101745654.0745366      42649423.1191257       57737.55022858448      
-99581644.79907921     101704143.1476191      42627442.37759214      57737.58147858448      
-99641620.17513414     101662602.1372971      42605448.72336882      57737.61272858448      
-99701565.09147722     101621031.0608795      42583442.16325739      57737.64397858448      
-99761479.53039956     101579429.9357064      42561422.7040786       57737.67522858448      
-99821363.47424424     101537798.779078       42539390.35264152      57737.70647858448      
-99881216.90535051     101496137.6083022      42517345.11576409      57737.73772858448      
-99941039.80608159     101454446.440671       42495287.0002628       57737.76897858448      
-100000832.1587691     101412725.2935082      42473216.01297325      57737.80022858448      
-100060593.9457966     101370974.184098       42451132.16071939      57737.83147858448      
-100120325.1495437     101329193.1297331      42429035.45033402      57737.86272858448      
-100180025.7524143     101287382.1476909      42406925.88864852      57737.89397858448      
-100239695.7367806     101245541.2552807      42384803.48251343      57737.92522858448      
-100299335.0850666     101203670.4697732      42362668.2387676       57737.95647858448      
-100358943.7796928     101161769.8084479      42340520.16425879      57737.98772858448      
-100418521.8031681     101119839.288498       42318359.26585089      57738.01897858448      
-100478069.1378775     101077878.9272516      42296185.55040181      57738.05022858448      
-100537585.766245      101035888.7420127      42273999.02475425      57738.08147858448      
-100597071.6707315     100993868.7500502      42251799.69577081      57738.11272858448      
-100656526.8338213     100951818.9686185      42229587.57031269      57738.14397858448      
-100715951.237968      100909739.4150053      42207362.65526039      57738.17522858448      
-100775344.8656769     100867630.10646        42185124.95748267      57738.20647858448      
-100834707.6994497     100825491.0602421      42162874.48385733      57738.23772858448      
-100894039.7218124     100783322.2935966      42140611.24126074      57738.26897858448      
-100953340.9152596     100741123.8238022      42118335.23658866      57738.30022858448      
-101012611.2623381     100698895.6681003      42096046.47672512      57738.33147858448      
-101071850.745591      100656637.8437418      42073744.9685632       57738.36272858448      
-101131059.3475856     100614350.3679643      42051430.71899457      57738.39397858448      
-101190237.0508583     100572033.2580395      42029103.73493038      57738.42522858448      
-101249383.8379973     100529686.5312017      42006764.02327         57738.45647858448      
-101308499.6915871     100487310.2046955      41984411.59092189      57738.48772858448      
-101367584.5942367     100444904.2957524      41962046.44479317      57738.51897858448      
-101426638.5285243     100402468.8216385      41939668.59181041      57738.55022858448      
-101485661.4770794     100360003.7995827      41917278.03888848      57738.58147858448      
-101544653.4225285     100317509.246825       41894874.79295133      57738.61272858448      
-101603614.3475222     100274985.1805921      41872458.86092155      57738.64397858448      
-101662544.2346802     100232431.6181462      41850030.24974135      57738.67522858448      
-101721443.066674      100189848.5767123      41827588.96634107      57738.70647858448      
-101780310.8261719     100147236.0735269      41805135.01766033      57738.73772858448      
-101839147.4958661     100104594.1258139      41782668.41063728      57738.76897858448      
-101897953.0584183     100061922.7508327      41760189.15222977      57738.80022858448      
-101956727.4965418     100019221.965806       41737697.24938387      57738.83147858448      
-102015470.7929465     99976491.78796834      41715192.70905475      57738.86272858448      
-102074182.930353      99933732.23455399      41692675.5382016       57738.89397858448      
-102132863.8915057     99890943.32278492      41670145.74378224      57738.92522858448      
-102191513.6591189     99848125.06991915      41647603.33277415      57738.95647858448      
-102250132.2159579     99805277.49317859      41625048.31214309      57738.98772858448      
-102308719.5447853     99762400.60979721      41602480.68886395      57739.01897858448      
-102367275.6283873     99719494.43699695      41579900.46991035      57739.05022858448      
-102425800.4495201     99676558.99203649      41557307.66227562      57739.08147858448      
-102484293.990991      99633594.29213837      41534702.27294125      57739.11272858448      
-102542756.2356043     99590600.35453764      41512084.30889805      57739.14397858448      
-102601187.1661882     99547577.19645765      41489453.77713539      57739.17522858448      
-102659586.7655408     99504524.8351588       41466810.6846625       57739.20647858448      
-102717955.0165112     99461443.28786567      41444155.03847676      57739.23772858448      
-102776291.9019456     99418332.57181567      41421486.84558478      57739.26897858448      
-102834597.4047005     99375192.70424701      41398806.11299713      57739.30022858448      
-102892871.5076567     99332023.70238656      41376112.8477231       57739.33147858448      
-102951114.1936643     99288825.58349867      41353407.0567918       57739.36272858448      
-103009325.4456251     99245598.36481223      41330688.74722041      57739.39397858448      
-103067505.2464374     99202342.06356932      41307957.92603547      57739.42522858448      
-103125653.5790237     99159056.69700097      41285214.60026214      57739.45647858448      
-103183770.4262762     99115742.28237611      41262458.77694542      57739.48772858448      
-103241855.7711384     99072398.83692834      41239690.46311847      57739.51897858448      
-103299909.5965505     99029026.37790483      41216909.66582368      57739.55022858448      
-103357931.8854768     98985624.92254198      41194116.39210209      57739.58147858448      
-103415922.6208515     98942194.4881144       41171310.64901469      57739.61272858448      
-103473881.7856596     98898735.09186162      41148492.44361047      57739.64397858448      
-103531809.3628833     98855246.751037        41125661.78294775      57739.67522858448      
-103589705.3355152     98811729.48289566      41102818.67408878      57739.70647858448      
-103647569.6865717     98768183.30468227      41079963.12409446      57739.73772858448      
-103705402.3990393     98724608.23368011      41057095.14004562      57739.76897858448      
-103763203.4559555     98681004.28713761      41034214.72901112      57739.80022858448      
-103820972.8403544     98637371.48231745      41011321.89806906      57739.83147858448      
-103878710.5352945     98593709.83647203      40988416.65429617      57739.86272858448      
-103936416.5238039     98550019.36689286      40965499.00478915      57739.89397858448      
-103994090.7889619     98506300.09083658      40942568.95663261      57739.92522858448      
-104051733.3138447     98462552.02557452      40919626.5169205       57739.95647858448      
-104109344.0815386     98418775.18838023      40896671.69275066      57739.98772858448      
-104166923.0752461     98374969.59643346      40873704.49118712      57740.01897858448      
-104224470.2780099     98331135.26707166      40850724.91935962      57740.05022858448      
-104281985.6729037     98287272.21761568      40827732.9843927       57740.08147858448      
-104339469.2430549     98243380.46535         40804728.69340035      57740.11272858448      
-104396920.9716145     98199460.02754921      40781712.05349499      57740.14397858448      
-104454340.841704      98155510.9215275       40758683.07180911      57740.17522858448      
-104511728.8364955     98111533.16456473      40735641.75546291      57740.20647858448      
-104569084.9391585     98067526.77395585      40712588.11158592      57740.23772858448      
-104626409.1328727     98023491.76699847      40689522.14731142      57740.26897858448      
-104683701.4008417     97979428.16098067      40666443.86977125      57740.30022858448      
-104740961.7262399     97935335.97323048      40643353.28611717      57740.33147858448      
-104798190.0922921     97891215.22104172      40620250.40348862      57740.36272858448      
-104855386.4822202     97847065.92172346      40597135.22903431      57740.39397858448      
-104912550.8792703     97802888.09257537      40574007.76990133      57740.42522858448      
-104969683.2666588     97758681.75093742      40550868.03325672      57740.45647858448      
-105026783.6276529     97714446.91411534      40527716.02625515      57740.48772858448      
-105083851.945517      97670183.59943041      40504551.75606048      57740.51897858448      
-105140888.203526      97625891.82420707      40481375.22984035      57740.55022858448      
-105197892.3849788     97581571.6057605       40458186.4547607       57740.58147858448      
-105254864.4731451     97537222.96144648      40434985.43800747      57740.61272858448      
-105311804.451345      97492845.90858667      40411772.18675414      57740.64397858448      
-105368712.302896      97448440.46451853      40388546.70818328      57740.67522858448      
-105425588.0111263     97404006.64658292      40365309.00948119      57740.70647858448      
-105482431.5593878     97359544.47211151      40342059.0978325       57740.73772858448      
-105539242.9310036     97315053.95847696      40318796.9804417       57740.76897858448      
-105596022.1093469     97270535.12301797      40295522.66450082      57740.80022858448      
-105652769.0777887     97225987.9830891       40272236.15721089      57740.83147858448      
-105709483.8197236     97181412.5560361       40248937.46577124      57740.86272858448      
-105766166.3185173     97136808.85924578      40225626.5974011       57740.89397858448      
-105822816.5575859     97092176.91007102      40202303.55930706      57740.92522858448      
-105879434.5203429     97047516.72588091      40178968.35870481      57740.95647858448      
-105936020.1902128     97002828.32404827      40155621.00281363      57740.98772858448      
-105992573.5506584     96958111.72193289      40132261.49882196      57741.01897858448      
-106049094.5850926     96913366.93694197      40108889.85397981      57741.05022858448      
-106105583.2769759     96868593.98644966      40085506.07553011      57741.08147858448      
-106162039.6097751     96823792.88784401      40062110.17070684      57741.11272858448      
-106218463.566968      96778963.6585169       40038702.14674757      57741.14397858448      
-106274855.1320564     96734106.31585149      40015282.01088788      57741.17522858448      
-106331214.2885134     96689220.87727274      39991849.77038331      57741.20647858448      
-106387541.0198621     96644307.36017172      39968405.4324765       57741.23772858448      
-106443835.3096235     96599365.78195618      39944949.0044191       57741.26897858448      
-106500097.1413291     96554396.16003789      39921480.49346621      57741.30022858448      
-106556326.4985347     96509398.51182003      39897999.90687101      57741.33147858448      
-106612523.3647671     96464372.85474779      39874507.25190648      57741.36272858448      
-106668687.7236037     96419319.20623259      39851002.53583273      57741.39397858448      
-106724819.5586192     96374237.58370274      39827485.76591879      57741.42522858448      
-106780918.8533994     96329128.00459063      39803956.94943713      57741.45647858448      
-106836985.5915539     96283990.4863203       39780416.0936582       57741.48772858448      
-106893019.7566638     96238825.04635796      39756863.20587234      57741.51897858448      
-106949021.3323604     96193631.70213617      39733298.29335687      57741.55022858448      
-107004990.3022726     96148410.4711045       39709721.36339801      57741.58147858448      
-107060926.6500404     96103161.37071684      39686132.42328542      57741.61272858448      
-107116830.3593273     96057884.41841875      39662531.4803067       57741.64397858448      
-107172701.4137689     96012579.63169822      39638918.54176929      57741.67522858448      
-107228539.7970506     95967247.0280097       39615293.61496758      57741.70647858448      
-107284345.4928554     95921886.62482475      39591656.7072049       57741.73772858448      
-107340118.4848776     95876498.43961939      39568007.82578793      57741.76897858448      
-107395858.7568351     95831082.4898615       39544346.97802123      57741.80022858448      
-107451566.2924175     95785638.79306158      39520674.17122932      57741.83147858448      
-107507241.0753646     95740167.36669663      39496989.41272355      57741.86272858448      
-107562883.0894139     95694668.22826084      39473292.70982415      57741.89397858448      
-107618492.3183137     95649141.39525317      39449584.06985481      57741.92522858448      
-107674068.7458362     95603586.88516432      39425863.500137        57741.95647858448      
-107729612.3557257     95558004.71552806      39402131.00801214      57741.98772858448      
-107785123.131776      95512394.90384448      39378386.60080854      57742.01897858448      
-107840601.0577791     95466757.46763121      39354630.2858633       57742.05022858448      
-107896046.1175377     95421092.42441061      39330862.07051702      57742.08147858448      
-107951458.2948783     95375399.79169703      39307081.96210803      57742.11272858448      
-108006837.5735996     95329679.58704792      39283289.9679947       57742.14397858448      
-108062183.9375499     95283931.82798722      39259486.09552215      57742.17522858448      
-108117497.3705755     95238156.53205651      39235670.35204446      57742.20647858448      
-108172777.8565336     95192353.71680221      39211842.74491901      57742.23772858448      
-108228025.3793051     95146523.39976275      39188003.28150107      57742.26897858448      
-108283239.9227431     95100665.59852001      39164151.96916593      57742.30022858448      
-108338421.4707505     95054780.33062227      39140288.81527557      57742.33147858448      
-108393570.0072279     95008867.6136356       39116413.82720098      57742.36272858448      
-108448685.5160871     94962927.46513101      39092527.01231645      57742.39397858448      
-108503767.9812633     94916959.90267168      39068628.37799417      57742.42522858448      
-108558817.3866643     94870964.94386426      39044717.93162636      57742.45647858448      
-108613833.7162474     94824942.60628197      39020795.68059197      57742.48772858448      
-108668816.9539679     94778892.90751585      38996861.63227889      57742.51897858448      
-108723767.0837917     94732815.86516204      38972915.7940784       57742.55022858448      
-108778684.0896961     94686711.49682176      38948958.17338522      57742.58147858448      
-108833567.9556819     94640579.8200884       38924988.77759188      57742.61272858448      
-108888418.6657222     94594420.85259913      38901007.61411101      57742.64397858448      
-108943236.2038399     94548234.61195756      38877014.69034198      57742.67522858448      
-108998020.5540555     94502021.11578542      38853010.01369311      57742.70647858448      
-109052771.7004009     94455780.38170952      38828993.59157616      57742.73772858448      
-109107489.6269312     94409512.42734899      38804965.43140073      57742.76897858448      
-109162174.3176746     94363217.27036679      38780925.54059658      57742.80022858448      
-109216825.7567083     94316894.92839248      38756873.92658015      57742.83147858448      
-109271443.9281077     94270545.41907363      38732810.59677691      57742.86272858448      
-109326028.8159591     94224168.76006313      38708735.55861578      57742.89397858448      
-109380580.4043597     94177764.9690191       38684648.81952908      57742.92522858448      
-109435098.6774306     94131334.06359191      38660550.38694701      57742.95647858448      
-109489583.6192654     94084876.06147614      38636440.26832001      57742.98772858448      
-109544035.2141217     94038390.98018947      38612318.47110909      57743.01897858448      
-109598453.446092      93991878.83747141      38588185.00274993      57743.05022858448      
-109652838.2992566     93945339.65109645      38564039.87067702      57743.08147858448      
-109707189.7577898     93898773.43874313      38539883.08233761      57743.11272858448      
-109761507.805839      93852180.21813421      38515714.64519922      57743.14397858448      
-109815792.4276005     93805560.00695869      38491534.56671608      57743.17522858448      
-109870043.6072694     93758912.82292387      38467342.8543515       57743.20647858448      
-109924261.3290516     93712238.6837422       38443139.51557231      57743.23772858448      
-109978445.577164      93665537.60713145      38418924.55784885      57743.26897858448      
-110032596.3358473     93618809.61080165      38394697.98864934      57743.30022858448      
-110086713.5893158     93572054.71250708      38370459.81546241      57743.33147858448      
-110140797.3218322     93525272.92996827      38346210.04576333      57743.36272858448      
-110194847.517658      93478464.28092398      38321948.68703651      57743.39397858448      
-110248864.1610659     93431628.78311828      38297675.7467699       57743.42522858448      
-110302847.2363397     93384766.45430052      38273391.23245495      57743.45647858448      
-110356796.7277867     93337877.31221229      38249095.15158103      57743.48772858448      
-110410712.619688      93290961.37463956      38224787.51165797      57743.51897858448      
-110464594.8963732     93244018.6593345       38200468.32018217      57743.55022858448      
-110518443.5421709     93197049.18406759      38176137.58465928      57743.58147858448      
-110572258.5414205     93150052.96661465      38151795.31259841      57743.61272858448      
-110626039.8784854     93103030.02474366      38127441.51150659      57743.64397858448      
-110679787.5377023     93055980.37626728      38103076.18891136      57743.67522858448      
-110733501.5034571     93008904.03896414      38078699.35232682      57743.70647858448      
-110787181.7601339     92961801.03063138      38054311.00927624      57743.73772858448      
-110840828.2921283     92914671.36907138      38029911.16728649      57743.76897858448      
-110894441.0838471     92867515.07209195      38005499.83388793      57743.80022858448      
-110948020.1197206     92820332.15749319      37981077.01660876      57743.83147858448      
-111001565.3841529     92773122.64311977      37956642.72299779      57743.86272858448      
-111055076.8615971     92725886.54678252      37932196.96059034      57743.89397858448      
-111108554.5365044     92678623.88631077      37907739.7369309       57743.92522858448      
-111161998.3933379     92631334.67953919      37883271.05956748      57743.95647858448      
-111215408.4165713     92584018.94430794      37858790.93605167      57743.98772858448      
-111268784.5906411     92536676.69852345      37834299.37393221      57744.01897858448      
-111322126.9000455     92489307.96003093      37809796.3807794       57744.05022858448      
-111375435.3293432     92441912.74662702      37785281.96415006      57744.08147858448      
-111428709.8630539     92394491.07617277      37760756.13160982      57744.11272858448      
-111481950.4857083     92347042.96653484      37736218.89072783      57744.14397858448      
-111535157.181848      92299568.43558541      37711670.24907677      57744.17522858448      
-111588329.9360263     92252067.50120227      37687110.21423277      57744.20647858448      
-111641468.7328196     92204540.18125552      37662538.79376975      57744.23772858448      
-111694573.5567785     92156986.49366054      37637955.99528231      57744.26897858448      
-111747644.392502      92109406.45629868      37613361.82635137      57744.30022858448      
-111800681.2245875     92061800.08707017      37588756.294567        57744.33147858448      
-111853684.037644      92014167.40388082      37564139.40752281      57744.36272858448      
-111906652.8162915     91966508.42464216      37539511.17281584      57744.39397858448      
-111959587.5451733     91918823.16725811      37514871.59804089      57744.42522858448      
-112012488.208907      91871111.64967805      37490220.69081338      57744.45647858448      
-112065354.7921584     91823373.88981727      37465558.45873503      57744.48772858448      
-112118187.2795921     91775609.90561008      37440884.90941668      57744.51897858448      
-112170985.6558839     91727819.71499653      37416200.05047265      57744.55022858448      
-112223749.9057205     91680003.33592232      37391503.8895207       57744.58147858448      
-112276480.0138123     91632160.78632571      37366796.43417623      57744.61272858448      
-112329175.9648439     91584292.08419052      37342077.6920753       57744.64397858448      
-112381837.7435479     91536397.24746649      37317347.67084017      57744.67522858448      
-112434465.334656      91488476.29412249      37292606.37810225      57744.70647858448      
-112487058.7229107     91440529.24213314      37267853.82149632      57744.73772858448      
-112539617.8930658     91392556.10947886      37243090.00866054      57744.76897858448      
-112592142.8298864     91344556.91414589      37218314.94723649      57744.80022858448      
-112644633.5181608     91296531.67411307      37193528.64486331      57744.83147858448      
-112697089.942652      91248480.40740484      37168731.10920085      57744.86272858448      
-112749512.0881706     91200403.1320117       37143922.34789497      57744.89397858448      
-112801899.9395263     91152299.86594325      37119102.36860069      57744.92522858448      
-112854253.4815401     91104170.62721495      37094271.17897631      57744.95647858448      
-112906572.699044      91056015.43384817      37069428.78668353      57744.98772858448      
-112958857.5768933     91007834.30385675      37044575.19938153      57745.01897858448      
-113011108.0999182     90959627.25530048      37019710.42475018      57745.05022858448      
-113063324.2529965     90911394.306205        36994834.47045533      57745.08147858448      
-113115506.021005      90863135.4746152       36969947.34417186      57745.11272858448      
-113167653.3888317     90814850.77858187      36945049.05357796      57745.14397858448      
-113219766.341376      90766540.23616168      36920139.60635514      57745.17522858448      
-113271844.8635482     90718203.86541721      36895219.01018812      57745.20647858448      
-113323888.9402822     90669841.68440366      36870287.27275909      57745.23772858448      
-113375898.5564866     90621453.71122216      36845344.40177096      57745.26897858448      
-113427873.6971178     90573039.96393976      36820390.4049124       57745.30022858448      
-113479814.3471311     90524600.4606427       36795425.2898812       57745.33147858448      
-113531720.4914931     90476135.21942322      36770449.06437831      57745.36272858448      
-113583592.1151818     90427644.2583795       36745461.73610792      57745.39397858448      
-113635429.2031863     90379127.59561566      36720463.31277749      57745.42522858448      
-113687231.740519      90330585.24922827      36695453.80209177      57745.45647858448      
-113738999.7121676     90282017.23736019      36670433.21177624      57745.48772858448      
-113790733.1031669     90233423.57811996      36645401.54954209      57745.51897858448      
-113842431.8985513     90184804.28963546      36620358.82310949      57745.55022858448      
-113894096.0833663     90136159.39004052      36595305.0402018       57745.58147858448      
-113945725.6426687     90087488.89747494      36570240.20854554      57745.61272858448      
-113997320.5615266     90038792.83008446      36545164.33587041      57745.64397858448      
-114048880.8250315     89990071.20600736      36520077.4299034       57745.67522858448      
-114100406.41825       89941324.04342818      36494979.49839215      57745.70647858448      
-114151897.3262963     89892551.3604971       36469870.54906993      57745.73772858448      
-114203353.5342838     89843753.1753837       36444750.58967899      57745.76897858448      
-114254775.0273372     89794929.50626352      36419619.62796469      57745.80022858448      
-114306161.7905925     89746080.37131803      36394477.67167551      57745.83147858448      
-114357513.8091972     89697205.78873472      36369324.72856303      57745.86272858448      
-114408831.0683221     89648305.77669351      36344160.80637608      57745.89397858448      
-114460113.5531133     89599380.35342072      36318985.91288415      57745.92522858448      
-114511361.2487643     89550429.53710824      36293800.05584227      57745.95647858448      
-114562574.140468      89501453.34596737      36268603.2430144       57745.98772858448      
-114613752.2133723     89452451.79828209      36243395.48218118      57746.01897858448      
-114664895.4527162     89403424.91224793      36218176.78110739      57746.05022858448      
-114716003.8437623     89354372.70605217      36192947.14755773      57746.08147858448      
-114767077.3717614     89305295.19791561      36167706.58930239      57746.11272858448      
-114818116.0219404     89256192.40610565      36142455.11413223      57746.14397858448      
-114869119.7795729     89207064.34885508      36117192.72982353      57746.17522858448      
-114920088.6299323     89157911.04441617      36091919.44416151      57746.20647858448      
-114971022.5583032     89108732.51104724      36066635.26493447      57746.23772858448      
-115021921.5499815     89059528.76701267      36041340.19993368      57746.26897858448      
-115072785.5902748     89010299.83058274      36016034.25695354      57746.30022858448      
-115123614.6645017     88961045.72003379      35990717.44379143      57746.33147858448      
-115174408.7580044     88911766.45363463      35965389.76824193      57746.36272858448      
-115225167.8561007     88862462.04970077      35940051.23812027      57746.39397858448      
-115275891.9441554     88813132.52651307      35914701.8612271       57746.42522858448      
-115326581.0075329     88763777.90237188      35889341.64537199      57746.45647858448      
-115377235.0316091     88714398.19558364      35863970.5983675       57746.48772858448      
-115427854.001771      88664993.42446081      35838588.72802928      57746.51897858448      
-115478437.9034174     88615563.60732186      35813196.04217596      57746.55022858448      
-115528986.7219581     88566108.76249126      35787792.54862923      57746.58147858448      
-115579500.4428265     88516628.9082859       35762378.2552079       57746.61272858448      
-115629979.0514318     88467124.0630696       35736953.16975154      57746.64397858448      
-115680422.5332301     88417594.24517125      35711517.30008502      57746.67522858448      
-115730830.873677      88368039.47293943      35686070.65404215      57746.70647858448      
-115781204.0582398     88318459.76472875      35660613.23945973      57746.73772858448      
-115831542.0723969     88268855.1388998       35635145.06417764      57746.76897858448      
-115881844.9016385     88219225.61381923      35609666.1360388       57746.80022858448      
-115932112.531466      88169571.20785967      35584176.4628891       57746.83147858448      
-115982344.947404      88119891.93938605      35558676.05257158      57746.86272858448      
-116032542.1349533     88070187.82681049      35533164.91295007      57746.89397858448      
-116082704.0796617     88020458.88850988      35507643.05187365      57746.92522858448      
-116132830.7670763     87970705.14288098      35482110.47720041      57746.95647858448      
-116182922.182756      87920926.60832644      35456567.19679138      57746.98772858448      
-116232978.3122978     87871123.30321285      35431013.21852687      57747.01897858448      
-116282999.1412717     87821295.24597315      35405448.55026699      57747.05022858448      
-116332984.6552539     87771442.45505458      35379873.19987172      57747.08147858448      
-116382934.8398604     87721564.94887049      35354287.17520817      57747.11272858448      
-116432849.6806839     87671662.74588147      35328690.48416431      57747.14397858448      
-116482729.1633634     87621735.8645128       35303083.13461339      57747.17522858448      
-116532573.2735378     87571784.32320949      35277465.13443758      57747.20647858448      
-116582381.9968575     87521808.1404224       35251836.49152214      57747.23772858448      
-116632155.3189847     87471807.33460844      35226197.21375541      57747.26897858448      
-116681893.2255928     87421781.92423031      35200547.30902878      57747.30022858448      
-116731595.7023669     87371731.92775671      35174886.78523668      57747.33147858448      
-116781262.7350036     87321657.36366232      35149215.65027661      57747.36272858448      
-116830894.3092228     87271558.25041382      35123533.91204318      57747.39397858448      
-116880490.410721      87221434.60652524      35097841.57845195      57747.42522858448      
-116930051.0252411     87171286.45047522      35072138.65740367      57747.45647858448      
-116979576.1385261     87121113.80076188      35046425.15680808      57747.48772858448      
-117029065.7363303     87070916.67588945      35020701.08457803      57747.51897858448      
-117078519.8044199     87020695.09436798      34994966.4486294       57747.55022858448      
-117127938.3285723     86970449.07471338      34969221.25688117      57747.58147858448      
-117177321.294577      86920178.63544758      34943465.51725537      57747.61272858448      
-117226668.6882347     86869883.79509816      34917699.23767709      57747.64397858448      
-117275980.4953692     86819564.57218499      34891922.42606851      57747.67522858448      
-117325256.7017816     86769220.98527521      34866135.09037286      57747.70647858448      
-117374497.2933189     86718853.05290036      34840337.23851844      57747.73772858448      
-117423702.2558284     86668460.79361169      34814528.87844264      57747.76897858448      
-117472871.5751687     86618044.22596635      34788710.01808587      57747.80022858448      
-117522005.2372105     86567603.36852737      34762880.66539163      57747.83147858448      
-117571103.2278356     86517138.23986359      34737040.8283065       57747.86272858448      
-117620165.5329377     86466648.8585498       34711190.51478013      57747.89397858448      
-117669192.1384221     86416135.24316661      34685329.73276516      57747.92522858448      
-117718183.0302171     86365597.41228664      34659458.49021135      57747.95647858448      
-117767138.1942282     86315035.38453008      34633576.79508955      57747.98772858448      
-117816057.6164071     86264449.17848125      34607684.6553556       57748.01897858448      
-117864941.2827055     86213838.81274429      34581782.07897442      57748.05022858448      
-117913789.1790867     86163204.30592917      34555869.07391398      57748.08147858448      
-117962601.2915258     86112545.67665178      34529945.64814533      57748.11272858448      
-118011377.6060094     86061862.94353379      34504011.80964253      57748.14397858448      
-118060118.1085358     86011156.12520286      34478067.56638269      57748.17522858448      
-118108822.7851148     85960425.24029246      34452112.92634598      57748.20647858448      
-118157491.6217681     85909670.30744189      34426147.89751562      57748.23772858448      
-118206124.6045401     85858891.34528242      34400172.4878718       57748.26897858448      
-118254721.719453      85808088.37249306      34374186.70541587      57748.30022858448      
-118303282.9525746     85757261.40771678      34348190.55813411      57748.33147858448      
-118351808.289973      85706410.46961647      34322184.05402184      57748.36272858448      
-118400297.7177279     85655535.57686079      34296167.20107745      57748.39397858448      
-118448751.2219309     85604636.7481243       34270140.00730228      57748.42522858448      
-118497168.7886849     85553714.00208749      34244102.48070078      57748.45647858448      
-118545550.4041046     85502767.35743672      34218054.62928031      57748.48772858448      
-118593896.0543164     85451796.83286412      34191996.4610513       57748.51897858448      
-118642205.7254583     85400802.44706783      34165927.98402719      57748.55022858448      
-118690479.40368       85349784.21875179      34139849.2062244       57748.58147858448      
-118738717.0751541     85298742.16661187      34113760.13565626      57748.61272858448      
-118786918.726031      85247676.30939178      34087660.78035734      57748.64397858448      
-118835084.3425067     85196586.66579914      34061551.14834694      57748.67522858448      
-118883213.9107774     85145473.25456142      34035431.24765345      57748.70647858448      
-118931307.4170512     85094336.09441206      34009301.08630823      57748.73772858448      
-118979364.8475476     85043175.20409024      33983160.6723456       57748.76897858448      
-119027386.188498      84991990.60234113      33957010.01380283      57748.80022858448      
-119075371.4261454     84940782.30791581      33930849.1187202       57748.83147858448      
-119123320.5467445     84889550.3395711       33904677.9951409       57748.86272858448      
-119171233.5365614     84838294.71606992      33878496.6511111       57748.89397858448      
-119219110.3818742     84787015.4561809       33852305.09467987      57748.92522858448      
-119266951.0689839     84735712.57866456      33826103.33389317      57748.95647858448      
-119314755.5841693     84684386.10232951      33799891.37681816      57748.98772858448      
-119362523.9138173     84633036.04586551      33773669.23149247      57749.01897858448      
-119410256.0442263     84581662.42809929      33747436.90598296      57749.05022858448      
-119457951.9616933     84530265.26788077      33721194.40836225      57749.08147858448      
-119505611.6525658     84478844.58401491      33694941.74669716      57749.11272858448      
-119553235.1032029     84427400.39531262      33668678.9290574       57749.14397858448      
-119600822.2999754     84375932.72059053      33642405.96351556      57749.17522858448      
-119648373.229266      84324441.57867113      33616122.85814707      57749.20647858448      
-119695887.8774689     84272926.98838277      33589829.6210303       57749.23772858448      
-119743366.2309903     84221388.96855959      33563526.26024643      57749.26897858448      
-119790808.2762591     84169827.53802742      33537212.78387344      57749.30022858448      
-119838213.9996828     84118242.71566026      33510889.20001045      57749.33147858448      
-119885583.3877139     84066634.52029558      33484555.51674113      57749.36272858448      
-119932916.4268056     84015002.97079067      33458211.74215806      57749.39397858448      
-119980213.1034228     83963348.08600882      33431857.8843567       57749.42522858448      
-120027473.4040423     83911669.88481887      33405493.95143529      57749.45647858448      
-120074697.3151527     83859968.3860956       33379119.95149492      57749.48772858448      
-120121884.8232544     83808243.60871951      33352735.89263951      57749.51897858448      
-120169035.9148594     83756495.57157688      33326341.78297573      57749.55022858448      
-120216150.5764918     83704724.29355982      33299937.6306131       57749.58147858448      
-120263228.7946873     83652929.79356614      33273523.44366393      57749.61272858448      
-120310270.5559936     83601112.09049952      33247099.23024331      57749.64397858448      
-120357275.84697       83549271.20326927      33220664.99846912      57749.67522858448      
-120404244.6541987     83497407.15077636      33194220.75645585      57749.70647858448      
-120451176.964241      83445519.95197007      33167766.51233925      57749.73772858448      
-120498072.7637025     83393609.62576291      33141302.27423935      57749.76897858448      
-120544932.0391901     83341676.19108732      33114828.05028512      57749.80022858448      
-120591754.7773223     83289719.66688138      33088343.84860827      57749.83147858448      
-120638540.9647294     83237740.07208912      33061849.67734326      57749.86272858448      
-120685290.5880539     83185737.42566019      33035345.54462732      57749.89397858448      
-120732003.6339495     83133711.74654999      33008831.45860038      57749.92522858448      
-120778680.0890824     83081663.05371979      32982307.42740516      57749.95647858448      
-120825319.9401303     83029591.36613642      32955773.45918705      57749.98772858448      
-120871923.1737421     82977496.70283474      32929229.56208686      57750.01897858448      
-120918489.776637      82925379.08276626      32902675.74425866      57750.05022858448      
-120965019.7355539     82873238.52487594      32876112.0138607       57750.08147858448      
-121011513.0372185     82821075.04815304      32849538.37904935      57750.11272858448      
-121057969.668379      82768888.67157832      32822954.84797752      57750.14397858448      
-121104389.6157629     82716679.41418111      32796361.42881937      57750.17522858448      
-121150772.8661421     82664447.29495382      32769758.12973319      57750.20647858448      
-121197119.4062896     82612192.33290885      32743144.95888619      57750.23772858448      
-121243429.2229899     82559914.54706444      32716521.92444819      57750.26897858448      
-121289702.3030396     82507613.95644459      32689889.03459178      57750.30022858448      
-121335938.633247      82455290.58007918      32663246.29749215      57750.33147858448      
-121382138.2004323     82402944.43700382      32636593.72132725      57750.36272858448      
-121428300.9914274     82350575.54625992      32609931.31427765      57750.39397858448      
-121474426.9930761     82298183.92689478      32583259.08452658      57750.42522858448      
-121520516.1922341     82245769.5979614       32556577.04026001      57750.45647858448      
-121566568.5757686     82193332.5785186       32529885.18966649      57750.48772858448      
-121612584.1305592     82140872.88763103      32503183.54093732      57750.51897858448      
-121658562.8434967     82088390.54436913      32476472.1022664       57750.55022858448      
-121704504.7014842     82035885.56780909      32449750.88185031      57750.58147858448      
-121750409.6914365     81983357.97703293      32423019.8878883       57750.61272858448      
-121796277.8002908     81930807.79111405      32396279.12857606      57750.64397858448      
-121842109.0149642     81878235.02917475      32369528.61213056      57750.67522858448      
-121887903.3224176     81825639.71030003      32342768.34675281      57750.70647858448      
-121933660.7096134     81773021.85359499      32315998.34065268      57750.73772858448      
-121979381.1635253     81720381.47817053      32289218.60204269      57750.76897858448      
-122025064.6711392     81667718.60314329      32262429.13913798      57750.80022858448      
-122070711.219453      81615033.24763565      32235629.9601564       57750.83147858448      
-122116320.795476      81562325.43077579      32208821.07331841      57750.86272858448      
-122161893.3862298     81509595.17169762      32182002.48684713      57750.89397858448      
-122207428.9787477     81456842.48954077      32155174.20896833      57750.92522858448      
-122252927.5600748     81404067.40345059      32128336.24791044      57750.95647858448      
-122298389.1172682     81351269.93257819      32101488.61190452      57750.98772858448      
-122343813.6373969     81298450.09608039      32074631.30918429      57751.01897858448      
-122389201.1075416     81245607.91311973      32047764.3479861       57751.05022858448      
-122434551.5147951     81192743.40286441      32020887.736549        57751.08147858448      
-122479864.846262      81139856.58448833      31994001.48311463      57751.11272858448      
-122525141.0890588     81086947.47717117      31967105.59592731      57751.14397858448      
-122570380.2303139     81034016.10009816      31940200.08323402      57751.17522858448      
-122615582.2571783     80981062.47244585      31913284.9532781       57751.20647858448      
-122660747.1567831     80928086.61343972      31886360.21432434      57751.23772858448      
-122705874.9163031     80875088.54226765      31859425.87462142      57751.26897858448      
-122750965.5229144     80822068.27813746      31832481.94242689      57751.30022858448      
-122796018.9638049     80769025.84026282      31805528.42600099      57751.33147858448      
-122841035.2261748     80715961.24786283      31778565.3336066       57751.36272858448      
-122886014.297236      80662874.52016231      31751592.67350925      57751.39397858448      
-122930956.1642122     80609765.67639166      31724610.45397715      57751.42522858448      
-122975860.8143395     80556634.73578686      31697618.68328113      57751.45647858448      
-123020728.2348656     80503481.71758954      31670617.36969469      57751.48772858448      
-123065558.4130502     80450306.64104681      31643606.52149403      57751.51897858448      
-123110351.3361652     80397109.52541143      31616586.14695795      57751.55022858448      
-123155106.9914943     80343890.38994166      31589556.25436793      57751.58147858448      
-123199825.3663332     80290649.25390139      31562516.85200814      57751.61272858448      
-123244506.4479895     80237386.13655996      31535467.94816537      57751.64397858448      
-123289150.223783      80184101.05719228      31508409.55112912      57751.67522858448      
-123333756.6810455     80130794.03507879      31481341.66919149      57751.70647858448      
-123378325.8071206     80077465.08950543      31454264.31064733      57751.73772858448      
-123422857.589364      80024114.23976362      31427177.48379407      57751.76897858448      
-123467352.0151435     79970741.50515035      31400081.19693186      57751.80022858448      
-123511809.0718388     79917346.90496796      31372975.45836351      57751.83147858448      
-123556228.7468418     79863930.45852439      31345860.27639448      57751.86272858448      
-123600611.0275562     79810492.18513295      31318735.65933292      57751.89397858448      
-123644955.9014083     79757032.10409793      31291601.61548332      57751.92522858448      
-123689263.3558052     79703550.23477267      31264458.15317181      57751.95647858448      
-123733533.3781973     79650046.59647235      31237305.28070819      57751.98772858448      
-123777765.9559425     79596521.2086772       31210143.00641411      57752.01897858448      
-123821961.0765445     79542974.09066713      31182971.33860964      57752.05022858448      
-123866118.7275385     79489405.26169696      31155790.28561716      57752.08147858448      
-123910238.8964138     79435814.74111637      31128599.85576349      57752.11272858448      
-123954321.5706716     79382202.54828048      31101400.05737813      57752.14397858448      
-123998366.7378252     79328568.70254992      31074190.89879323      57752.17522858448      
-124042374.3853998     79274913.2232908       31046972.38834367      57752.20647858448      
-124086344.5009329     79221236.12987469      31019744.53436697      57752.23772858448      
-124130277.0719736     79167537.4416787       30992507.34520331      57752.26897858448      
-124174172.0860833     79113817.1780854       30965260.82919558      57752.30022858448      
-124218029.5308353     79060075.35848287      30938004.99468933      57752.33147858448      
-124261849.3938147     79006312.00226463      30910739.85003278      57752.36272858448      
-124305631.6626191     78952527.12882976      30883465.40357683      57752.39397858448      
-124349376.3248575     78898720.75758277      30856181.66367504      57752.42522858448      
-124393083.3681514     78844892.90793368      30828888.63868362      57752.45647858448      
-124436752.7801341     78791043.59929797      30801586.33696148      57752.48772858448      
-124480384.5484508     78737172.85109664      30774274.76687018      57752.51897858448      
-124523978.6607589     78683280.68275617      30746953.93677394      57752.55022858448      
-124567535.1047277     78629367.11370848      30719623.85503964      57752.58147858448      
-124611053.8680386     78575432.16339098      30692284.5300368       57752.61272858448      
-124654534.9383848     78521475.85124652      30664935.97013766      57752.64397858448      
-124697978.3034719     78467498.19672345      30637578.183717        57752.67522858448      
-124741383.9510172     78413499.21927556      30610211.17915236      57752.70647858448      
-124784751.8687501     78359478.93836215      30582834.96482385      57752.73772858448      
-124828082.0444121     78305437.37344788      30555449.54911426      57752.76897858448      
-124871374.4657566     78251374.54400286      30528054.94040902      57752.80022858448      
-124914629.1205493     78197290.46950273      30500651.14709615      57752.83147858448      
-124957845.9965677     78143185.16942848      30473238.17756636      57752.86272858448      
-125001025.0816013     78089058.66326652      30445816.04021294      57752.89397858448      
-125044166.3634519     78034910.97050872      30418384.74343185      57752.92522858448      
-125087269.8299332     77980742.11065234      30390944.29562163      57752.95647858448      
-125130335.468871      77926552.1032          30363494.70518344      57752.98772858448      
-125173363.2681626     77872340.96756421      30336035.98052105      57753.01897858448      
-125216353.215642      77818108.72328497      30308568.13003445      57753.05022858448      
-125259305.2991137     77763855.38997097      30281091.16214542      57753.08147858448      
-125302219.5064611     77709580.98713264      30253605.08525913      57753.11272858448      
-125345095.82557       77655285.53430051      30226109.90778975      57753.14397858448      
-125387934.2443379     77600969.05101028      30198605.63815405      57753.17522858448      
-125430734.750675      77546631.556803        30171092.28477136      57753.20647858448      
-125473497.3325032     77492273.0712249       30143569.85606358      57753.23772858448      
-125516221.9777568     77437893.61382745      30116038.36045519      57753.26897858448      
-125558908.6743823     77383493.20416729      30088497.80637325      57753.30022858448      
-125601557.4103384     77329071.86180635      30060948.20224734      57753.33147858448      
-125644168.1735958     77274629.60631172      30033389.55650962      57753.36272858448      
-125686740.9521377     77220166.45725563      30005821.87759478      57753.39397858448      
-125729275.7339594     77165682.43421556      29978245.17394007      57753.42522858448      
-125771772.5070682     77111177.55677404      29950659.45398525      57753.45647858448      
-125814231.259484      77056651.84451884      29923064.72617261      57753.48772858448      
-125856651.9792387     77002105.31704284      29895460.99894699      57753.51897858448      
-125899034.6543764     76947537.99394412      29867848.2807557       57753.55022858448      
-125941379.2729536     76892949.8948258       29840226.58004859      57753.58147858448      
-125983685.823039      76838341.03929617      29812595.90527799      57753.61272858448      
-126025954.2927134     76783711.4469686       29784956.26489876      57753.64397858448      
-126068184.67007       76729061.13746169      29757307.6673682       57753.67522858448      
-126110376.9432143     76674390.13039894      29729650.12114612      57753.70647858448      
-126152531.1002639     76619698.44540913      29701983.63469479      57753.73772858448      
-126194647.1293488     76564986.10212606      29674308.21647897      57753.76897858448      
-126236725.0186112     76510253.12018862      29646623.87496586      57753.80022858448      
-126278764.7562056     76455499.51924078      29618930.61862512      57753.83147858448      
-126320766.3302987     76400725.31893168      29591228.45592883      57753.86272858448      
-126362729.7290695     76345930.53891537      29563517.39535158      57753.89397858448      
-126404654.9407094     76291115.19885112      29535797.44537031      57753.92522858448      
-126446541.953422      76236279.31840327      29508068.61446444      57753.95647858448      
-126488390.7554231     76181422.91724114      29480330.91111579      57753.98772858448      
-126530201.3349408     76126546.01503919      29452584.34380859      57754.01897858448      
-126571973.6802156     76071648.63147691      29424828.92102947      57754.05022858448      
-126613707.7795001     76016730.78623894      29397064.65126747      57754.08147858448      
-126655403.6210594     75961792.49901491      29369291.54301401      57754.11272858448      
-126697061.1931706     75906833.78949955      29341509.60476289      57754.14397858448      
-126738680.4841235     75851854.67739265      29313718.84501031      57754.17522858448      
-126780261.4822197     75796855.18239909      29285919.27225481      57754.20647858448      
-126821804.1757734     75741835.32422878      29258110.8949973       57754.23772858448      
-126863308.553111      75686795.12259674      29230293.72174105      57754.26897858448      
-126904774.6025711     75631734.59722301      29202467.76099168      57754.30022858448      
-126946202.3125049     75576653.76783277      29174633.02125715      57754.33147858448      
-126987591.6712754     75521552.65415628      29146789.51104776      57754.36272858448      
-127028942.6672582     75466431.2759288       29118937.23887612      57754.39397858448      
-127070255.2888411     75411289.65289065      29091076.21325716      57754.42522858448      
-127111529.5244243     75356127.80478737      29063206.44270816      57754.45647858448      
-127152765.36242       75300945.75136948      29035327.93574867      57754.48772858448      
-127193962.7912529     75245743.51239255      29007440.70090056      57754.51897858448      
-127235121.79936       75190521.10761732      28979544.74668801      57754.55022858448      
-127276242.3751904     75135278.55680956      28951640.08163744      57754.58147858448      
-127317324.5072057     75080015.87974012      28923726.71427759      57754.61272858448      
-127358368.1838795     75024733.09618501      28895804.65313948      57754.64397858448      
-127399373.3936979     74969430.22592527      28867873.90675639      57754.67522858448      
-127440340.1251593     74914107.28874701      28839934.48366385      57754.70647858448      
-127481268.3667741     74858764.3044415       28811986.39239967      57754.73772858448      
-127522158.1070653     74803401.29280509      28784029.64150391      57754.76897858448      
-127563009.3345679     74748018.27363917      28756064.23951885      57754.80022858448      
-127603822.0378294     74692615.26675031      28728090.19498906      57754.83147858448      
-127644596.2054095     74637192.29195011      28700107.51646129      57754.86272858448      
-127685331.82588       74581749.36905532      28672116.21248457      57754.89397858448      
-127726028.8878252     74526286.51788776      28644116.29161013      57754.92522858448      
-127766687.3798415     74470803.75827435      28616107.76239141      57754.95647858448      
-127807307.2905284     74415301.1100622       28588090.63339061      57754.98772858448      
-127847888.6086111     74359778.59290969      28560064.91315669      57755.01897858448      
-127888431.3226779     74304236.22673582      28532030.61025468      57755.05022858448      
-127928935.4213205     74248674.0314811       28503987.73324433      57755.08147858448      
-127969400.8931959     74193092.02699974      28475936.29069006      57755.11272858448      
-128009827.7269732     74137490.23315099      28447876.29115849      57755.14397858448      
-128050215.9113339     74081868.66979907      28419807.74321839      57755.17522858448      
-128090565.4349718     74026227.35681324      28391730.65544078      57755.20647858448      
-128130876.2865931     73970566.31406772      28363645.0363988       57755.23772858448      
-128171148.4549164     73914885.56144169      28335550.8946678       57755.26897858448      
-128211381.9286724     73859185.11881928      28307448.2388253       57755.30022858448      
-128251576.6966045     73803465.00608964      28279337.07745098      57755.33147858448      
-128291732.7474682     73747725.24314681      28251217.4191267       57755.36272858448      
-128331850.0700315     73691965.84988973      28223089.27243647      57755.39397858448      
-128371928.6530749     73636186.84622231      28194952.64596648      57755.42522858448      
-128411968.4853909     73580388.25205337      28166807.54830508      57755.45647858448      
-128451969.5557848     73524570.08729659      28138653.98804275      57755.48772858448      
-128491931.8530741     73468732.37187061      28110491.97377217      57755.51897858448      
-128531855.3660886     73412875.12569886      28082321.51408813      57755.55022858448      
-128571740.0836707     73356998.36870974      28054142.61758759      57755.58147858448      
-128611585.9946751     73301102.12083644      28025955.29286966      57755.61272858448      
-128651393.087969      73245186.40201706      27997759.54853561      57755.64397858448      
-128691161.3524317     73189251.23219453      27969555.39318882      57755.67522858448      
-128730890.7769554     73133296.6313166       27941342.83543484      57755.70647858448      
-128770581.3504443     73077322.61933587      27913121.88388137      57755.73772858448      
-128810233.0618152     73021329.21620983      27884892.54713822      57755.76897858448      
-128849845.8999973     72965316.44190067      27856654.83381737      57755.80022858448      
-128889419.8539324     72909284.31637551      27828408.75253292      57755.83147858448      
-128928954.9125742     72853232.85960618      27800154.31190112      57755.86272858448      
-128968451.0648895     72797162.09156939      27771891.52054034      57755.89397858448      
-129007908.2998571     72741072.03224659      27743620.3870711       57755.92522858448      
-129047326.6064684     72684962.70162405      27715340.92011604      57755.95647858448      
-129086705.9737271     72628834.11969283      27687053.12829996      57755.98772858448      
-129126046.3906159     72572686.3065068       27658757.02025425      57756.01897858448      
-129165347.8461781     72516519.28204142      27630452.60460601      57756.05022858448      
-129204610.329476      72460333.06626542      27602139.88998359      57756.08147858448      
-129243833.8295543     72404127.67920354      27573818.88502683      57756.11272858448      
-129283018.3354978     72347903.14083964      27545489.59835795      57756.14397858448      
-129322163.8363759     72291659.47120805      27517152.03862106      57756.17522858448      
-129361270.3212798     72235396.69033273      27488806.21445582      57756.20647858448      
-129400337.7793131     72179114.81824236      27460452.13450404      57756.23772858448      
-129439366.1995918     72122813.87497048      27432089.80740962      57756.26897858448      
-129478355.5712441     72066493.88055545      27403719.24181865      57756.30022858448      
-129517305.883411      72010154.85504031      27375340.4463793       57756.33147858448      
-129556217.1252457     71953796.81847304      27346953.42974191      57756.36272858448      
-129595089.2859138     71897419.79090631      27318558.20055892      57756.39397858448      
-129633922.3545934     71841023.79239763      27290154.76748493      57756.42522858448      
-129672716.3204749     71784608.84300922      27261743.13917666      57756.45647858448      
-129711471.1727612     71728174.96280816      27233323.32429296      57756.48772858448      
-129750186.9006677     71671722.17186624      27204895.33149482      57756.51897858448      
-129788863.4934221     71615250.49026003      27176459.16944533      57756.55022858448      
-129827500.9402645     71558759.93807091      27148014.84680975      57756.58147858448      
-129866099.2304476     71502250.53538495      27119562.37225545      57756.61272858448      
-129904658.3532364     71445722.30229303      27091101.75445192      57756.64397858448      
-129943178.2979083     71389175.25889073      27062633.00207081      57756.67522858448      
-129981659.0537532     71332609.4252784       27034156.12378587      57756.70647858448      
-130020100.6100734     71276024.82156113      27005671.12827299      57756.73772858448      
-130058502.9561837     71219421.4678487       26977178.02421018      57756.76897858448      
-130096866.0814024     71162799.38427097      26948676.82028421      57756.80022858448      
-130135189.975087      71106158.59091656      26920167.5251641       57756.83147858448      
-130173474.6265805     71049499.10792473      26891650.14754087      57756.86272858448      
-130211720.0252476     70992820.95542413      26863124.69610103      57756.89397858448      
-130249926.1604653     70936124.15354811      26834591.17953322      57756.92522858448      
-130288093.021623      70879408.7224347       26806049.60652823      57756.95647858448      
-130326220.5981226     70822674.68222664      26777499.98577892      57756.98772858448      
-130341181.9923656     70800390.97467685      26766286.77077924      57756.99999999999      
