334126.500068396       -200730.4527113581     -112366.0054897289     57727                  
334160.0381706851      -200688.3441490812     -112343.5425955715     57727.00069444445      
334202.8417902861      -200634.5829274786     -112314.8633804736     57727.00158095954      
334250.433813537       -200574.7819301241     -112282.9619676446     57727.00256693504      
334303.6285609939      -200507.9090432868     -112247.2876803886     57727.00366934125      
334363.0993048406      -200433.1065149786     -112207.3828292597     57727.00490225861      
334429.6110551308      -200349.3978541063     -112162.7263488594     57727.00628170704      
334504.0295486243      -200255.6755544913     -112112.7272396341     57727.00782584328      
334587.3256770515      -200150.6943130476     -112056.720938306      57727.0095550663       
334680.5954714626      -200033.0443327503     -111993.9550607906     57727.01149244919      
334785.0719637317      -199901.1344274544     -111923.5803701036     57727.01366400735      
334902.0461937037      -199753.2895142039     -111844.7027675467     57727.01609708191      
335032.7456826914      -199587.9021974671     -111756.4641459909     57727.01881783475      
335178.7715776929      -199402.8768941741     -111657.7457895363     57727.02186037917      
335341.9272896283      -199195.8414987169     -111547.281252975      57727.02526327121      
335524.232062884       -198964.1245385117     -111423.6441193519     57727.0290698563       
335727.9451030503      -198704.7174841203     -111285.2278228703     57727.03332885278      
335955.5851549011      -198414.241002424      -111130.2275581648     57727.03809486121      
336209.9761839256      -198088.8755565829     -110956.6031425348     57727.04342944722      
336494.2760483609      -197724.31056468       -110762.0517513782     57727.04940190409      
336811.998778286       -197315.698059101      -110543.9830205736     57727.05608992357      
337167.0980651629      -196857.5227734425     -110299.4495021801     57727.06358161114      
337563.9455427073      -196343.6014094676     -110025.1460034661     57727.07197535731      
338007.4490336043      -195766.8936586388     -109717.3083854502     57727.08138275064      
338503.0618001677      -195119.4436834842     -109371.6818940502     57727.09192930964      
339056.8547509034      -194392.2274625639     -108983.4391286549     57727.10375669357      
339675.6333028364      -193574.9240235577     -108547.0572156971     57727.11702607173      
340366.8909266888      -192655.880441569      -108056.2982384025     57727.13191824916      
341138.9677296616      -191621.7800156442     -107504.0309472758     57727.14863849828      
342001.1242470464      -190457.3850017091     -106882.0919364372     57727.1674200179       
342963.4894450631      -189145.4051447042     -106181.2136197464     57727.18852518271      
344037.2168672184      -187666.0288183139     -105390.7714934567     57727.21225200985      
345234.6236517204      -185996.3939128705     -104498.4984730909     57727.2389412651       
346569.0491302893      -184110.3467548577     -103490.3522698193     57727.26897858448      
347942.4664701922      -182140.4090623407     -102437.1180596947     57727.30022858448      
349300.6488735935      -180162.6583896231     -101379.4567284658     57727.33147858448      
350643.5378889976      -178177.1825897052     -100317.4153730834     57727.36272858448      
351971.0756642628      -176184.0697830698     -99251.04124423147     57727.39397858448      
353283.2049493475      -174183.4083521452     -98180.38174334675     57727.42522858448      
354579.8690962129      -172175.2869399329     -97105.48442186366     57727.45647858448      
355861.0120587749      -170159.7944486771     -96026.39698048348     57727.48772858448      
357126.5783958395      -168137.0200338583     -94943.16726594006     57727.51897858448      
358376.5132695323      -166107.053105229      -93855.84327153501     57727.55022858448      
359610.7624481752      -164069.9833208139     -92764.47313390618     57727.58147858448      
360829.2723061781      -162025.90058562       -91669.10513231759     57727.61272858448      
362031.9898239839      -159974.8950503876     -90569.78768797201     57727.64397858448      
363218.8625905407      -157917.0571060616     -89466.5693610302      57727.67522858448      
364389.8388031907      -155852.4773825515     -88359.49884992742     57727.70647858448      
365544.8672676164      -153781.2467475302     -87248.62499071228     57727.73772858448      
366683.8974002123      -151703.4563009125     -86133.99675406783     57727.76897858448      
367806.8792279767      -149619.1973736633     -85015.66324465456     57727.80022858448      
368913.7633884602      -147528.5615266459     -83893.67370047553     57727.83147858448      
370004.5011320413      -145431.640545107      -82768.07748989998     57727.86272858448      
371079.044321823       -143328.5264375349     -81638.92411103302     57727.89397858448      
372137.3454335877      -141219.3114345554     -80506.26319110644     57727.92522858448      
373179.3575582198      -139104.0879829325     -79370.14448324111     57727.95647858448      
374205.0344004063      -136982.9487469412     -78230.61786716738     57727.98772858448      
375214.3302810738      -134855.9866022017     -77087.73334599147     57728.01897858448      
376207.2001371427      -132723.2946350463     -75941.54104561055     57728.05022858448      
377183.5995215828      -130584.9661412815     -74792.09121414663     57728.08147858448      
378143.4846054955      -128441.0946205527     -73639.43421897947     57728.11272858448      
379086.8121779995      -126291.7737754397     -72483.6205461864      57728.14397858448      
380013.5396462199      -124137.0975104775     -71324.70080000086     57728.17522858448      
380923.6250372318      -121977.1599266801     -70162.72569985222     57728.20647858448      
381817.0269980034      -119812.0553205736     -68997.74607983018     57728.23772858448      
382693.7047954042      -117641.8781832631     -67829.81288816835     57728.26897858448      
383553.6183180634      -115466.7231949686     -66658.97718428957     57728.30022858448      
384396.7280763346      -113286.6852241043     -65485.29013829529     57728.33147858448      
385222.9952023255      -111101.8593263903     -64308.80303047347     57728.36272858448      
386032.3814516753      -108912.3407394015     -63129.5672483498      57728.39397858448      
386824.8492035426      -106718.2248816918     -61947.6342862017      57728.42522858448      
387600.3614606619      -104519.6073519495     -60763.05574458968     57728.45647858448      
388358.8818512153      -102316.5839230463     -59575.88332713844     57728.48772858448      
389100.3746279757      -100109.2505437731     -58386.16884145811     57728.51897858448      
389824.8046701382      -97897.70333290183     -57193.96419593162     57728.55022858448      
390532.1374833569      -95682.03857838183     -55999.3213992677      57728.58147858448      
391222.3391998519      -93462.35273656399     -54802.29256007036     57728.61272858448      
391895.3765799798      -91238.74242678846     -53602.92988390794     57728.64397858448      
392551.2170123039      -89011.30443062173     -52401.28567288886     57728.67522858448      
393189.8285137356      -86780.13569112062     -51197.41232525257     57728.70647858448      
393811.1797310326      -84545.33330743483     -49991.36233244574     57728.73772858448      
394415.2399409058      -82306.99453408369     -48783.18827871967     57728.76897858448      
395001.9790501986      -80065.21678025782     -47572.94284074203     57728.80022858448      
395571.367597316       -77820.09760443696     -46360.67878468031     57728.83147858448      
396123.3767523709      -75571.73471370427     -45146.44896581969     57728.86272858448      
396657.9783174053      -73320.22596308425     -43930.30632819502     57728.89397858448      
397175.1447277519      -71065.66935017545     -42712.30390168107     57728.92522858448      
397674.8490522243      -68808.16301450053     -41492.4948016304      57728.95647858448      
398157.0649933823      -66547.80523687853     -40270.93222852395     57728.98772858448      
398621.7668888154      -64284.69443417087     -39047.66946505111     57729.01897858448      
399068.9297114149      -62018.92915842529     -37822.75987580789     57729.05022858448      
399498.5290696674      -59750.60809640105     -36596.25690694467     57729.08147858448      
399910.5412088801      -57479.83006431203     -35368.21408325613     57729.11272858448      
400304.9430114753      -55206.69400718083     -34138.68500786572     57729.14397858448      
400681.7119973546      -52931.29899827258     -32907.72336191049     57729.17522858448      
401040.826325077       -50653.74423377058     -31675.38290165201     57729.20647858448      
401382.264792196       -48374.12903222084     -30441.71745816656     57729.23772858448      
401706.0068356785      -46092.55283399289     -29206.78093704501     57729.26897858448      
402012.0325330948      -43809.11519543708     -27970.62731522226     57729.30022858448      
402300.3226026663      -41523.91579101474     -26733.31064212195     57729.33147858448      
402570.8584044324      -39237.05440746512     -25494.88503649071     57729.36272858448      
402823.6219406832      -36948.63094329261     -24255.40468611229     57729.39397858448      
403058.595856473       -34658.74540826712     -23014.92384752968     57729.42522858448      
403275.7634406543      -32367.49791813349     -21773.49684317215     57729.45647858448      
403475.10862637        -30074.98869412054     -20531.17806108174     57729.48772858448      
403656.6159916297      -27781.31806246151     -19288.02195464681     57729.51897858448      
403820.2707602927      -25486.58644911432     -18044.08303973407     57729.55022858448      
403966.0588026248      -23190.89437928953     -16799.41589442605     57729.58147858448      
404093.9666359379      -20894.3424769879      -15554.07515876423     57729.61272858448      
404203.9814255265      -18597.03145973015     -14308.1155318858      57729.64397858448      
404296.0909852895      -16299.06213810108     -13061.59177177014     57729.67522858448      
404370.2837784378      -14000.53541530056     -11814.55869499007     57729.70647858448      
404426.5489183851      -11701.55228188204     -10567.07117385246     57729.73772858448      
404464.8761694384      -9402.213815309082     -9319.184136152129     57729.76897858448      
404485.2559475753      -7102.621179516933     -8070.952564929428     57729.80022858448      
404487.679321292       -4802.8756196579       -6822.431495613846     57729.83147858448      
404472.1380123649      -2503.078461667193     -5573.67601578363      57729.86272858448      
404438.6243966991      -203.331111831445      -4324.741264927724     57729.89397858448      
404387.1315051362      2096.264948460525      -3075.682431591654     57729.92522858448      
404317.65302429        4395.608163146194      -1826.554753140852     57729.95647858448      
404230.1832974681      6694.596901917494      -577.4135155250821     57729.98772858448      
404124.7173254418      8993.129465466325      671.6859495743338      57730.01897858448      
404001.2507673571      11291.10408591117      1920.688264979479      57730.05022858448      
403859.7799417321      13588.41892722552      3169.538008250942      57730.08147858448      
403700.3018271917      15884.97209048179      4418.17971454025       57730.11272858448      
403522.8140634549      18180.6616142797       5666.557876825199      57730.14397858448      
403327.3149524113      20475.38547517909      6914.616946146563      57730.17522858448      
403113.8034588203      22769.04159294402      8162.301334461299      57730.20647858448      
402882.279211379       25061.52783097714      9409.555414880357      57730.23772858448      
402632.7425038774      27352.74199676077      10656.3235219092       57730.26897858448      
402365.1942958668      29642.58184710354      11902.54995430292      57730.30022858448      
402079.6362138063      31930.94508858471      13148.17897530879      57730.33147858448      
401776.0705523023      34217.72937800787      14393.15481291284      57730.36272858448      
401454.5002747438      36502.83232765228      15637.42166269813      57730.39397858448      
401114.9290145331      38786.1515057316       16880.92368809434      57730.42522858448      
400757.3610764073      41067.58443686438      18123.60502063275      57730.45647858448      
400381.8014370448      43347.02860733273      19365.40976280899      57730.48772858448      
399988.25574638        45624.38146555969      20606.28198834205      57730.51897858448      
399576.7303290095      47899.5404226012       21846.16574244008      57730.55022858448      
399147.2321847698      50172.40285741448      23085.00504466905      57730.58147858448      
398699.768990138       52442.86611735883      24322.74388922358      57730.61272858448      
398234.3490997233      54710.82751871351      25559.32624520615      57730.64397858448      
397750.9815468179      56976.18435195866      26794.69605950299      57730.67522858448      
397249.676044884       59238.83388230422      28028.79725706944      57730.70647858448      
396730.4429891319      61498.67335023843      29261.57374122504      57730.73772858448      
396193.2934570452      63755.59997682428      30492.96939653825      57730.76897858448      
395638.2392099547      66009.51096426125      31722.92808912893      57730.80022858448      
395065.292694704       68260.30349646938      32951.39366698192      57730.83147858448      
394474.4670441495      70507.87474440418      34178.30996284231      57730.86272858448      
393865.7760788224      72752.12186665628      35403.6207945376       57730.89397858448      
393239.2343086818      74992.94201007603      36627.26996531265      57730.92522858448      
392594.8569335907      77230.23231511007      37849.20126673703      57730.95647858448      
391932.6598450659      79463.88991644373      39069.35847904978      57730.98772858448      
391252.6596281633      81693.81194348376      40287.68537147421      57731.01897858448      
390554.8735618269      83919.89552617495      41504.12570524611      57731.05022858448      
389839.319620775       86142.03779546183      42718.62323393032      57731.08147858448      
389106.0164774666      88360.13588385568      43931.12170377019      57731.11272858448      
388354.9835025051      90574.0869309398       45141.56485665188      57731.14397858448      
387586.2407665636      92783.78808411372      46349.89643050272      57731.17522858448      
386799.809042403       94989.13649937123      47556.06015970698      57731.20647858448      
385995.7098052773      97190.02934672133      48759.99977806054      57731.23772858448      
385173.9652349474      99386.36381099153      49961.65901920061      57731.26897858448      
384334.5982177869      101578.0370926678      51160.98161705425      57731.30022858448      
383477.6323471629      103764.9464133506      52357.91130881276      57731.33147858448      
382603.0919255379      105946.9890166232      53552.39183539553      57731.36272858448      
381711.0019666618      108124.0621689586      54744.3669419347       57731.39397858448      
380801.3881959292      110296.0631652151      55933.7803807709       57731.42522858448      
379874.2770525675      112462.8893295744      57120.57591195476      57731.45647858448      
378929.6956919141      114624.4380165219      58304.69730377038      57731.48772858448      
377967.6719857497      116780.6066163854      59486.08833575495      57731.51897858448      
376988.2345248014      118931.2925558486      60664.69279896659      57731.55022858448      
375991.412619954       121076.3933015116      61840.45449792048      57731.58147858448      
374977.2363048585      123215.8063604748      63013.31725089353      57731.61272858448      
373945.7363362299      125349.4292859393      64183.22489297879      57731.64397858448      
372896.9441962314      127477.1596783323      65350.12127668646      57731.67522858448      
371830.8920949471      129598.8951864813      66513.95027257098      57731.70647858448      
370747.6129706524      131714.5335132672      67674.65577231425      57731.73772858448      
369647.14049228        133823.972416839       68832.18168937479      57731.76897858448      
368529.5090619714      135927.1097118812      69986.47195966463      57731.80022858448      
367394.7538153202      138023.8432753232      71137.47054466346      57731.83147858448      
366242.9106239152      140114.0710476496      72285.12143211931      57731.86272858448      
365074.0160979713      142197.691034267       73429.36863677856      57731.89397858448      
363888.1075865404      144274.6013112738      74570.15620353335      57731.92522858448      
362685.2231801321      146344.7000268723      75707.42820817717      57731.95647858448      
361465.4017134189      148407.8854028408      76841.12875819115      57731.98772858448      
360228.6827653805      150464.0557404596      77971.20199590495      57732.01897858448      
358975.1066620789      152513.109421808       79097.59209936444      57732.05022858448      
357704.7144793951      154554.9449114618      80220.24328315131      57732.08147858448      
356417.5480431448      156589.4607624712      81339.09980158547      57732.11272858448      
355113.6499318617      158616.555617939       82454.10594961402      57732.14397858448      
353793.0634796428      160636.1282127222      83565.20606372118      57732.17522858448      
352455.8327762536      162648.0773794074      84672.34452518971      57732.20647858448      
351102.0026702748      164652.3020496016      85775.46576078478      57732.23772858448      
349731.6187704249      166648.7012580861      86874.51424501244      57732.26897858448      
348344.7274487963      168637.1741442122      87969.43450086022      57732.30022858448      
346941.3758409041      170617.6199579824      89060.1711031161       57732.33147858448      
345521.611848596       172589.9380619769      90146.66867940083      57732.36272858448      
344085.4841430421      174554.027933354       91228.8719112392       57732.39397858448      
342633.042164736       176509.7891700137      92306.72553742489      57732.42522858448      
341164.3361264625      178457.1214926606      93380.17435512607      57732.45647858448      
339679.4170163386      180395.9247469419      94449.16322103146      57732.48772858448      
338178.3365977647      182326.0989096998      95513.63705476387      57732.51897858448      
336661.1474124424      184247.5440911757      96573.54084006223      57732.55022858448      
335127.9027834695      186160.1605372921      97628.81962600522      57732.58147858448      
333578.6568152318      188063.8486359974      98679.41853047632      57732.61272858448      
332013.4643964645      189958.5089196191      99725.28274142601      57732.64397858448      
330432.3812033852      191844.0420672975      100766.3575181779      57732.67522858448      
328835.4636995304      193720.3489114264      101802.5881949465      57732.70647858448      
327222.7691392347      195587.3304397256      102833.9201819425      57732.73772858448      
325594.3555689115      197444.8878000009      103860.2989679631      57732.76897858448      
323950.2818305988      199292.9223023489      104881.6701215686      57732.80022858448      
322290.6075617067      201131.3354257334      105897.9792946748      57732.83147858448      
320615.3931981605      202960.0288207063      106909.1722240158      57732.86272858448      
318924.6999776064      204778.9043122188      107915.1947326535      57732.89397858448      
317218.5899390859      206587.8639063034      108915.9927336292      57732.92522858448      
315497.1259262013      208386.8097929637      109911.5122315169      57732.95647858448      
313760.371590341       210175.6443491569      110901.6993240268      57732.98772858448      
312008.3913902739      211954.270145586       111886.5002057171      57733.01897858448      
310241.2505953303      213722.5899497641      112865.8611696423      57733.05022858448      
308459.0152886382      215480.506729174       113839.7286090532      57733.08147858448      
306661.7523666312      217227.9236581744      114808.0490211715      57733.11272858448      
304849.5295426597      218964.7441208419      115770.769008713       57733.14397858448      
303022.4153481118      220690.8717163282      116727.8352828039      57733.17522858448      
301180.4791360643      222406.2102618541      117679.1946645865      57733.20647858448      
299323.7910806647      224110.6637997751      118624.7940890816      57733.23772858448      
297452.4221803132      225804.1366010739      119564.5806070706      57733.26897858448      
295566.4442608912      227486.533168955       120498.5013870316      57733.30022858448      
293665.9299750392      229157.7582460335      121426.5037190703      57733.33147858448      
291750.9528053229      230817.7168180199      122348.5350169067      57733.36272858448      
289821.5870674444      232466.3141175105      123264.5428199178      57733.39397858448      
287877.9079094051      234103.4556313019      124174.4747971389      57733.42522858448      
285919.9913151063      235729.0471038976      125078.2787491477      57733.45647858448      
283947.914105242       237342.994543383       125975.9026112658      57733.48772858448      
281961.753940916       238945.2042250992      126867.2944555336      57733.51897858448      
279961.5893226409      240535.5826991312      127752.4024948075      57733.55022858448      
277947.4995934294      242114.0367944613      128631.175085002       57733.58147858448      
275919.5649419209      243680.4736232347      129503.5607273922      57733.61272858448      
273877.8664012442      245234.8005883806      130369.5080727844      57733.64397858448      
271822.4858520592      246776.9253879744      131228.9659238727      57733.67522858448      
269753.5060256276      248306.7560197144      132081.8832376561      57733.70647858448      
267671.0105025301      249824.2007886778      132928.2091296851      57733.73772858448      
265575.0837161362      251329.1683115474      133767.8928763391      57733.76897858448      
263465.8109531574      252821.5675230471      134600.8839183355      57733.80022858448      
261343.2783571064      254301.3076803465      135427.1318631052      57733.83147858448      
259207.5729268031      255768.2983710022      136246.5864891401      57733.86272858448      
257058.7825192513      257222.4495178222      137059.1977486253      57733.89397858448      
254896.9958525313      258663.6713838481      137864.9157701332      57733.92522858448      
252722.3025041358      260091.8745804359      138663.6908630499      57733.95647858448      
250534.792913753       261506.9700723407      139455.4735203274      57733.98772858448      
248334.5583860325      262908.8691829378      140240.2144213223      57734.01897858448      
246121.6910888078      264297.4836024052      141017.864436246       57734.05022858448      
243896.2840562585      265672.7253927327      141788.3746288899      57734.08147858448      
241658.4311889703      267034.5069947576      142551.6962604751      57734.11272858448      
239408.2272571052      268382.7412333315      143307.7807924379      57734.14397858448      
237145.7678982906      269717.3413257315      144056.5798910393      57734.17522858448      
234871.1496201311      271038.2208872681      144798.0454304047      57734.20647858448      
232584.4698027194      272345.2939370179      145532.1294956311      57734.23772858448      
230285.8266963109      273638.4749063758      146258.7843874762      57734.26897858448      
227975.3194242351      274917.6786445941      146977.9626253567      57734.30022858448      
225653.0479825622      276182.8204262247      147689.6169514131      57734.33147858448      
223319.1132429441      277433.8159568498      148393.7003336134      57734.36272858448      
220973.6169499845      278670.5813818217      149090.165970547       57734.39397858448      
218616.6617233985      279893.0332924023      149778.9672947569      57734.42522858448      
216248.3510601548      281101.0887320296      150460.0579761412      57734.45647858448      
213868.7893315994      282294.6652051963      151133.391926825       57734.48772858448      
211478.0817854378      283473.6806838172      151798.9233046191      57734.51897858448      
209076.3345476923      284638.0536137244      152456.6065165465      57734.55022858448      
206663.6546195658      285787.7029236822      153106.3962237924      57734.58147858448      
204240.1498797937      286922.5480317198      153748.2473451395      57734.61272858448      
201805.9290835732      288042.5088531661      154382.1150613629      57734.64397858448      
199361.1018648063      289147.5058071737      155007.9548187706      57734.67522858448      
196905.7787325924      290237.4598259124      155625.7223342544      57734.70647858448      
194440.0710727291      291312.2923614647      156235.3735990386      57734.73772858448      
191964.0911491727      292371.9253928474      156836.8648824999      57734.76897858448      
189477.952100235       293416.2814353337      157430.1527372901      57734.80022858448      
186981.767940431       294445.2835473333      158015.1940030743      57734.83147858448      
184475.6535587851      295458.855338824       158591.9458111484      57734.86272858448      
181959.7247205397      296456.9209784211      159160.3655882813      57734.89397858448      
179434.0980629327      297439.405202863       159720.4110619318      57734.92522858448      
176898.8910961207      298406.233324419       160272.0402642822      57734.95647858448      
174354.2222040459      299357.331238422       160815.2115363418      57734.98772858448      
171800.2106398914      300292.6254328824      161349.8835331977      57735.01897858448      
169236.9765272969      301212.0429958683      161876.0152281254      57735.05022858448      
166664.6408579644      302115.5116243248      162393.5659173749      57735.08147858448      
164083.3254927411      303002.9596316725      162902.4952242767      57735.11272858448      
161493.153156587       303874.3159575474      163402.7631046287      57735.14397858448      
158894.2474388203      304729.510175694       163894.3298510009      57735.17522858448      
156286.7327932901      305568.4725019805      164377.1560971079      57735.20647858448      
153670.734532978       306391.1338042453      164851.2028232335      57735.23772858448      
151046.3788305356      307197.4256101996      165316.4313605375      57735.26897858448      
148413.7927150663      307987.280116568       165772.8033960747      57735.30022858448      
145773.1040724604      308760.6301971645      166220.2809771983      57735.33147858448      
143124.4416394765      309517.4094128555      166658.8265170528      57735.36272858448      
140467.9350032077      310257.5520198979      167088.4027991294      57735.39397858448      
137803.7146004558      310980.9929783965      167508.9729818861      57735.42522858448      
135131.9117114028      311687.6679623412      167920.5006042857      57735.45647858448      
132452.6584593357      312377.5133679636      168322.9495903576      57735.48772858448      
129766.0878065244      313050.4663231595      168716.2842543792      57735.51897858448      
127072.3335537122      313706.4646960031      169100.469305526       57735.55022858448      
124371.5303332159      314345.4471048666      169475.4698534594      57735.58147858448      
121663.8136081398      314967.3529270093      169841.2514130208      57735.61272858448      
118949.3196676932      315572.1223081331      170197.7799094903      57735.64397858448      
116228.1856261536      316159.6961711198      170545.0216833637      57735.67522858448      
113500.5494153647      316730.0162262083      170882.9434959773      57735.70647858448      
110766.5497827695      317283.0249799208      171211.5125343977      57735.73772858448      
108026.3262893241      317818.6657440939      171530.6964163684      57735.76897858448      
105280.0193015265      318336.8826460825      171840.4631959544      57735.80022858448      
102527.7699896579      318837.6206376997      172140.7813684367      57735.83147858448      
99769.72032204771      319320.825504947       172431.6198756761      57735.86272858448      
97006.01306303266      319786.4438770813      172712.9481110795      57735.89397858448      
94236.79176433579      320234.4232368275      172984.7359252558      57735.92522858448      
91462.20076270767      320664.7119294846      173246.9536310058      57735.95647858448      
88682.3851735503       321077.2591727135      173499.5720087248      57735.98772858448      
85897.49088825872      321472.0150657548      173742.5623114561      57736.01897858448      
83107.66456492529      321848.9305996193      173975.896270542       57736.05022858448      
80313.05362469803      322207.9576664094      174199.5461007434      57736.08147858448      
77513.80624799295      322549.0490687261      174413.4845054086      57736.11272858448      
74710.07136467598      322872.1585298199      174617.6846821074      57736.14397858448      
71901.99865058037      323177.2407029098      174812.120327748       57736.17522858448      
69089.7385199448       323464.2511809948      174996.7656440034      57736.20647858448      
66273.4421216038       323733.1465062557      175171.5953424774      57736.23772858448      
63453.26132845395      323983.8841801209      175336.5846502984      57736.26897858448      
60629.34873329051      324216.4226726579      175491.7093152838      57736.30022858448      
57801.85764053527      324430.7214323485      175636.9456113525      57736.33147858448      
54970.94206173148      324626.7408955446      175772.2703437275      57736.36272858448      
52136.75670427461      324804.4424964098      175897.6608544693      57736.39397858448      
49299.45696588245      324963.7886763793      176013.095027691       57736.42522858448      
46459.1989288956       325104.7428936835      176118.5512948077      57736.45647858448      
43616.13934844457      325227.269633167       176214.0086400101      57736.48772858448      
40770.43564703826      325331.3344157208      176299.4466054623      57736.51897858448      
37922.24590499194      325416.903807894       176374.8452966387      57736.55022858448      
35071.72885464279      325483.9454313035      176440.185387513       57736.58147858448      
32219.0438677659       325532.4279722918      176495.4481259511      57736.61272858448      
29364.35094941765      325562.3211913116      176540.6153388899      57736.64397858448      
26507.81072760716      325573.5959323784      176575.6694375953      57736.67522858448      
23649.58444676571      325566.2241324584      176600.5934228468      57736.70647858448      
20789.83395437209      325540.1788308372      176615.3708901801      57736.73772858448      
17928.72169403608      325495.4341784146      176619.9860350251      57736.76897858448      
15066.41069439651      325431.9654469557      176614.4236578612      57736.80022858448      
12203.06456182283      325349.7490383674      176598.6691693488      57736.83147858448      
9338.847466257032      325248.7624937697      176572.7085954181      57736.86272858448      
6473.924132857475      325128.9845026248      176536.5285823305      57736.89397858448      
3608.459833450625      324990.3949118841      176490.1164017516      57736.92522858448      
742.6203717826148      324832.9747348026      176433.4599557058      57736.95647858448      
-2123.427924755247     324656.7061599613      176366.5477815788      57736.98772858448      
-4989.518217514715     324461.572560015       176289.3690570731      57737.01897858448      
-7855.483165463279     324247.5585007115      176201.9136050653      57737.05022858448      
-10721.15494061504     324014.6497492825      176104.1718984136      57737.08147858448      
-13586.36523702059     323762.8332832185      175996.1350648806      57737.11272858448      
-16450.94528407835     323492.0972987089      175877.7948918322      57737.14397858448      
-19314.72585598784     323202.4312193446      175749.1438310771      57737.17522858448      
-22177.5372880681      322893.8257040958      175610.1750033816      57737.20647858448      
-25039.20948660181     322566.2726558227      175460.8822032075      57737.23772858448      
-27899.57194287526     322219.7652292958      175301.2599032278      57737.26897858448      
-30758.45374341615     321854.2978395873      175131.3032590038      57737.30022858448      
-33615.68358708492     321469.8661695473      174951.0081132339      57737.33147858448      
-36471.08979569861     321066.4671779727      174760.3710003143      57737.36272858448      
-39324.50032884178     320644.0991071683      174559.3891506109      57737.39397858448      
-42175.74279488123     320202.7614909697      174348.0604949433      57737.42522858448      
-45024.64446881443     319742.4551616582      174126.3836685365      57737.45647858448      
-47871.03230366267     319263.1822577332      173894.3580153721      57737.48772858448      
-50714.73294603698     318764.9462309553      173651.9835921854      57737.51897858448      
-53555.57274791624     318247.7518539411      173399.2611727249      57737.55022858448      
-56393.37778523121     317711.6052264621      173136.1922513742      57737.58147858448      
-59227.97387001073     317156.5137827598      172862.7790472624      57737.61272858448      
-62059.18656668038     316582.486298013       172579.0245079551      57737.64397858448      
-64886.8412045848      315989.5328954486      172284.9323134562      57737.67522858448      
-67710.76289727977     315377.6650519628      171980.5068794688      57737.70647858448      
-70530.77655540853     314746.8956049239      171665.7533612338      57737.73772858448      
-73346.70690370582     314097.2387580042      171340.6776568806      57737.76897858448      
-76158.37849423793     313428.7100877481      171005.2864111417      57737.80022858448      
-78965.61572636949     312741.3265484601      170659.58701822        57737.83147858448      
-81768.24286034128     312035.1064784352      170303.5876253225      57737.86272858448      
-84566.08403494446     311310.0696051         169937.2971356418      57737.89397858448      
-87358.96328144724     310566.2370509791      169560.7252117496      57737.92522858448      
-90146.70454419575     309803.6313377945      169173.8822780401      57737.95647858448      
-92929.13169485783     309022.2763920663      168776.7795239278      57737.98772858448      
-95706.06855092816     308222.1975494021      168369.4289065055      57738.01897858448      
-98477.33888981234     307403.4215600571      167951.8431533964      57738.05022858448      
-101242.7664702663     306565.9765920659      167524.0357648418      57738.08147858448      
-104002.1750474279     305709.8922360729      167086.0210165942      57738.11272858448      
-106755.3883915789     304835.1995089863      166637.8139620193      57738.14397858448      
-109502.2303033227     303941.9308585785      166179.4304347558      57738.17522858448      
-112242.5246353066     303030.1201658412      165710.8870502216      57738.20647858448      
-114976.0953076669     302099.8027491664      165232.2012080485      57738.23772858448      
-117702.7663274445     301151.0153670841      164743.3910937724      57738.26897858448      
-120422.3618043139     300183.7962220981      164244.4756810837      57738.30022858448      
-123134.7059727811     299198.1849620948      163735.4747328208      57738.33147858448      
-125839.6232081503     298194.2226837371      163216.4088029828      57738.36272858448      
-128536.9380464088     297171.9519342984      162687.2992379309      57738.39397858448      
-131226.4752004499     296131.4167146884      162148.1681782026      57738.42522858448      
-133908.0595826805     295072.6624798669      161599.0385589679      57738.45647858448      
-136581.5163214493     293995.7361414037      161039.9341115914      57738.48772858448      
-139246.6707813348     292900.6860683655      160470.8793643224      57738.51897858448      
-141903.3485797993     291787.5620894852      159891.8996436462      57738.55022858448      
-144551.3756101339     290656.4154925392      159303.0210741793      57738.58147858448      
-147190.5780582825     289507.2990260306      158704.2705797575      57738.61272858448      
-149820.7824234614     288340.2668990878      158095.6758835914      57738.64397858448      
-152441.8155351741     287155.3747827362      157477.265509132       57738.67522858448      
-155053.5045764189     285952.6798082029      156849.0687793837      57738.70647858448      
-157655.6771008351     284732.2405676835      156211.1158174974      57738.73772858448      
-160248.1610535777     283494.1171132175      155563.4375463699      57738.76897858448      
-162830.7847886199     282238.3709570271      154906.065689005       57738.80022858448      
-165403.3770921392     280965.0650687148      154239.032767225       57738.83147858448      
-167965.7671999106     279674.2638750837      153562.3721017498      57738.86272858448      
-170517.7848177617     278366.0332582638      152876.1178113853      57738.89397858448      
-173059.2601420477     277040.4405535553      152180.3048120557      57738.92522858448      
-175590.0238772005     275697.5545485597      151474.9688165099      57738.95647858448      
-178109.9072592176     274337.445478958       150760.1463322605      57738.98772858448      
-180618.7420732492     272960.1850271085      150035.8746609987      57739.01897858448      
-183116.3606747398     271565.8463185148      149302.1918968859      57739.05022858448      
-185602.5960070826     270154.5039199653      148559.1369257192      57739.08147858448      
-188077.2816250857     268726.2338341539      147806.7494222407      57739.11272858448      
-190540.251712619      267281.1134972774      147045.0698490076      57739.14397858448      
-192991.3411037304     265819.221774404       146274.1394540842      57739.17522858448      
-195430.3853003154     264340.6389566032      145494.000269658       57739.20647858448      
-197857.2204954691     262845.4467543994      144704.6951087114      57739.23772858448      
-200271.6835911026     261333.7282943543      143906.2675633396      57739.26897858448      
-202673.6122183825     259805.5681136847      143098.7620020254      57739.30022858448      
-205062.8447581161     258261.0521545864      142282.2235667555      57739.33147858448      
-207439.2203583137     256700.267760091       141456.6981709413      57739.36272858448      
-209802.5789572613     255123.303666053       140622.2324952895      57739.39397858448      
-212152.7613009704     253530.2499964598      139778.8739854239      57739.42522858448      
-214489.6089638939     251921.1982563022      138926.6708482125      57739.45647858448      
-216812.9643663006     250296.2413264126      138065.6720491321      57739.48772858448      
-219122.670797013      248655.4734542843      137195.927307499       57739.51897858448      
-221418.5724306205     246998.9902483651      136317.4870935345      57739.55022858448      
-223700.5143478619     245326.8886698255      135430.4026240886      57739.58147858448      
-225968.3425527182     243639.2670263842      134534.7258594498      57739.61272858448      
-228221.9039947171     241936.2249619734      133630.5094979421      57739.64397858448      
-230461.0465858178     240217.8634500267      132717.8069724407      57739.67522858448      
-232685.6192198467     238484.2847845655      131796.672445713       57739.70647858448      
-234895.4717917974     236735.5925710007      130867.1608056052      57739.73772858448      
-237090.4552144425     234971.8917187164      129929.3276611696      57739.76897858448      
-239270.4214399588     233193.2884293194      128983.2293364847      57739.80022858448      
-241435.223476271      231399.8901887003      128028.9228664963      57739.83147858448      
-243584.7154063334     229591.8057563872      127066.4659914135      57739.86272858448      
-245718.7524042533     227769.1451571608      126095.9171523048      57739.89397858448      
-247837.1907562651     225932.0196682063      125117.3354843129      57739.92522858448      
-249939.8878765406     224080.5418102231      124130.7808119724      57739.95647858448      
-252026.7023253451     222214.8253361887      123136.3136432724      57739.98772858448      
-254097.49382721       220334.985219661       122133.9951635035      57740.01897858448      
-256152.1232858232     218441.1376456997      121123.887230387       57740.05022858448      
-258190.452804312      216533.3999964739      120106.0523664731      57740.08147858448      
-260212.3457004318     214611.8908410673      119080.5537537709      57740.11272858448      
-262217.6665241536     212676.7299227002      118047.4552269471      57740.14397858448      
-264206.28107237       210728.0381482952      117006.8212677914      57740.17522858448      
-266178.0564080701     208765.9375733077      115958.7169971483      57740.20647858448      
-268132.860874636      206790.5513908356      114903.2081691293      57740.23772858448      
-270070.5641122709     204802.0039182599      113840.3611640025      57740.26897858448      
-271991.0370741902     202800.4205836499      112770.2429809517      57740.30022858448      
-273894.1520403635     200785.9279142901      111692.9212319651      57740.33147858448      
-275779.7826355022     198758.653520333       110608.4641331137      57740.36272858448      
-277647.8038423421     196718.7260829032      109516.9404982061      57740.39397858448      
-279498.0920173649     194666.2753391945      108418.4197308295      57740.42522858448      
-281330.5249036861     192601.4320702252      107312.9718178097      57740.45647858448      
-283144.9816480047     190524.3280836182      106200.667320004       57740.48772858448      
-284941.3428129865     188435.0962009804      105081.5773655512      57740.51897858448      
-286719.4903915628     186333.8702427367      103955.7736417552      57740.55022858448      
-288479.3078210091     184220.7850126505      102823.3283867956      57740.58147858448      
-290220.6799946231     182095.9762847408      101684.314382719       57740.61272858448      
-291943.49327728       179959.5807850741      100538.8049456786      57740.64397858448      
-293647.6355166244     177811.7361782991      99386.87391871282      57740.67522858448      
-295332.9960560497     175652.5810515629      98228.59566311447      57740.70647858448      
-296999.4657473773     173482.2548982504      97064.04504970254      57740.73772858448      
-298646.9369613282     171300.8981041002      95893.29745136392      57740.76897858448      
-300275.3036015918     169108.6519281135      94716.42873279766      57740.80022858448      
-301884.4611147271     166905.6584883693      93533.5152428872       57740.83147858448      
-303474.3065020959     164692.0607446582      92344.633805362        57740.86272858448      
-305044.7383292726     162468.0024840668      91149.86171103879      57740.89397858448      
-306595.656738863      160233.6283012728      89949.27670721911      57740.92522858448      
-308126.9634593234     157989.0835838678      88742.95698978183      57740.95647858448      
-309638.5618153424     155734.5144949842      87530.9811938252       57740.98772858448      
-311130.3567379251     153470.0679557748      86313.42838417541      57741.01897858448      
-312602.2547723583     151195.8916304828      85090.37804745456      57741.05022858448      
-314054.1640894407     148912.1339060672      83861.91008103314      57741.08147858448      
-315485.9944929184     146618.9438770032      82628.104784785        57741.11272858448      
-316897.6574283238     144316.4713273805      81389.04285145618      57741.14397858448      
-318289.0659914953     142004.8667128886      80144.80535693749      57741.17522858448      
-319660.1349351769     139684.2811454108      78895.47375193788      57741.20647858448      
-321010.7806785443     137354.8663721537      77641.12985071313      57741.23772858448      
-322340.9213131752     135016.774760084       76381.8558226468       57741.26897858448      
-323650.4766103358     132670.1592776073      75117.73418234366      57741.30022858448      
-324939.3680279268     130315.1734761706      73848.84777967831      57741.33147858448      
-326207.518715623      127951.9714745531      72575.27979128751      57741.36272858448      
-327454.8535226952     125580.7079376154      71297.113709075        57741.39397858448      
-328681.2990025122     123201.5380604853      70014.43333164025      57741.42522858448      
-329886.7834182374     120814.6175499603      68727.3227542052       57741.45647858448      
-331071.2367481798     118420.1026058623      67435.86635851141      57741.48772858448      
-332234.5906894598     116018.1499051515      66140.1488042011       57741.51897858448      
-333376.7786641135     113608.9165804344      64840.25501717273      57741.55022858448      
-334497.7358221194     111192.5602040263      63536.27018092757      57741.58147858448      
-335597.3990454968     108769.2387692105      62228.27972640193      57741.61272858448      
-336675.7069520623     106339.1106714775      60916.36932178477      57741.64397858448      
-337732.5998976245     103902.3346925892      59600.62486385713      57741.67522858448      
-338768.0199803719     101459.0699789829      58281.13246627261      57741.70647858448      
-339781.9110424343     99009.47602583597      56957.97845089069      57741.73772858448      
-340774.2186723959     96553.71265831287      55631.24933758579      57741.76897858448      
-341744.8902074702     94091.94001281845      54301.03183405616      57741.80022858448      
-342693.8747342421     91624.31852113792      52967.41282718971      57741.83147858448      
-343621.123091361      89151.00888886822      51630.47937134208      57741.86272858448      
-344526.5878696612     86672.17207960907      50290.31867972373      57741.89397858448      
-345410.2234131172     84187.9692963242       48947.01811425524      57741.92522858448      
-346271.9858194667     81698.56196273374      47600.66517543601      57741.95647858448      
-347111.8329395372     79204.11170765017      46251.34749380218      57741.98772858448      
-347929.7243782768     76704.78034356509      44899.15281827222      57742.01897858448      
-348725.6214934759     74200.72985108411      43544.16900765243      57742.05022858448      
-349499.4873952066     71692.12236052293      42186.48402060446      57742.08147858448      
-350251.2869449396     69179.1201335587       40826.18590563956      57742.11272858448      
-350980.9867535039     66661.88554787532      39463.3627927308       57742.14397858448      
-351688.5551805053     64140.581076027        38098.1028817929       57742.17522858448      
-352373.962331704      61615.36927022767      36730.49443436684      57742.20647858448      
-353037.180056995      59086.41274429538      35360.62576376204      57742.23772858448      
-353678.1819480767     56553.87415567504      33988.58522523797      57742.26897858448      
-354296.9433351069     54017.91619049846      32614.46120782872      57742.30022858448      
-354893.4412845713     51478.70154283857      31238.34212301958      57742.33147858448      
-355467.6545953848     48936.39289995527      29860.31639666708      57742.36272858448      
-356019.5637954806     46391.15292469366      28480.47245937395      57742.39397858448      
-356549.1511381033     43843.14423798143      27098.89873691502      57742.42522858448      
-357056.4005972322     41292.52940440045      25715.6836423276       57742.45647858448      
-357541.2978639773     38739.47091193601      24330.91556484246      57742.48772858448      
-358003.830341481      36184.13115777202      22944.68286209068      57742.51897858448      
-358443.9871401953     33626.67243123886      21557.07385076429      57742.55022858448      
-358861.7590727851     31067.25689747507      20168.17679766177      57742.58147858448      
-359257.1386488794     28506.04658061696      18778.07991047495      57742.61272858448      
-359630.1200691288     25943.2033500981       17386.87133026165      57742.64397858448      
-359980.6992199433     23378.88890111571      15994.63912075014      57742.67522858448      
-360308.873667073      20813.26474119374      14601.47126095042      57742.70647858448      
-360614.6426494278     18246.49217390158      13207.45563621963      57742.73772858448      
-360898.0070726417     15678.73228271045      11812.68002939979      57742.76897858448      
-361158.9695020954     13110.14591798164      10417.2321136548       57742.80022858448      
-361397.5341563764     10540.89367812089      9021.199442136367      57742.83147858448      
-361613.7068998623     7971.135896858664      7624.669440975485      57742.86272858448      
-361807.4952354328     5401.032627691511      6227.729400729901      57742.89397858448      
-361978.9082969103     2830.743629073495      4830.466468237105      57742.92522858448      
-362127.9568413313     260.4283491638908      3432.96763822415       57742.95647858448      
-362254.6532408569     -2309.754086275919     2035.319746627782      57742.98772858448      
-362359.0114748266     -4879.644892273839     637.6094607966521      57743.01897858448      
-362441.0471212868     -7449.085635310204     -760.0767271425831     57743.05022858448      
-362500.7773485165     -10017.91824849103     -2157.652508272241     57743.08147858448      
-362538.2209063257     -12585.98504637637     -3555.03176480308      57743.11272858448      
-362553.3981171564     -15153.12873598635     -4952.128576351945     57743.14397858448      
-362546.3308670914     -17719.19243390298     -6348.857229351458     57743.17522858448      
-362517.0425966065     -20284.01967722271     -7745.132223115328     57743.20647858448      
-362465.55829121       -22847.45443732757     -9140.868277438898     57743.23772858448      
-362391.9044719157     -25409.34113288558     -10535.98033978193     57743.26897858448      
-362296.1091855356     -27969.52464327302     -11930.38359268281     57743.30022858448      
-362178.2019949449     -30527.85031884166     -13323.99345945579     57743.33147858448      
-362038.2139689722     -33084.16399697022     -14716.72561304021     57743.36272858448      
-361876.1776723693     -35638.31201197694     -16108.49598150778     57743.39397858448      
-361692.1271555394     -38190.14120783503     -17499.22075509764     57743.42522858448      
-361486.0979441545     -40739.49895011234     -18888.81639283055     57743.45647858448      
-361258.1270285893     -43286.23313832399     -20277.19962934943     57743.48772858448      
-361008.2528535044     -45830.19221514009     -21664.28748004691     57743.51897858448      
-360736.5153067762     -48371.22518134127     -23049.99724932769     57743.55022858448      
-360442.9557088359     -50909.18160466196     -24434.24653554016     57743.58147858448      
-360127.6168016416     -53443.91163141718     -25816.95323742657     57743.61272858448      
-359790.542737513      -55975.26599794204     -27198.03556047279     57743.64397858448      
-359431.7790682644     -58503.09603890275     -28577.41202155215     57743.67522858448      
-359051.3727334493     -61027.25370131702     -29955.00145668586     57743.70647858448      
-358649.3720492911     -63547.59155249681     -31330.72302548833     57743.73772858448      
-358225.8266971399     -66063.96279075513     -32704.49621712209     57743.76897858448      
-357780.7877119179     -68576.22125533999     -34076.24085583171     57743.80022858448      
-357314.3074703736     -71084.22143676793     -35445.87710669734     57743.83147858448      
-356826.4396798083     -73587.81848405613     -36813.32547969566     57743.86272858448      
-356317.2393656371     -76086.86821760988     -38178.50683685007     57743.89397858448      
-355786.7628599624     -78581.22713608659     -39541.3423960928      57743.92522858448      
-355235.0677895448     -81070.75242599845     -40901.75373662341     57743.95647858448      
-354662.2130638188     -83555.30197054861     -42259.66280384963     57743.98772858448      
-354068.2588627663     -86034.73435864058     -43614.99191451461     57744.01897858448      
-353453.266625242      -88508.90889158437     -44967.66376025372     57744.05022858448      
-352817.299036058      -90977.68559457644     -46317.60141409746     57744.08147858448      
-352160.4200143872     -93440.92522232153     -47664.72833373278     57744.11272858448      
-351482.6947013533     -95898.48926768199     -49008.96836628982     57744.14397858448      
-350784.1894477527     -98350.23996943259     -50350.24575269716     57744.17522858448      
-350064.971801739      -100796.0403198383     -51688.48513194098     57744.20647858448      
-349325.1104963009     -103235.754072622      -53023.6115455386      57744.23772858448      
-348564.6754375792     -105669.2457479192     -54355.55044036357     57744.26897858448      
-347783.7376914295     -108096.3806427363     -55684.22767448366     57744.30022858448      
-346982.3694716812     -110517.0248355532     -57009.56951979525     57744.33147858448      
-346160.6441275229     -112931.045193596      -58331.50266611905     57744.36272858448      
-345318.6361310413     -115338.3093793696     -59649.95422489174     57744.39397858448      
-344456.4210645443     -117738.6858575769     -60964.85173307043     57744.42522858448      
-343574.0756088861     -120132.0438990786     -62276.12315541595     57744.45647858448      
-342671.6775297727     -122518.253590271      -63583.69688974528     57744.48772858448      
-341749.3056660572     -124897.1858367023     -64887.50176902831     57744.51897858448      
-340807.0399170145     -127268.7123693025     -66187.46706491726     57744.55022858448      
-339844.9612298989     -129632.7057499379     -67483.52249090579     57744.58147858448      
-338863.1515872066     -131989.0393773198     -68775.59820568323     57744.61272858448      
-337861.6939951119     -134337.5874900131     -70063.62481489962     57744.64397858448      
-336840.6724696236     -136678.2251747711     -71347.53337585143     57744.67522858448      
-335800.1720250374     -139010.8283692246     -72627.25539907199     57744.70647858448      
-334740.278661268      -141335.2738671594     -73902.72285134185     57744.73772858448      
-333661.0793514248     -143651.4393230892     -75173.86815831302     57744.76897858448      
-332562.662029409      -145959.203256675      -76440.62420704967     57744.80022858448      
-331445.115577272      -148258.4450575265     -77702.92434877872     57744.83147858448      
-330308.5298139061     -150549.0449871795     -78960.70240009084     57744.86272858448      
-329152.9954811577     -152830.8841862765     -80213.8926469977      57744.89397858448      
-327978.6042325674     -155103.8446762433     -81462.42984596896     57744.92522858448      
-326785.4486208496     -157367.8093635019     -82706.2492263608      57744.95647858448      
-325573.622085663      -159622.6620430009     -83945.28649247136     57744.98772858448      
-324343.2189411308     -161868.2874021284     -85179.47782580534     57745.01897858448      
-323094.3343648384     -164104.571021871      -86408.75988582672     57745.05022858448      
-321827.0643840012     -166331.399383063      -87633.06981350816     57745.08147858448      
-320541.5058645379     -168548.6598672661     -88852.34523193077     57745.11272858448      
-319237.7564987611     -170756.2407601337     -90066.52424824846     57745.14397858448      
-317915.9147933991     -172954.0312541163     -91275.54545529142     57745.17522858448      
-316576.0800576662     -175141.9214510371     -92479.34793309758     57745.20647858448      
-315218.3523910643     -177319.8023650428     -93677.87125065166     57745.23772858448      
-313842.8326728234     -179487.565922896      -94871.05546616044     57745.26897858448      
-312449.6225482296     -181645.1049692094     -96058.84113004871     57745.30022858448      
-311038.8244181655     -183792.3132664831     -97241.16928509499     57745.33147858448      
-309610.5414271313     -185929.085497559      -98417.98146789765     57745.36272858448      
-308164.8774516401     -188055.3172674464     -99589.21970999501     57745.39397858448      
-306701.9370886695     -190170.9051050294     -100754.8265389206     57745.42522858448      
-305221.8256438287     -192275.746465146      -101914.7449794634     57745.45647858448      
-303724.649121317      -194369.739728107      -103068.9185535172     57745.48772858448      
-302210.5142104932     -196452.7842039993     -104217.2912825668     57745.51897858448      
-300679.5282759532     -198524.7801319754     -105359.8076874113     57745.55022858448      
-299131.799345955      -200585.6286818881     -106496.4127891795     57745.58147858448      
-297567.4361012531     -202635.2319553265     -107627.0521100159     57745.61272858448      
-295986.5478640003     -204673.4929865464     -108751.671673708      57745.64397858448      
-294389.2445863439     -206700.3157437682     -109870.2180065168     57745.67522858448      
-292775.6368409574     -208715.6051280168     -110982.6381366512     57745.70647858448      
-291145.835807919      -210719.2669765796     -112088.8795962897     57745.73772858448      
-289499.9532653761     -212711.2080616429     -113188.8904209427     57745.76897858448      
-287838.1015784295     -214691.3360911969     -114282.6191500658     57745.80022858448      
-286160.3936884592     -216659.5597093728     -115370.0148273603     57745.83147858448      
-284466.943102524      -218615.7884966873     -116451.0270010216     57745.86272858448      
-282757.8638824356     -220559.9329706476     -117525.605724188      57745.89397858448      
-281033.2706359026     -222491.9045840084     -118593.7015540906     57745.92522858448      
-279293.2785037676     -224411.6157274657     -119655.2655536562     57745.95647858448      
-277538.0031512945     -226318.9797277361     -120710.2492905588     57745.98772858448      
-275767.5607576938     -228213.9108476274     -121758.6048375109     57746.01897858448      
-273982.0680056311     -230096.3242862307     -122800.2847721489     57746.05022858448      
-272181.642071326      -231966.1361783321     -123835.2421769883     57746.08147858448      
-270366.4006142573     -233823.2635942555     -124863.430639564      57746.11272858448      
-268536.461768856      -235667.6245377461     -125884.8042512865     57746.14397858448      
-266691.9441321359     -237499.1379479807     -126899.3176086687     57746.17522858448      
-264832.966755624      -239317.7236971792     -127906.9258121163     57746.20647858448      
-262959.649135264      -241123.3025903098     -128907.5844658782     57746.23772858448      
-261072.111201818      -242915.7963642913     -129901.2496777164     57746.26897858448      
-259170.4733113494     -244695.1276871263     -130887.8780585399     57746.30022858448      
-257254.8562357847     -246461.2201569677     -131867.4267219998     57746.33147858448      
-255325.3811531032     -248213.9983015276     -132839.8532842743     57746.36272858448      
-253382.1696398597     -249953.3875753858     -133805.1158626889     57746.39397858448      
-251425.3436592893     -251679.3143613144     -134763.1730765642     57746.42522858448      
-249455.0255539827     -253391.7059674587     -135713.9840457644     57746.45647858448      
-247471.3380363992     -255090.4906265035     -136657.5083903475     57746.48772858448      
-245474.404179908      -256775.597494373      -137593.7062299558     57746.51897858448      
-243464.3474099087     -258446.9566488744     -138522.538183176      57746.55022858448      
-241441.2914950313     -260104.499088288      -139443.9653668677     57746.58147858448      
-239405.3605379412     -261748.1567302845     -140357.9493956758     57746.61272858448      
-237356.6789685977     -263377.8624088829     -141264.4523804511     57746.64397858448      
-235295.3715328484     -264993.5498751824     -142163.4369287701     57746.67522858448      
-233221.5632858406     -266595.1537942144     -143054.8661432974     57746.70647858448      
-231135.3795831453     -268182.6097436667     -143938.7036211884     57746.73772858448      
-229036.9460724329     -269755.8542121783     -144814.9134532525     57746.76897858448      
-226926.3886852274     -271314.8245975866     -145683.4602230911     57746.80022858448      
-224803.8336287381     -272859.4592051358     -146544.3090062115     57746.83147858448      
-222669.4073772717     -274389.6972459943     -147397.4253693149     57746.86272858448      
-220523.2366662099     -275905.4788339579     -148242.775368571      57746.89397858448      
-218365.4484810929     -277406.7449856717     -149080.3255498553     57746.92522858448      
-216196.1700517456     -278893.4376172482     -149910.042946976      57746.95647858448      
-214015.5288440005     -280365.4995426356     -150731.8950808769     57746.98772858448      
-211823.6525519064     -281822.8744716407     -151545.8499586473     57747.01897858448      
-209620.6690903041     -283265.5070077487     -152351.8760724195     57747.05022858448      
-207406.7065871677     -284693.342646093      -153149.9423983456     57747.08147858448      
-205181.8933755358     -286106.3277716977     -153940.0183957298     57747.11272858448      
-202946.3579882322     -287504.4096559774     -154722.0740051858     57747.14397858448      
-200700.2291474258     -288887.5364565259     -155496.0796486328     57747.17522858448      
-198443.6357594412     -290255.6572135824     -156262.0062274327     57747.20647858448      
-196176.7069070564     -291608.72184812       -157019.8251214343     57747.23772858448      
-193899.5718423887     -292946.6811595777     -157769.5081878178     57747.26897858448      
-191612.3599798541     -294269.4868235662     -158511.0277599247     57747.30022858448      
-189315.2008891954     -295577.0913895497     -159244.3566460724     57747.33147858448      
-187008.2242885841     -296869.4482785034     -159969.4681283573     57747.36272858448      
-184691.5600372489     -298146.5117808457     -160686.3359616089     57747.39397858448      
-182365.3381308768     -299408.2370528654     -161394.9343715009     57747.42522858448      
-180029.688691685      -300654.5801161003     -162095.2380543174     57747.45647858448      
-177684.7419639539     -301885.497853717      -162787.2221750359     57747.48772858448      
-175330.6283069344     -303100.9480083656     -163470.8623662381     57747.51897858448      
-172967.4781883604     -304300.8891797167     -164146.1347268404     57747.55022858448      
-170595.4221780273     -305485.2808219813     -164813.015820817      57747.58147858448      
-168214.590941438      -306654.0832414147     -165471.4826759108     57747.61272858448      
-165825.1152335126     -307807.2575938049     -166121.5127823371     57747.64397858448      
-163427.1258918046     -308944.7658822096     -166763.0840916261     57747.67522858448      
-161020.7538325752     -310066.5709533602     -167396.175014714      57747.70647858448      
-158606.1300413458     -311172.6364966984     -168020.7644215168     57747.73772858448      
-156183.3855690947     -312262.9270407472     -168636.8316390029     57747.76897858448      
-153752.6515257273     -313337.4079508015     -169244.3564500069     57747.80022858448      
-151314.0590741648     -314396.04542634       -169843.3190918874     57747.83147858448      
-148867.7394244937     -315438.8064984277     -170433.7002551782     57747.86272858448      
-146413.8238281758     -316465.6590271082     -171015.4810822338     57747.89397858448      
-143952.4435723165     -317476.5716987884     -171588.6431658695     57747.92522858448      
-141483.7299734179     -318471.5140238432     -172153.1685481271     57747.95647858448      
-139007.8143740647     -319450.4563330614     -172709.0397183809     57747.98772858448      
-136524.8281339192     -320413.3697763971     -173256.2396127526     57748.01897858448      
-134034.9026265181     -321360.2263193936     -173794.7516122052     57748.05022858448      
-131538.169233255      -322290.9987407669     -174324.5595412934     57748.08147858448      
-129034.7593379911     -323205.6606297492     -174845.647666778      57748.11272858448      
-126524.8043217211     -324104.1863834285     -175358.0006962379     57748.14397858448      
-124008.435557293      -324986.5512040834     -175861.6037766779     57748.17522858448      
-121485.784404181      -325852.7310965154     -176356.4424931351     57748.20647858448      
-118956.9822033109     -326702.7028653765     -176842.5028672829     57748.23772858448      
-116422.1602713467     -327536.4441126875     -177319.771356142      57748.26897858448      
-113881.4498979813     -328353.9332343886     -177788.2348502384     57748.30022858448      
-111334.9823373742     -329155.1494188267     -178247.8806728685     57748.33147858448      
-108782.8888055398     -329940.0726432941     -178698.6965782493     57748.36272858448      
-106225.300474836      -330708.6836715454     -179140.6707502269     57748.39397858448      
-103662.3484690904     -331460.9640511155     -179573.7918008714     57748.42522858448      
-101094.1638587747     -332196.8961106391     -179998.0487690716     57748.45647858448      
-98520.87765622581     -332916.4629571694     -180413.4311191293     57748.48772858448      
-95942.62081091297     -333619.6484734986     -180819.9287393536     57748.51897858448      
-93359.52420474833     -334306.437315483      -181217.5319406572     57748.55022858448      
-90771.71864744902     -334976.8149093597     -181606.2314551478     57748.58147858448      
-88179.33487133477     -335630.7674492213     -181986.0184348104     57748.61272858448      
-85582.5035291895      -336268.281893738      -182356.8844497518     57748.64397858448      
-82981.35518612909     -336889.3459643982     -182718.8214873267     57748.67522858448      
-80376.02031754653     -337493.9481422267     -183071.8219503791     57748.70647858448      
-77766.6293040825      -338082.0776652723     -183415.8786559293     57748.73772858448      
-75153.31242723964     -338653.7245259437     -183750.9848337734     57748.76897858448      
-72536.1998650381      -339208.8794683499     -184077.1341250832     57748.80022858448      
-69915.42168771001     -339747.5339856423     -184394.3205810087     57748.83147858448      
-67291.10785343383     -340269.680317363      -184702.5386612811     57748.86272858448      
-64663.38820410652     -340775.3114467949     -185001.7832328182     57748.89397858448      
-62032.39246115442     -341264.4210983171     -185292.049568331      57748.92522858448      
-59398.25022076711     -341737.0037348717     -185573.3333449977     57748.95647858448      
-56761.09095223581     -342193.054554893      -185845.6306428141     57748.98772858448      
-54121.04398993849     -342632.5694903915     -186108.9379435694     57749.01897858448      
-51478.23853236574     -343055.5452037423     -186363.252129271      57749.05022858448      
-48832.80363719055     -343461.9790852519     -186608.5704807924     57749.08147858448      
-46184.86821708237     -343851.8692505872     -186844.8906764676     57749.11272858448      
-43534.5610359227      -344225.214538128      -187072.2107907319     57749.14397858448      
-40882.01070489689     -344582.0145063605     -187290.5292927475     57749.17522858448      
-38227.34567861837     -344922.2694312781     -187499.8450450305     57749.20647858448      
-35570.69425128487     -345245.9803037855     -187700.1573020813     57749.23772858448      
-32912.18455286594     -345553.1488271109     -187891.4657090176     57749.26897858448      
-30251.94454470171     -345843.7774142874     -188073.7703002514     57749.30022858448      
-27590.10201822957     -346117.8691853092     -188247.0714979594     57749.33147858448      
-24926.78458754599     -346375.4279649662     -188411.3701109796     57749.36272858448      
-22262.11968819137     -346616.4582800032     -188566.6673332827     57749.39397858448      
-19596.23457286682     -346840.9653566304     -188712.9647426636     57749.42522858448      
-16929.25630779854     -347048.9551179694     -188850.2642993906     57749.45647858448      
-14261.31176912967     -347240.4341815056     -188978.5683448586     57749.48772858448      
-11592.52763933914     -347415.409856547      -189097.8796002452     57749.51897858448      
-8923.03040368728      -347573.8901416878     -189208.201165169      57749.55022858448      
-6252.946346687353     -347715.8837222804     -189309.5365163517     57749.58147858448      
-3582.401548602783     -347841.399967911      -189401.8895062836     57749.61272858448      
-911.5218819693837     -347950.4489298829     -189485.26436189       57749.64397858448      
1759.566991857651      -348043.0413387054     -189559.6656832034     57749.67522858448      
4430.73962675474       -348119.1886016043     -189625.0984420509     57749.70647858448      
7101.870792747266      -348178.9027999564     -189681.567980672      57749.73772858448      
9772.835483123303      -348222.1966869022     -189729.0800104899     57749.76897858448      
12443.50891530507      -348249.0836847844     -189767.6406107315     57749.80022858448      
15113.76653480774      -348259.5778826867     -189797.2562271287     57749.83147858448      
17783.48401855438      -348253.6940339581     -189817.9336706076     57749.86272858448      
20452.53727816945      -348231.4475537441     -189829.6801159794     57749.89397858448      
23120.8024632512       -348192.8545165224     -189832.5031006349     57749.92522858448      
25788.15596462342      -348137.9316536456     -189826.4105232418     57749.95647858448      
28454.474417567        -348066.6963508889     -189811.4106424443     57749.98772858448      
31119.63470486139      -347979.1666460328     -189787.5120755378     57750.01897858448      
33783.51396039111      -347875.3612263525     -189754.7237972428     57750.05022858448      
36445.98957210807      -347755.299426213      -189713.0551383776     57750.08147858448      
39106.93918504715      -347619.0012246651     -189662.515784547      57750.11272858448      
41766.24070518664      -347466.4872429652     -189603.1157748573     57750.14397858448      
44423.77230008998      -347297.7787423004     -189534.8655006899     57750.17522858448      
47079.41240572136      -347112.897621161      -189457.7757043368     57750.20647858448      
49733.03972705184      -346911.8664130677     -189371.8574777738     57750.23772858448      
52384.533241745        -346694.7082841333     -189277.1222613716     57750.26897858448      
55033.77220320661      -346461.4470306619     -189173.5818426213     57750.30022858448      
57680.63614361808      -346212.1070767526     -189061.2483548612     57750.33147858448      
60325.00487695391      -345946.7134719081     -188940.1342760078     57750.36272858448      
62966.75850198344      -345665.2918886472     -188810.2524272871     57750.39397858448      
65605.7774052574       -345367.8686201225     -188671.615971969      57750.42522858448      
68241.94226407922      -345054.4705777406     -188524.2384141039     57750.45647858448      
70875.13404946179      -344725.1252887881     -188368.1335972598     57750.48772858448      
73505.23402906948      -344379.8608940598     -188203.3157032632     57750.51897858448      
76132.12377014625      -344018.7061454923     -188029.7992509407     57750.55022858448      
78755.68514242952      -343641.6904037996     -187847.5990948621     57750.58147858448      
81375.80032105067      -343248.8436361132     -187656.7304240864     57750.61272858448      
83992.35179003055      -342840.1964135281     -187457.2087608603     57750.64397858448      
86605.22234271733      -342415.7799091335     -187249.0499595551     57750.67522858448      
89214.29508830253      -341975.6258950913     -187032.2702051373     57750.70647858448      
91819.45345223139      -341519.7667406648     -186806.8860121039     57750.73772858448      
94420.58117964811      -341048.2354097811     -186572.9142231891     57750.76897858448      
97017.56233821916      -340561.0654586881     -186330.3720081184     57750.80022858448      
99610.28132094453      -340058.291033615      -186079.2768623632     57750.83147858448      
102198.6228489572      -339539.946868434      -185819.6466058964     57750.86272858448      
104782.4719743108      -339006.068282326      -185551.4993819502     57750.89397858448      
107361.714082756       -338456.6911774459     -185274.8536557728     57750.92522858448      
109936.2348965057      -337891.8520365923     -184989.7282133879     57750.95647858448      
112505.9204769885      -337311.5879208762     -184696.1421603537     57750.98772858448      
115070.6572275923      -336715.9364673945     -184394.114920523      57751.01897858448      
117630.3318963962      -336104.9358869016     -184083.6662348036     57751.05022858448      
120184.8315788921      -335478.6249614847     -183764.8161599202     57751.08147858448      
122734.0437206962      -334837.0430422389     -183437.5850671751     57751.11272858448      
125277.8561202497      -334180.2300469438     -183101.9936412103     57751.14397858448      
127816.1569315099      -333508.2264577413     -182758.0628787702     57751.17522858448      
130348.8346672196      -332821.0733186509     -182405.8140873805     57751.20647858448      
132875.7781992205      -332118.8122338921     -182045.2688844405     57751.23772858448      
135396.8767646529      -331401.4853646037     -181676.4491954941     57751.26897858448      
137912.0199662467      -330669.1354271584     -181299.3772533177     57751.30022858448      
140421.0977755537      -329921.8056906845     -180914.0755966016     57751.33147858448      
142924.0005355803      -329159.5399747438     -180520.5670687124     57751.36272858448      
145420.6189634103      -328382.3826470119     -180118.8748164542     57751.39397858448      
147910.8441528192      -327590.3786209548     -179709.0222888299     57751.42522858448      
150394.5675768787      -326783.5733535077     -179291.0332358029     57751.45647858448      
152871.6810905525      -325962.0128427522     -178864.9317070564     57751.48772858448      
155342.0769332832      -325125.7436255921     -178430.7420507537     57751.51897858448      
157805.6477315698      -324274.8127754286     -177988.4889122972     57751.55022858448      
160262.286501537       -323409.267899835      -177538.1972330863     57751.58147858448      
162711.886651495       -322529.1571382291     -177079.8922492751     57751.61272858448      
165154.3419844916      -321634.5291595447     -176613.5994905287     57751.64397858448      
167589.5467008543      -320725.4331599021     -176139.3447787785     57751.67522858448      
170017.3954007251      -319801.9188602756     -175657.1542269768     57751.70647858448      
172437.7830865857      -318864.0365041603     -175167.0542378497     57751.73772858448      
174850.6051657748      -317911.8368552365     -174669.0715026496     57751.76897858448      
177255.7574529966      -316945.3711950322     -174163.232999905      57751.80022858448      
179653.1361728211      -315964.6913205828     -173649.5659941706     57751.83147858448      
182042.6379621755      -314969.8495420893     -173128.0980347746     57751.86272858448      
184424.1598728275      -313960.8986805737     -172598.8569545653     57751.89397858448      
186797.5993744117      -312937.8920652914     -172061.8708685297     57751.92522858448      
189162.8543546881      -311900.8835323375     -171517.1681730388     57751.95647858448      
191519.8231253145      -310849.9274208646     -170964.7775438384     57751.98772858448      
193868.4044217205      -309785.0785718962     -170404.7279353036     57752.01897858448      
196208.4974069872      -308706.3923252072     -169837.0485790118     57752.05022858448      
198540.0016738331      -307613.9245172144     -169261.7689825004     57752.08147858448      
200862.817246739       -306507.7314787951     -168678.918928013      57752.11272858448      
203176.8445845893      -305387.8700327863     -168088.528471221      57752.14397858448      
205481.9845830804      -304254.3974916112     -167490.6279399539     57752.17522858448      
207778.1385771188      -303107.3716549033     -166885.2479329263     57752.20647858448      
210065.2083432129      -301946.8508071266     -166272.4193184634     57752.23772858448      
212343.0961018544      -300772.8937151917     -165652.173233224      57752.26897858448      
214611.7045198926      -299585.5596260681     -165024.5410809216     57752.30022858448      
216870.9367128994      -298384.9082643923     -164389.5545310425     57752.33147858448      
219120.6962475256      -297170.9998300722     -163747.2455175615     57752.36272858448      
221360.8871438495      -295943.8949958864     -163097.646237656      57752.39397858448      
223591.4138777156      -294703.6549050799     -162440.7891504166     57752.42522858448      
225812.1813830661      -293450.3411689551     -161776.7069755553     57752.45647858448      
228023.0950542617      -292184.0158644584     -161105.4326921116     57752.48772858448      
230224.0607483954      -290904.7415317618     -160426.9995371554     57752.51897858448      
232414.9847875964      -289612.5811718399     -159741.4410044872     57752.55022858448      
234595.7739613256      -288307.5982440432     -159048.7908433361     57752.58147858448      
236766.3355286621      -286989.856663665      -158349.0830570544     57752.61272858448      
238926.5772205805      -285659.4207995044     -157642.3519018096     57752.64397858448      
241076.4072422191      -284316.3554714243     -156928.6318852734     57752.67522858448      
243215.7342751392      -282960.7259479035     -156207.9577653082     57752.70647858448      
245344.4674795751      -281592.5979435849     -155480.3645486501     57752.73772858448      
247462.5164966747      -280212.0376168177     -154745.8874895894     57752.76897858448      
249569.791450731       -278819.111567195      -154004.5620886478     57752.80022858448      
251666.202951404       -277413.8868330852     -153256.4240912525     57752.83147858448      
253751.6620959333      -275996.4308891589     -152501.5094864074     57752.86272858448      
255826.0804713406      -274566.8116439107     -151739.8545053618     57752.89397858448      
257889.3701566241      -273125.0974371746     -150971.4956202742     57752.92522858448      
259941.443724941       -271671.3570376341     -150196.4695428755     57752.95647858448      
261982.2142457819      -270205.6596403282     -149414.8132231264     57752.98772858448      
264011.5952873416      -268728.0748639442     -148626.5638478782     57753.01897858448      
266029.5009186354      -267238.6727484601     -147831.7588393278     57753.05022858448      
268035.8457100283      -265737.5237537757     -147030.4358544145     57753.08147858448      
270030.5447383542      -264224.6987549438     -146222.6327823591     57753.11272858448      
272013.5135870295      -262700.269041159      -145408.3877440423     57753.14397858448      
273984.6683486381      -261164.3063128821     -144587.7390904597     57753.17522858448      
275943.9256270343      -259616.8826793068     -143760.7254013577     57753.20647858448      
277891.2025394356      -258058.0706558187     -142927.3854838664     57753.23772858448      
279826.4167185054      -256487.9431614501     -142087.7583711289     57753.26897858448      
281749.4863144245      -254906.573516328      -141241.8833209278     57753.30022858448      
283660.329996952       -253314.0354391163     -140389.7998143075     57753.33147858448      
285558.866957476       -251710.4030444537     -139531.5475541941     57753.36272858448      
287445.016911053       -250095.7508403837     -138667.1664640115     57753.39397858448      
289318.700098436       -248470.1537257808     -137796.6966862945     57753.42522858448      
291179.8372880927      -246833.6869877697     -136920.178581298      57753.45647858448      
293028.3497782113      -245186.4262991391     -136037.6527256037     57753.48772858448      
294864.1593986963      -243528.4477157499     -135149.1599107228     57753.51897858448      
296687.1885131522      -241859.8276739379     -134254.7411416958     57753.55022858448      
298497.3600208561      -240180.64298791       -133354.4376356891     57753.58147858448      
300294.5973587192      -238490.9708471354     -132448.2908205877     57753.61272858448      
302078.8245032359      -236790.888813731      -131536.3423335853     57753.64397858448      
303849.9659724229      -235080.4748198408     -130618.6340197709     57753.67522858448      
305607.9468277445      -233359.8071650104     -129695.207930712      57753.70647858448      
307352.6926760281      -231628.9645135548     -128766.106323035      57753.73772858448      
309084.1296713665      -229888.0258919215     -127831.3716570015     57753.76897858448      
310802.1845170092      -228137.0706860482     -126891.0465950827     57753.80022858448      
312506.7844672409      -226376.1786387138     -125945.1740005295     57753.83147858448      
314197.8573292489      -224605.4298468856     -124993.7969359396     57753.86272858448      
315875.3314649768      -222824.9047590595     -124036.9586618222     57753.89397858448      
317539.1357929682      -221034.6841725959     -123074.702635159      57753.92522858448      
319189.199790196       -219234.8492310497     -122107.0725079618     57753.95647858448      
320825.4534938803      -217425.4814214951     -121134.1121258277     57753.98772858448      
322447.8275032939      -215606.6625718456     -120155.8655264911     57754.01897858448      
324056.2529815551      -213778.4748481678     -119172.376938372      57754.05022858448      
325650.6616574079      -211941.0007519911     -118183.6907791227     57754.08147858448      
327230.9858269898      -210094.3231176121     -117189.8516541698     57754.11272858448      
328797.1583555862      -208238.525109393      -116190.9043552548     57754.14397858448      
330349.1126793732      -206373.6902190563     -115186.893858971      57754.17522858448      
331886.782807146       -204499.902262974      -114177.8653252977     57754.20647858448      
333410.1033220364      -202617.245379452      -113163.8640961314     57754.23772858448      
334919.009383215       -200725.8040260097     -112144.9356938148     57754.26897858448      
336413.4367275829      -198825.6629766546     -111121.1258196623     57754.30022858448      
337893.321671448       -196916.9073191532     -110092.4803524832     57754.33147858448      
339358.6011121895      -194999.6224522959     -109059.0453471022     57754.36272858448      
340809.2125299095      -193073.894083159      -108020.8670328772     57754.39397858448      
342245.0939890703      -191139.8082243606     -106977.9918122143     57754.42522858448      
343666.1841401191      -189197.4511913136     -105930.4662590807     57754.45647858448      
345072.4222210997      -187246.9095994736     -104878.3371175147     57754.48772858448      
346463.7480592497      -185288.2703615825     -103821.6513001332     57754.51897858448      
347840.1020725861      -183321.6206849088     -102760.4558866371     57754.55022858448      
349201.4252714755      -181347.0480684831     -101694.7981223141     57754.58147858448      
350547.6592601925      -179364.6403003296     -100624.7254165391     57754.61272858448      
351878.7462384633      -177374.4854546942     -99550.28534127222     57754.64397858448      
353194.6290029972      -175376.671889269      -98471.52562955508     57754.67522858448      
354495.2509490033      -173371.288242412      -97388.49417400426     57754.70647858448      
355780.5560716939      -171358.4234303643     -96301.23902530287     57754.73772858448      
357050.4889677752      -169338.1666444635     -95209.80839069017     57754.76897858448      
358304.9948369231      -167310.607348353      -94114.25063244879     57754.80022858448      
359544.0194832465      -165275.835275189      -93014.61426639023     57754.83147858448      
360767.5093167361      -163233.9404248435     -91910.94796033819     57754.86272858448      
361975.4113547006      -161185.0130611041     -90803.30053261018     57754.89397858448      
363167.6732231875      -159129.1437088717     -89691.72095049713     57754.92522858448      
364344.2431583924      -157066.4231513535     -88576.25832874124     57754.95647858448      
365505.0700077847      -154996.9424277376     -87456.96192827309     57754.98772858448      
366650.1032327408      -152920.7928280258     -86333.88115365473     57755.01897858448      
367779.2929078613      -150838.0658941365     -85207.06555308757     57755.05022858448      
368892.5897236309      -148748.8534146549     -84076.56481585559     57755.08147858448      
369989.9449876276      -146653.2474221402     -82942.42877106521     57755.11272858448      
371071.3106257402      -144551.3401905652     -81804.70738610619     57755.14397858448      
372136.6391834812      -142443.2242324913     -80663.45076511825     57755.17522858448      
373185.8838272856      -140328.9922962431     -79518.70914745625     57755.20647858448      
374218.9983457965      -138208.7373630788     -78370.5329061542      57755.23772858448      
375235.937151138       -136082.5526443603     -77218.97254638796     57755.26897858448      
376236.6552801725      -133950.5315787205     -76064.07870393645     57755.30022858448      
377221.1083957466      -131812.7678292283     -74905.90214364207     57755.33147858448      
378189.2527879223      -129669.3552805535     -73744.49375786968     57755.36272858448      
379141.0453751954      -127520.3880361285     -72579.90456496473     57755.39397858448      
380076.4437057006      -125365.960415309      -71412.18570771012     57755.42522858448      
380995.4059584017      -123206.1669505332     -70241.38845178243     57755.45647858448      
381897.8909442713      -121041.1023844802     -69067.56418420689     57755.48772858448      
382783.8581074548      -118870.8616672257     -67890.76441181167     57755.51897858448      
383653.2675264223      -116695.5399533985     -66711.04075968137     57755.55022858448      
384506.0799151071      -114515.2325993342     -65528.44496960974     57755.58147858448      
385342.2566240315      -112330.0351602287     -64343.02889855149     57755.61272858448      
386161.7596414186      -110140.0433872911     -63154.84451707373     57755.64397858448      
386964.5515942926      -107945.3532248947     -61963.94390780667     57755.67522858448      
387750.5957495649      -105746.0608077286     -60770.3792638937      57755.70647858448      
388519.8560151078      -103542.2624579478     -59574.20288744105     57755.73772858448      
389272.2969408158      -101334.054682323      -58375.46718796689     57755.76897858448      
390007.8837196538      -99121.53416938987     -57174.22468085017     57755.80022858448      
390726.5821886928      -96904.79778659831     -55970.52798577893     57755.83147858448      
391428.3588301331      -94683.9425774609      -54764.42982519828     57755.86272858448      
392113.1807723153      -92459.06575870137     -53555.98302275831     57755.89397858448      
392781.015790718       -90230.26471740317     -52345.2405017615      57755.92522858448      
393431.8323089454      -87997.6370081575      -51132.25528361013     57755.95647858448      
394065.5993996991      -85761.28035021185     -49917.08048625346     57755.98772858448      
394682.2867857034      -83521.29262479693     -48699.76932264471     57756.01897858448      
395281.864840751       -81277.77187184143     -47480.37509916384     57756.05022858448      
395864.3045905889      -79030.81628734063     -46258.95121407706     57756.08147858448      
396429.5777136839      -76780.52422117573     -45035.55115627692     57756.11272858448      
396977.6565426858      -74526.99417205701     -43810.22850258342     57756.14397858448      
397508.5140645392      -72270.32478781715     -42583.03691790026     57756.17522858448      
398022.1239219065      -70010.61486046713     -41354.03015252318     57756.20647858448      
398518.4604139142      -67747.96332387073     -40123.26204087204     57756.23772858448      
398997.4984970223      -65482.46925089642     -38890.78649993848     57756.26897858448      
399459.2137858816      -63214.23185056979     -37656.65752773387     57756.30022858448      
399903.5825541813      -60943.35046522687     -36420.92920173735     57756.33147858448      
400330.5817354849      -58669.92456766808     -35183.65567734437     57756.36272858448      
400740.1889240553      -56394.0537583133      -33944.89118631543     57756.39397858448      
401132.3823756697      -54115.83776235755     -32704.69003522517     57756.42522858448      
401507.1410084239      -51835.37642692784     -31463.10660391193     57756.45647858448      
401864.4444035267      -49552.76971824098     -30220.19534392757     57756.48772858448      
402204.2728060828      -47268.11771876231     -28976.01077698793     57756.51897858448      
402526.6071258672      -44981.52062436566     -27730.60749342329     57756.55022858448      
402831.4289380883      -42693.07874149413     -26484.04015062991     57756.58147858448      
403118.7204841424      -40402.89248432239     -25236.36347152159     57756.61272858448      
403388.4646723578      -38111.06237192019     -23987.63224298193     57756.64397858448      
403640.6450787295      -35817.68902541658     -22737.90131431717     57756.67522858448      
403875.245947645       -33522.87316516582     -21487.22559570935     57756.70647858448      
404092.2521926         -31226.71560791436     -20235.6600566702      57756.73772858448      
404291.6493969062      -28929.31726396894     -18983.2597244955      57756.76897858448      
404473.4238143489      -26630.77913490158     -17730.07968301186     57756.80022858448      
404637.5623700417      -24331.20230857928     -16476.17506986508     57756.83147858448      
404784.052660854       -22030.68795954726     -15221.60107672677     57756.86272858448      
404912.8829562562      -19729.33734406191     -13966.41294658422     57756.89397858448      
405024.0421989401      -17427.25179780049     -12710.66597248933     57756.92522858448      
405117.5200054748      -15124.53273303714     -11454.41549601649     57756.95647858448      
405193.3066669547      -12821.2816358202      -10197.71690572102     57756.98772858448      
405218.2274531103      -11916.70546077733     -9704.119401231363     57756.99999999999      
