-1.367211861824064e-13 9000                   -8.886121005691194e-16 57727                  
-1.478473906368538e-06 9591.514680560294      4.891260672128771e-07  57727.00069444445      
-7.863979220842239e-06 10324.1567802603       2.624348002653286e-06  57727.00158095954      
-2.130646396626609e-05 11113.2804765932       7.128194609676373e-06  57727.00256693504      
-4.481577501952316e-05 11967.92172560097      1.501017893477865e-05  57727.00366934125      
-8.247964583736074e-05 12893.90576557261      2.764075774351659e-05  57727.00490225861      
-0.0001398853665404781 13897.77149687405      4.689212888845415e-05  57727.00628170704      
-0.0002246671770441831 14986.79661157973      7.532081924394832e-05  57727.00782584328      
-0.0003472431382281968 16168.95478301969      0.0001164131473261555  57727.0095550663       
-0.0005218383484652377 17453.0933417353       0.0001749256351856981  57727.01149244919      
-0.0007678730611527084 18848.97660320496      0.0002573460614044797  57727.01366400735      
-0.001111553835051992  20366.16468132743      0.0003724200326107668  57727.01609708191      
-0.001587545946700174  22012.56316142738      0.0005317013336778153  57727.01881783475      
-0.002243360070885096  23799.97477837709      0.0007510052403238096  57727.02186037917      
-0.003143404125938825  25741.61060417279      0.001051740162643913   57727.02526327121      
-0.004374979148493328  27852.11804576102      0.00146287579876518    57727.0290698563       
-0.006056457282603074  30147.73663235938      0.002023619287909736   57727.03332885278      
-0.008348323017970189  32646.3990670198       0.002787015010056138   57727.03809486121      
-0.01146843417587806   35368.11563555944      0.003824902362570787   57727.04342944722      
-0.01571264714099422   38335.15468283754      0.005234584990055116   57727.04940190409      
-0.02148268853617907   41572.16680005747      0.007147796118627111   57727.05608992357      
-0.02932531004102768   45106.93503648043      0.009743235821824995   57727.06358161114      
-0.03998341055174565   48970.06213491925      0.01326280932848374    57727.07197535731      
-0.05446914609393071   53196.07731371508      0.01803473409293001    57727.08138275064      
-0.07416094598234056   57823.4722776525       0.0245039152263981     57727.09192930964      
-0.1009379335032785    62895.39299733759      0.03327369079217133    57727.10375669357      
-0.1373672154204198    68460.75969670922      0.04516347605921482    57727.11702607173      
-0.1869507930845845    74573.97153594322      0.06128369952859425    57727.13191824916      
-0.2544765476700931    81296.57154752059      0.08314129017448654    57727.14863849828      
-0.3464968738294935    88698.2348038253       0.1127813846747914     57727.1674200179       
-0.471969801096225     96856.86397549794      0.1529736182992326     57727.18852518271      
-0.6431625523927059    105860.7103889453      0.2074706817377396     57727.21225200985      
-0.8769045503872305    115810.5885652591      0.2813598151435153     57727.2389412651       
-1.19626041823723      126820.1509336971      0.3815190524367383     57727.26897858448      
-1.596638237049633     138096.7124435127      0.5060246243074941     57727.30022858448      
-2.071445993533478     149220.3689478978      0.6523995382059227     57727.33147858448      
-2.625457531443239     160213.1437084801      0.8217139019139392     57727.36272858448      
-3.263221265105781     171092.4316154273      1.014936170204572      57727.39397858448      
-3.98907817620377      181872.2411315357      1.232941414320724      57727.42522858448      
-4.807177283086989     192564.0397624903      1.476518537850211      57727.45647858448      
-5.721489142679271     203177.3473266353      1.74637665164533       57727.48772858448      
-6.735817781772858     213720.1631169688      2.043150761254859      57727.51897858448      
-7.853811347149012     224199.2803615988      2.367406881006922      57727.55022858448      
-9.078971690890292     234620.5222310343      2.719646661904196      57727.58147858448      
-10.41466305645153     244988.9219962684      3.100311601461662      57727.61272858448      
-11.86411999472046     255308.8626367969      3.509786889851906      57727.64397858448      
-13.43045461282142     265584.1864864473      3.948404936538449      57727.67522858448      
-15.11666323872928     275818.2823908675      4.416448613884613      57727.70647858448      
-16.92563256986357     286014.1557467358      4.914154248304396      57727.73772858448      
-18.86014536237487     296174.4853432826      5.441714384883836      57727.76897858448      
-20.92288570888697     306301.6699102159      5.99928034771053       57727.80022858448      
-23.11644394537093     316397.8665517205      6.586964615167868      57727.83147858448      
-25.44332122213873     326465.022722321       7.204843027010314      57727.86272858448      
-27.90593376932163     336504.9030164107      7.852956838013712      57727.89397858448      
-30.50661688339905     346519.1117583273      8.531314631299523      57727.92522858448      
-33.24762865818002     356509.1121660004      9.239894102996848      57727.95647858448      
-36.13115348103393     366476.2426990012      9.97864372867917       57727.98772858448      
-39.15930548368875     376421.7310775949      10.74748435583318      57728.01897858448      
-42.33413122110317     386346.7063633766      11.54631057905179      57728.05022858448      
-45.65761275210367     396252.2094172278      12.37499214246321      57728.08147858448      
-49.13167051133157     406139.2019915197      13.23337524853241      57728.11272858448      
-52.75816577231259     416008.5746669483      14.12128373644701      57728.14397858448      
-56.53890306506419     425861.1538072732      15.03852020774938      57728.17522858448      
-60.47563245610206     435697.7076754667      15.98486708359269      57728.20647858448      
-64.57005170017288     445518.9518307396      16.96008759846062      57728.23772858448      
-68.82380827227047     455325.5539063925      17.96392673479205      57728.26897858448      
-73.23850128780295     465118.1378524996      18.99611210259314      57728.30022858448      
-77.81568331815832     474897.2877143499      20.05635476779447      57728.33147858448      
-82.55686210835621     484663.551006771       21.14435003281678      57728.36272858448      
-87.46350220296621     494417.4417355169      22.25977817254135      57728.39397858448      
-92.53702648601411     504159.4431094473      23.40230512863767      57728.42522858448      
-97.778817640178       513890.0099809982      24.57158316497893      57728.45647858448      
-103.190219530194      523609.5710472095      25.76725148667317      57728.48772858448      
-108.7725385150428     533318.530839166       26.98893682505213      57728.51897858448      
-114.5270446931671     543017.2715239824      28.2362539907896       57728.55022858448      
-120.454973084677      552706.1545402841      29.50880639716514      57728.58147858448      
-126.5575247542309     562385.5220854491      30.80618655534524      57728.61272858448      
-132.8358678780289     572055.6984705589      32.12797654342255      57728.64397858448      
-139.2911387581185     581716.9913570348      33.47374845083166      57728.67522858448      
-145.9244427870707     591369.6928872268      34.84306479964805      57728.70647858448      
-152.736855365676      601014.080719766       36.23547894417445      57728.73772858448      
-159.7294227764826     610650.4189792082      37.65053545012135      57728.76897858448      
-166.9031630154807     620278.9591284049      39.08777045460239      57728.80022858448      
-174.2590665842874     629899.9407710773      40.54671200808242      57728.83147858448      
-181.7980972449786     639513.5923912318      42.02688039934085      57728.86272858448      
-189.5211927395847     649120.132035333       43.52778846444333      57728.89397858448      
-197.4292654761453     658719.7679424982      45.04894188064923      57728.92522858448      
-205.5232031831019     668312.699127435       46.58983944612287      57728.95647858448      
-213.803869533698      677899.1159203305      48.14997334626052      57728.98772858448      
-222.2721045658374     687479.2004674831      49.72882946345768      57729.01897858448      
-230.9287256735246     697053.1271960697      51.3258874844319       57729.05022858448      
-239.7745279439011     706621.06324611        52.94062119648473      57729.08147858448      
-248.8102845290628     716183.1688723859      54.57249875435051      57729.11272858448      
-258.0367472497605     725739.5978188019      56.22098285586758      57729.14397858448      
-267.4546470697218     735290.4976674394      57.88553094239282      57729.17522858448      
-277.064694549204      744836.0101643428      59.56559539025021      57729.20647858448      
-286.8675802788087     754376.2715238861      61.26062369369856      57729.23772858448      
-296.8639752945277     763911.4127133957      62.97005863987451      57729.26897858448      
-307.054531474939      773441.5597195585      64.69333847613987      57729.30022858448      
-317.4398819214164     782966.8337980042      66.429897070236        57729.33147858448      
-328.0206413221715     792487.3517073283      68.17916406362552      57729.36272858448      
-338.7974063008981     802003.2259287119      69.94056501837798      57729.39397858448      
-349.7707557507508     811514.5648721949      71.71352155793576      57729.42522858448      
-360.9412511543463     821021.4730705727      73.49745150207784      57729.45647858448      
-372.3094368904396     830524.0513618001      75.2917689963794       57729.48772858448      
-383.8758405278944     840022.3970607118      77.09588463644913      57729.51897858448      
-395.6409731075291     849516.6041208139      78.9092055872102       57729.55022858448      
-407.6053294123942     859006.7632868229      80.73113569747535      57729.58147858448      
-419.7693882270044     868492.9622385901      82.56107561005257      57729.61272858448      
-432.1336125860207     877975.2857269862      84.39842286760559      57729.64397858448      
-444.6984500128395     887453.8157022883      86.24257201447971      57729.67522858448      
-457.4643327486269     896928.6314355572      88.09291469469258      57729.70647858448      
-470.4316779719895     906399.8096334665      89.94883974628007      57729.73772858448      
-483.6008880099918     915867.4245470023      91.80973329217336      57729.76897858448      
-496.9723505406714     925331.5480744246      93.67497882777859      57729.80022858448      
-510.5464387875047     934792.2498588532      95.54395730541762      57729.83147858448      
-524.3235117061519     944249.5973808129      97.4160472157821       57729.86272858448      
-538.3039141638089     953703.6560460479      99.29062466654391      57729.89397858448      
-552.4879771114736     963154.4892688954      101.1670634582587      57729.92522858448      
-566.8760177494249     972602.1585514857      103.0447351576908      57729.95647858448      
-581.468339686193      982046.7235590199      104.9230091686824      57729.98772858448      
-596.2652330912874     991488.2421913547      106.8012528006832      57730.01897858448      
-611.2669748419374     1000926.770651114      108.6788313350498      57730.05022858448      
-626.4738286640865     1010362.363508525      110.5551080892216      57730.08147858448      
-641.8860452678706     1019795.073763171      112.4294444788701      57730.11272858448      
-657.5038624777999     1029224.952902832      114.3012000781183      57730.14397858448      
-673.3275053578493     1038652.050959583      116.1697326779189      57730.17522858448      
-689.3571863316631     1048076.416563291      118.0343983426773      57730.20647858448      
-705.5931052980575     1057498.096992675      119.8945514652008      57730.23772858448      
-722.0354497420036     1066917.138224038      121.7495448200511      57730.26897858448      
-738.6843948412633     1076333.584977817      123.5987296153741      57730.30022858448      
-755.540103568844      1085747.480763057      125.4414555432779      57730.33147858448      
-772.6027267914268     1095158.867919925      127.277070828825       57730.36272858448      
-789.8724033639173     1104567.787660364      129.1049222777028      57730.39397858448      
-807.349260220267      1113974.280106985      130.9243553226345      57730.42522858448      
-825.0334124606949     1123378.384330295      132.7347140685868      57730.45647858448      
-842.9249634354456     1132780.138384326      134.5353413368315      57730.48772858448      
-861.0240048252056     1142179.579340782      136.3255787079133      57730.51897858448      
-879.330616718298      1151576.743321735      138.104766563574       57730.55022858448      
-897.84486768477       1160971.665530988      139.8722441276835      57730.58147858448      
-916.5668148474804     1170364.380284125      141.6273495062212      57730.61272858448      
-935.4965039502955     1179754.921037357      143.3694197263549      57730.64397858448      
-954.6339694234867     1189143.32041519       145.0977907746575      57730.67522858448      
-973.9792344464342     1198529.610236981      146.8117976345037      57730.70647858448      
-993.5323110077195     1207913.821542455      148.510774322685       57730.73772858448      
-1013.293199962701     1217295.984616194      150.19405392528        57730.76897858448      
-1033.261891088651     1226676.129011183      151.8609686328168      57730.80022858448      
-1053.438363137546     1236054.283571435      153.5108497747614      57730.83147858448      
-1073.822583886569     1245430.476453753      155.1430278533644      57730.86272858448      
-1094.414510186418     1254804.735148652      156.7568325768994      57730.89397858448      
-1115.214088007474     1264177.08650049       158.3515928923221      57730.92522858448      
-1136.221252483914     1273547.556726852      159.9266370173793      57730.95647858448      
-1157.435927955822     1282916.171437195      161.4812924721979      57730.98772858448      
-1178.858027373241     1292282.955650816      163.0148859604817      57731.01897858448      
-1200.487453860614     1301647.933814157      164.5267437617592      57731.05022858448      
-1222.324100006342     1311011.129817469      166.0161915819862      57731.08147858448      
-1244.367847365821     1320372.567010892      167.4825544590797      57731.11272858448      
-1266.618566882825     1329732.268219941      168.9251568842955      57731.14397858448      
-1289.076118920961     1339090.255760447      170.3433228312129      57731.17522858448      
-1311.740353293283     1348446.551452972      171.7363757843694      57731.20647858448      
-1334.611109290462     1357801.17663671       173.1036387675661      57731.23772858448      
-1357.688215707433     1367154.15218291       174.444434371864       57731.26897858448      
-1380.971490868572     1376505.498507833      175.7580847832915      57731.30022858448      
-1404.460742651454     1385855.23558526       177.043911810281       57731.33147858448      
-1428.155768509234     1395203.382958583      178.3012369108547      57731.36272858448      
-1452.056355491688     1404549.959752468      179.5293812195758      57731.39397858448      
-1476.162280264954     1413894.984684151      180.727665574284       57731.42522858448      
-1500.473309130016     1423238.476074334      181.8954105426302      57731.45647858448      
-1524.989198039952     1432580.45185773       183.0319364484285      57731.48772858448      
-1549.709692616008     1441920.929593263      184.13656339784        57731.51897858448      
-1574.634528162503     1451259.926473929      185.208611305405       57731.55022858448      
-1599.763429680643     1460597.459336336      186.2473999199362      57731.58147858448      
-1625.096111881112     1469933.544669943      187.2522488502909      57731.61272858448      
-1650.632279195869     1479268.198625996      188.2224775910318      57731.64397858448      
-1676.371625788649     1488601.437026182      189.157405547995       57731.67522858448      
-1702.313835564596     1497933.275371013      190.0563520637741      57731.70647858448      
-1728.458582178901     1507263.728847937      190.9186364431363      57731.73772858448      
-1754.805529044494     1516592.81233921       191.7435779783821      57731.76897858448      
-1781.354329338818     1525920.54042951       192.5304959746605      57731.80022858448      
-1808.104626009714     1535246.927413329      193.2787097752523      57731.83147858448      
-1835.056051780469     1544571.987302127      193.9875387868336      57731.86272858448      
-1862.208229153881     1553895.733831278      194.6563025047304      57731.89397858448      
-1889.560770415791     1563218.180466804      195.2843205381742      57731.92522858448      
-1917.113277637538     1572539.340411905      195.8709126355729      57731.95647858448      
-1944.865342677793     1581859.226613295      196.4153987098038      57731.98772858448      
-1972.816547556128     1591177.851767349      196.9170987087627      57732.01897858448      
-2000.966463552173     1600495.228326076      197.3753330151687      57732.05022858448      
-2029.314651656047     1609811.368502911      197.7894222846954      57732.08147858448      
-2057.860662874554     1619126.284278337      198.1586873437559      57732.11272858448      
-2086.604038000384     1628439.987405354      198.4824493103201      57732.14397858448      
-2115.544307609667     1637752.48941478       198.7600296195536      57732.17522858448      
-2144.680992059051     1647063.801620409      198.9907500495498      57732.20647858448      
-2174.013601482141     1656373.935124023      199.1739327471639      57732.23772858448      
-2203.541635785357     1665682.900820255      199.308900253958       57732.26897858448      
-2233.26458464327      1674990.709401325      199.3949755322662      57732.30022858448      
-2263.181927493221     1684297.371361637      199.4314819913892      57732.33147858448      
-2293.293133529728     1693602.897002262      199.4177435139236      57732.36272858448      
-2323.597661698082     1702907.296435276      199.3530844822382      57732.39397858448      
-2354.094960687605     1712210.579588005      199.2368298051031      57732.42522858448      
-2384.784468924393     1721512.756207133      199.0683049444787      57732.45647858448      
-2415.665614563649     1730813.835862714      198.8468359424748      57732.48772858448      
-2446.737815481417     1740113.827952071      198.5717494484867      57732.51897858448      
-2478.000479266208     1749412.741703591      198.2423727465126      57732.55022858448      
-2509.453003209909     1758710.586180421      197.858033782666       57732.58147858448      
-2541.094774298469     1768007.370284065      197.4180611928839      57732.61272858448      
-2572.925169202179     1777303.102757891      196.9217843308424      57732.64397858448      
-2604.943554265637     1786597.792190542      196.3685332960842      57732.67522858448      
-2637.149285497209     1795891.447019265      195.7576389623673      57732.70647858448      
-2669.541708558505     1805184.075533145      195.0884330062368      57732.73772858448      
-2702.120158753223     1814475.68587627       194.3602479358339      57732.76897858448      
-2734.883961015878     1823766.286050804      193.5724171199417      57732.80022858448      
-2767.832429900252     1833055.883919989      192.724274817278       57732.83147858448      
-2800.964869567438     1842344.487211068      191.8151562060409      57732.86272858448      
-2834.280573773979     1851632.103518142      190.8443974137113      57732.89397858448      
-2867.778825859447     1860918.740304949      189.8113355471221      57732.92522858448      
-2901.458898734001     1870204.404907575      188.7153087227963      57732.95647858448      
-2935.320054865721     1879489.10453711       187.555656097563       57732.98772858448      
-2969.3615462678       1888772.846282222      186.3317178994544      57733.01897858448      
-3003.582614485432     1898055.637111686      185.0428354588923      57733.05022858448      
-3037.982490582885     1907337.483876839      183.6883512401658      57733.08147858448      
-3072.560395130133     1916618.393313983      182.2676088732102      57733.11272858448      
-3107.31553818955      1925898.372046737      180.7799531856887      57733.14397858448      
-3142.247119302517     1935177.426588317      179.2247302353846      57733.17522858448      
-3177.354327475799     1944455.56334378       177.6012873429082      57733.20647858448      
-3212.636341168204     1953732.788612209      175.9089731247219      57733.23772858448      
-3248.092328276877     1963009.108588843      174.1471375264917      57733.26897858448      
-3283.721446123743     1972284.529367166      172.3151318567674      57733.30022858448      
-3319.522841441922     1981559.056940945      170.4123088209975      57733.33147858448      
-3355.495650362192     1990832.697206221      168.4380225558817      57733.36272858448      
-3391.638998399322     2000105.455963256      166.3916286640691      57733.39397858448      
-3427.9520004388       2009377.338918441      164.2724842492005      57733.42522858448      
-3464.433760723294     2018648.35168615       162.0799479513066      57733.45647858448      
-3501.083372839369     2027918.499790568      159.8133799825596      57733.48772858448      
-3537.899919704284     2037187.788667467      157.4721421633865      57733.51897858448      
-3574.882473552946     2046456.223665949      155.0555979589456      57733.55022858448      
-3612.030095924832     2055723.810050152      152.5631125159732      57733.58147858448      
-3649.341837651437     2064990.553000915      149.9940526999982      57733.61272858448      
-3686.816738843534     2074256.457617414      147.3477871329363      57733.64397858448      
-3724.45382887883      2083521.528918755      144.6236862310605      57733.67522858448      
-3762.252126389791     2092785.77184554       141.8211222433546      57733.70647858448      
-3800.210639251711     2102049.1912614        138.9394692902525      57733.73772858448      
-3838.328364571084     2111311.791954493      135.9781034027655      57733.76897858448      
-3876.604288674053     2120573.578638971      132.9364025620029      57733.80022858448      
-3915.037387095536     2129834.55595642       129.8137467390844      57733.83147858448      
-3953.626624568304     2139094.728477269      126.6095179354521      57733.86272858448      
-3992.370955012564     2148354.100702173      123.323100223582       57733.89397858448      
-4031.269321525871     2157612.677063363      119.9538797880972      57733.92522858448      
-4070.320656373427     2166870.461925972      116.5012449672864      57733.95647858448      
-4109.523880978753     2176127.459589338      112.9645862950296      57733.98772858448      
-4148.87790621132      2185383.674288275      109.3432968194728      57734.01897858448      
-4188.381631668664     2194639.110194327      105.6367714706212      57734.05022858448      
-4228.033946013142     2203893.771416985      101.8444074498737      57734.08147858448      
-4267.833727213135     2213147.662004902      97.96560449797387      57734.11272858448      
-4307.779842355498     2222400.78594706       93.99976476735219      57734.14397858448      
-4347.871147639085     2231653.14717393       89.94629286654389      57734.17522858448      
-4388.106488368841     2240904.749558611      85.80459590502262      57734.20647858448      
-4428.484698950432     2250155.596917939      81.57408353845162      57734.23772858448      
-4469.004602885484     2259405.693013582      77.25416801435252      57734.26897858448      
-4509.66501276742      2268655.041553113      72.84426421819336      57734.30022858448      
-4550.464730277946     2277903.646191061      68.34378971989567      57734.33147858448      
-4591.402546184209     2287151.510529952      63.75216482076133      57734.36272858448      
-4632.477240336449     2296398.638121315      59.06881260082074      57734.39397858448      
-4673.687581666746     2305645.032466692      54.29315896659844      57734.42522858448      
-4715.03232818809      2314890.697018605      49.42463269930165      57734.45647858448      
-4756.51022699439      2324135.635181525      44.4626655034273       57734.48772858448      
-4798.120014261227     2333379.850312824      39.40669205578885      57734.51897858448      
-4839.860415247382     2342623.345723695      34.25615005496185      57734.55022858448      
-4881.730144297189     2351866.124680066      29.01048027114793      57734.58147858448      
-4923.727904843726     2361108.190403509      23.66912659645565      57734.61272858448      
-4965.852389412868     2370349.546072111      18.23153609559774      57734.64397858448      
-5008.102279628225     2379590.19482135       12.69715905700282      57734.67522858448      
-5050.476246216992     2388830.139744945      7.065449044340461      57734.70647858448      
-5092.972949016732     2398069.383895698      1.3358629484578        57734.73772858448      
-5135.59103698312      2407307.930286319      -4.492138960274385     57734.76897858448      
-5178.329148198671     2416545.781890239      -10.41909297920794     57734.80022858448      
-5221.18590988247      2425782.94164241       -16.44553192025853     57734.83147858448      
-5264.159938400985     2435019.412440091      -22.57198505634446     57734.86272858448      
-5307.249839279713     2444255.197143625      -28.7989780674242      57734.89397858448      
-5350.454207216347     2453490.298577197      -35.12703298613981     57734.92522858448      
-5393.771626094607     2462724.71952959       -41.55666814306377     57734.95647858448      
-5437.200668999435     2471958.462754918      -48.08839811155706     57734.98772858448      
-5480.739898324851     2481191.53097336       -54.72273371907762     57735.01897858448      
-5524.387865569426     2490423.926871871      -61.46018182920551     57735.05022858448      
-5568.143111466691     2499655.653104889      -68.30124536691592     57735.08147858448      
-5612.004166080302     2508886.712295034      -75.24642331684771     57735.11272858448      
-5655.96954876876      2518117.10703379       -82.29621062504516     57735.14397858448      
-5700.03776820786      2527346.839882177      -89.45109814156243     57735.17522858448      
-5744.207322414473     2536575.913371421      -96.71157256270735     57735.20647858448      
-5788.476698771637     2545804.330003608      -104.0781163729307     57735.23772858448      
-5832.844374055016     2555032.092252329      -111.5512077863659     57735.26897858448      
-5877.308814460742     2564259.202563319      -119.131320688026      57735.30022858448      
-5921.868475634674     2573485.663355079      -126.8189245746618     57735.33147858448      
-5966.521802703064     2582711.477019505      -134.6144844952908     57735.36272858448      
-6011.267230304708     2591936.645922489      -142.5184609914007     57735.39397858448      
-6056.103182624572     2601161.172404525      -150.5313100368356     57735.42522858448      
-6101.028073428916     2610385.058781305      -158.653482977373      57735.45647858448      
-6146.040306101971     2619608.3073443        -166.8854264699961     57735.48772858448      
-6191.138273684161     2628830.920361343      -175.2275824218739     57735.51897858448      
-6236.320358911913     2638052.900077192      -183.6803879290515     57735.55022858448      
-6281.584934259123     2647274.248714102      -192.2442752148645     57735.58147858448      
-6326.930361980018     2656494.968472375      -200.9196715680807     57735.61272858448      
-6372.354994154146     2665715.061530901      -209.7069992807835     57735.64397858448      
-6417.857172732586     2674934.530047715      -218.6066755860018     57735.67522858448      
-6463.435229586078     2684153.376160516      -227.619112595098      57735.70647858448      
-6509.087486554866     2693371.601987201      -236.7447172349232     57735.73772858448      
-6554.81225550027      2702589.209626385      -245.9838911847509     57735.76897858448      
-6600.607838358054     2711806.201157907      -255.3370308129978     57735.80022858448      
-6646.472527193582     2721022.578643353      -264.8045271137433     57735.83147858448      
-6692.404604258795     2730238.344126541      -274.3867656430598     57735.86272858448      
-6738.402342051063     2739453.499634023      -284.0841264551627     57735.89397858448      
-6784.464003373873     2748668.047175573      -293.8969840383941     57735.92522858448      
-6830.587841399437     2757881.988744667      -303.8257072510511     57735.95647858448      
-6876.77209973319      2767095.326318964      -313.8706592570699     57735.98772858448      
-6923.015012480296     2776308.06186077       -324.0321974615815     57736.01897858448      
-6969.314804313856     2785520.197317512      -334.3106734463472     57736.05022858448      
-7015.669690545591     2794731.734622187      -344.7064329050922     57736.08147858448      
-7062.077877198019     2803942.675693825      -355.2198155787466     57736.11272858448      
-7108.537561078929     2813153.02243793       -365.8511551906099     57736.14397858448      
-7155.046929857808     2822362.776746931      -376.6007793814523     57736.17522858448      
-7201.604162144368     2831571.940500609      -387.4690096445682     57736.20647858448      
-7248.207427569117     2840780.515566542      -398.4561612607952     57736.23772858448      
-7294.854886866049     2849988.503800521      -409.5625432335146     57736.26897858448      
-7341.544691957452     2859195.907046982      -420.7884582236491     57736.30022858448      
-7388.27498604088      2868402.727139415      -432.1342024846726     57736.33147858448      
-7435.043903678055     2877608.965900783      -443.6000657976476     57736.36272858448      
-7481.849570886413     2886814.625143924      -455.1863314063098     57736.39397858448      
-7528.690105232346     2896019.706671961      -466.8932759522113     57736.42522858448      
-7575.563615926895     2905224.21227869       -478.7211694099436     57736.45647858448      
-7622.468203923603     2914428.143748984      -490.6702750224558     57736.48772858448      
-7669.401962018603     2923631.502859173      -502.7408492364859     57736.51897858448      
-7716.362974952942     2932834.291377435      -514.9331416381224     57736.55022858448      
-7763.349319517224     2942036.511064168      -527.2473948885163     57736.58147858448      
-7810.359064658256     2951238.163672373      -539.6838446597577     57736.61272858448      
-7857.390271588497     2960439.250948018      -552.2427195709422     57736.64397858448      
-7904.440993897271     2969639.774630411      -564.924241124439      57736.67522858448      
-7951.509277664568     2978839.736452554      -577.7286236423849     57736.70647858448      
-7998.593161577071     2988039.138141506      -590.6560742034211     57736.73772858448      
-8045.690677046531     2997237.981418736      -603.7067925796947     57736.76897858448      
-8092.799848330467     3006436.268000468      -616.8809711741421     57736.80022858448      
-8139.918692655243     3015633.999598027      -630.1787949580784     57736.83147858448      
-8187.045220341238     3024831.177918186      -643.6004414091079     57736.86272858448      
-8234.1774349309       3034027.804663493      -657.1460804493848     57736.89397858448      
-8281.313333318592     3043223.881532607      -670.8158743842341     57736.92522858448      
-8328.45090588313      3052419.410220627      -684.6099778411647     57736.95647858448      
-8375.588136622526     3061614.392419415      -698.528537709289      57736.98772858448      
-8422.723002134891     3070808.829817916      -712.5716926274839     57737.01897858448      
-8469.85347455772      3080002.724102474      -726.7395739969272     57737.05022858448      
-8516.977520305698     3089196.076957137      -741.0323054120405     57737.08147858448      
-8564.093099262784     3098388.890063977      -755.4500022180328     57737.11272858448      
-8611.198165640862     3107581.165103382      -769.9927717258231     57737.14397858448      
-8658.290668128713     3116772.903754367      -784.6607131543299     57737.17522858448      
-8705.368550043295     3125964.107694855      -799.4539175733244     57737.20647858448      
-8752.429749483395     3135154.778601984      -814.3724678468709     57737.23772858448      
-8799.472199485697     3144344.918152384      -829.4164385773779     57737.26897858448      
-8846.493828182885     3153534.528022463      -844.5858960502824     57737.30022858448      
-8893.492558964688     3162723.609888688      -859.8808981793941     57737.33147858448      
-8940.466310640664     3171912.165427859      -875.3014944529201     57737.36272858448      
-8987.412997605592     3181100.196317383      -890.8477258801956     57737.39397858448      
-9034.330530007141     3190287.704235538      -906.5196249391452     57737.42522858448      
-9081.216813915815     3199474.69086174       -922.3172155244957     57737.45647858448      
-9128.069751497185     3208661.1578768        -938.2405128967708     57737.48772858448      
-9174.887241186474     3217847.106963183      -954.289523632087      57737.51897858448      
-9221.667177865058     3227032.539805256      -970.4642455727737     57737.55022858448      
-9268.407453039868     3236217.458089536      -986.7646677788491     57737.58147858448      
-9315.105955024344     3245401.863504938      -1003.190770480369     57737.61272858448      
-9361.760569121941     3254585.757743012      -1019.742525030678     57737.64397858448      
-9408.369177811748     3263769.142498177      -1036.419893860581     57737.67522858448      
-9454.929660936245     3272952.019467954      -1053.222830433469     57737.70647858448      
-9501.439895891226     3282134.390353195      -1070.151279201419     57737.73772858448      
-9547.897757817838     3291316.256858308      -1087.205175562281     57737.76897858448      
-9594.301119796679     3300497.620691473      -1104.384445817807     57737.80022858448      
-9640.647853043989     3309678.48356486       -1121.689007132804     57737.83147858448      
-9686.935827109857     3318858.847194839      -1139.118767495374     57737.86272858448      
-9733.162910078463     3328038.71330219       -1156.673625678244     57737.89397858448      
-9779.32696877025      3337218.083612305      -1174.353471201211     57737.92522858448      
-9825.4258689461       3346396.959855386      -1192.158184294732     57737.95647858448      
-9871.457475513425     3355575.343766649      -1210.087635864684     57737.98772858448      
-9917.419654719575     3364753.237086493      -1228.141686499222     57738.01897858448      
-9963.310269542391     3373930.64156072       -1246.320188763785     57738.05022858448      
-10009.12718233356     3383107.558940698      -1264.622985994837     57738.08147858448      
-10054.8682566613      3392283.990983539      -1283.049911482586     57738.11272858448      
-10100.53135629959     3401459.939452279      -1301.600789034019     57738.14397858448      
-10146.11434544501     3410635.406116048      -1320.275432945092     57738.17522858448      
-10191.61508893531     3419810.392750237      -1339.073647974249     57738.20647858448      
-10237.03145246947     3428984.901136659      -1357.995229317294     57738.23772858448      
-10282.36130282961     3438158.933063706      -1377.039962583639     57738.26897858448      
-10327.60250810379     3447332.490326508      -1396.20762377395      57738.30022858448      
-10372.75293791095     3456505.574727081      -1415.497979259204     57738.33147858448      
-10417.81046362688     3465678.188074466      -1434.910785761191     57738.36272858448      
-10462.77295861167     3474850.332184882      -1454.445790334471     57738.39397858448      
-10507.63829843842     3484022.008881854      -1474.102730349806     57738.42522858448      
-10552.40436112333     3493193.21999635       -1493.881333479096     57738.45647858448      
-10597.06902735686     3502363.967366909      -1513.781317681822     57738.48772858448      
-10641.63018073615     3511534.252839766      -1533.802391193032     57738.51897858448      
-10686.08570799856     3520704.078268972      -1553.944252512871     57738.55022858448      
-10730.43349925619     3529873.445516507      -1574.206590397693     57738.58147858448      
-10774.67144823146     3539042.356452397      -1594.589083852746     57738.61272858448      
-10818.79745249354     3548210.812954817      -1615.091402126471     57738.64397858448      
-10862.80941369604     3557378.816910196      -1635.713204706418     57738.67522858448      
-10906.70523781477     3566546.370213319      -1656.45414131679      57738.70647858448      
-10950.48283538707     3575713.474767412      -1677.313851917653     57738.73772858448      
-10994.14012175137     3584880.132484242      -1698.291966705794     57738.76897858448      
-11037.67501728759     3594046.345284197      -1719.388106117261     57738.80022858448      
-11081.08544765796     3603212.11509637       -1740.601880831605     57738.83147858448      
-11124.36934404877     3612377.443858637      -1761.93289177781      57738.86272858448      
-11167.52464341187     3621542.333517725      -1783.380730141952     57738.89397858448      
-11210.54928870723     3630706.786029289      -1804.944977376571     57738.92522858448      
-11253.44122914555     3639870.803357967      -1826.625205211798     57738.95647858448      
-11296.19842043103     3649034.387477446      -1848.420975668211     57738.98772858448      
-11338.81882500482     3658197.540370516      -1870.331841071462     57739.01897858448      
-11381.30041228778     3667360.264029121      -1892.357344068661     57739.05022858448      
-11423.64115892409     3676522.560454404      -1914.497017646536     57739.08147858448      
-11465.83904902446     3685684.431656756      -1936.750385151374     57739.11272858448      
-11507.89207440928     3694845.879655842      -1959.116960310746     57739.14397858448      
-11549.79823485199     3704006.906480654      -1981.596247257029     57739.17522858448      
-11591.55553832152     3713167.514169521      -2004.187740552719     57739.20647858448      
-11633.16200122517     3722327.704770145      -2026.89092521755      57739.23772858448      
-11674.6156486507      3731487.480339624      -2049.705276757418     57739.26897858448      
-11715.91451460845     3740646.842944461      -2072.630261195111     57739.30022858448      
-11757.05664227223     3749805.794660585      -2095.665335102854     57739.33147858448      
-11798.04008422031     3758964.337573352      -2118.809945636648     57739.36272858448      
-11838.86290267574     3768122.473777555      -2142.063530572448     57739.39397858448      
-11879.52316974538     3777280.205377423      -2165.425518344126     57739.42522858448      
-11920.01896765884     3786437.534486611      -2188.895328083259     57739.45647858448      
-11960.34838900611     3795594.463228201      -2212.472369660713     57739.48772858448      
-12000.50953697476     3804750.993734682      -2236.156043730045     57739.51897858448      
-12040.5005255854      3813907.128147941      -2259.945741772695     57739.55022858448      
-12080.31947992668     3823062.868619232      -2283.840846144982     57739.58147858448      
-12119.96453638929     3832218.21730916       -2307.840730126882     57739.61272858448      
-12159.43384289794     3841373.176387649      -2331.944757972603     57739.64397858448      
-12198.72555914289     3850527.748033909      -2356.15228496293      57739.67522858448      
-12237.83785680969     3859681.9344364        -2380.462657459342     57739.70647858448      
-12276.76891980788     3868835.737792788      -2404.875212959894     57739.73772858448      
-12315.51694449754     3877989.160309907      -2429.38928015685      57739.76897858448      
-12354.08013991492     3887142.204203703      -2454.004178996058     57739.80022858448      
-12392.45672799639     3896294.871699189      -2478.719220738061     57739.83147858448      
-12430.64494380012     3905447.165030376      -2503.533708020915     57739.86272858448      
-12468.64303572658     3914599.086440228      -2528.446934924738     57739.89397858448      
-12506.44926573723     3923750.638180589      -2553.458187037925     57739.92522858448      
-12544.06190957067     3932901.822512117      -2578.566741525067     57739.95647858448      
-12581.47925695753     3942052.641704212      -2603.771867196522     57739.98772858448      
-12618.69961555257     3951203.098034931      -2629.072825958234     57740.01897858448      
-12655.72130219028     3960353.193790936      -2654.468869553722     57740.05022858448      
-12692.54264751681     3969502.931267398      -2679.959241299644     57740.08147858448      
-12729.16199928816     3978652.312767901      -2705.543177301291     57740.11272858448      
-12765.57772029511     3987801.340604362      -2731.219905682746     57740.14397858448      
-12801.78818856451     3996950.017096933      -2756.988646666179     57740.17522858448      
-12837.7917975587      4006098.344573914      -2782.84861265268      57740.20647858448      
-12873.58695637257     4015246.325371643      -2808.799008304597     57740.23772858448      
-12909.17208992728     4024393.9618344        -2834.839030629368     57740.26897858448      
-12944.54563916219     4033541.256314296      -2860.967869064825     57740.30022858448      
-12979.70606122363     4042688.211171171      -2887.184705565934     57740.33147858448      
-13014.65182965143     4051834.828772471      -2913.488714692965     57740.36272858448      
-13049.38143456188     4060981.111493145      -2939.879063701051     57740.39397858448      
-13083.89338282864     4070127.061715513      -2966.354912631127     57740.42522858448      
-13118.18619826027     4079272.681829158      -2992.915414402205     57740.45647858448      
-13152.25842177527     4088417.974230787      -3019.559714904979     57740.48772858448      
-13186.10861157344     4097562.941324117      -3046.286953096707     57740.51897858448      
-13219.7353433048      4106707.585519737      -3073.09626109738      57740.55022858448      
-13253.13721023515     4115851.909234978      -3099.986764287106     57740.58147858448      
-13286.31282340875     4124995.914893772      -3126.957581404719     57740.61272858448      
-13319.26081180723     4134139.604926523      -3154.00782464755      57740.64397858448      
-13351.97982250586     4143282.981769958      -3181.136599772372     57740.67522858448      
-13384.46852082623     4152426.047866987      -3208.343006197444     57740.70647858448      
-13416.72559048597     4161568.805666556      -3235.62613710565      57740.73772858448      
-13448.74973374437     4170711.257623501      -3262.985079548705     57740.76897858448      
-13480.53967154541     4179853.406198395      -3290.418914552371     57740.80022858448      
-13512.09414365693     4188995.253857395      -3317.926717222693     57740.83147858448      
-13543.41190880632     4198136.803072087      -3345.507556853172     57740.86272858448      
-13574.49174481313     4207278.056319331      -3373.160497032887     57740.89397858448      
-13605.33244871734     4216419.0160811        -3400.88459575551      57740.92522858448      
-13635.93283690483     4225559.684844321      -3428.678905529186     57740.95647858448      
-13666.29174522889     4234700.065100702      -3456.54247348724      57740.98772858448      
-13696.40802961677     4243840.159346584      -3484.474342350267     57741.01897858448      
-13726.28056499737     4252979.970082756      -3512.473548472678     57741.05022858448      
-13755.90824601149     4262119.499814305      -3540.539122999741     57741.08147858448      
-13785.28998751957     4271258.751050431      -3568.670092678477     57741.11272858448      
-13814.42472440262     4280397.726304279      -3596.865479446594     57741.14397858448      
-13843.31141166201     4289536.428092768      -3625.124300547526     57741.17522858448      
-13871.94902451512     4298674.858936415      -3653.445568646043     57741.20647858448      
-13900.33655848731     4307813.021359159      -3681.828291944423     57741.23772858448      
-13928.4730295001      4316950.917888181      -3710.271474299136     57741.26897858448      
-13956.35747395552     4326088.551053731      -3738.77411533801      57741.30022858448      
-13983.98894881666     4335225.92338894       -3767.335210577843     57741.33147858448      
-14011.36653168444     4344363.037429648      -3795.953751542429     57741.36272858448      
-14038.4893208704      4353499.895714213      -3824.628725880952     57741.39397858448      
-14065.35643546609     4362636.500783335      -3853.359117486734     57741.42522858448      
-14091.96701540785     4371772.855179869      -3882.143906616272     57741.45647858448      
-14118.32022153852     4380908.961448637      -3910.982070008557     57741.48772858448      
-14144.41523566488     4390044.822136255      -3939.872581004626     57741.51897858448      
-14170.2512606114      4399180.439790924      -3968.81440966731      57741.55022858448      
-14195.82752027008     4408315.81696227       -3997.806522901155     57741.58147858448      
-14221.14325964651     4417450.956201134      -4026.847884572468     57741.61272858448      
-14246.19774490208     4426585.860059397      -4055.937455629458     57741.64397858448      
-14270.99026339235     4435720.53108979       -4085.074194222447     57741.67522858448      
-14295.52012370169     4444854.971845699      -4114.257055824104     57741.70647858448      
-14319.78665567399     4453989.184880983      -4143.484993349673     57741.73772858448      
-14343.78921043969     4463123.172749783      -4172.756957277164     57741.76897858448      
-14367.52716043902     4472256.938006329      -4202.071895767464     57741.80022858448      
-14390.99989944144     4481390.483204755      -4231.428754784361     57741.83147858448      
-14414.20684256133     4490523.810898909      -4260.826478214404     57741.86272858448      
-14437.14742627005     4499656.923642159      -4290.264007986615     57741.89397858448      
-14459.82110840421     4508789.823987211      -4319.740284191978     57741.92522858448      
-14482.22736817026     4517922.514485911      -4349.254245202713     57741.95647858448      
-14504.36570614554     4527054.997689063      -4378.804827791267     57741.98772858448      
-14526.2356442753      4536187.276146239      -4408.390967249012     57742.01897858448      
-14547.83672586684     4545319.352405588      -4438.011597504622     57742.05022858448      
-14569.16851557937     4554451.229013652      -4467.665651242086     57742.08147858448      
-14590.23059941061     4563582.908515173      -4497.352060018336     57742.11272858448      
-14611.02258467986     4572714.39345291       -4527.069754380445     57742.14397858448      
-14631.54410000756     4581845.686367452      -4556.817663982399     57742.17522858448      
-14651.79479529133     4590976.789797035      -4586.594717701376     57742.20647858448      
-14671.7743416787      4600107.706277349      -4616.399843753537     57742.23772858448      
-14691.48243153627     4609238.438341357      -4646.231969809261     57742.26897858448      
-14710.91877841568     4618368.988519123      -4676.09002310787      57742.30022858448      
-14730.08311701617     4627499.359337604      -4705.972930571706     57742.33147858448      
-14748.97520314386     4636629.553320497      -4735.879618919653     57742.36272858448      
-14767.59481366782     4645759.572988034      -4765.809014779994     57742.39397858448      
-14785.94174647264     4654889.420856818      -4795.760044802616     57742.42522858448      
-14804.01582040853     4664019.099439638      -4825.731635770521     57742.45647858448      
-14821.81687523755     4673148.611245289      -4855.722714710649     57742.48772858448      
-14839.34477157709     4682277.958778401      -4885.732209003942     57742.51897858448      
-14856.59939084032     4691407.144539258      -4915.759046494667     57742.55022858448      
-14873.58063517351     4700536.171023628      -4945.80215559897      57742.58147858448      
-14890.28842739056     4709665.040722585      -4975.860465412604     57742.61272858448      
-14906.72271090448     4718793.756122347      -5005.932905817868     57742.64397858448      
-14922.88344965616     4727922.319704095      -5036.01840758968      57742.67522858448      
-14938.77062803984     4737050.733943811      -5066.115902500808     57742.70647858448      
-14954.38425082678     4746179.001312101      -5096.224323426209     57742.73772858448      
-14969.7243430852      4755307.124274044      -5126.342604446477     57742.76897858448      
-14984.79095009809     4764435.105289013      -5156.469680950367     57742.80022858448      
-14999.58413727826     4773562.946810524      -5186.604489736396     57742.83147858448      
-15014.10399008084     4782690.651286063      -5216.74596911348      57742.86272858448      
-15028.35061391319     4791818.221156935      -5246.893059000612     57742.89397858448      
-15042.32413404254     4800945.658858102      -5277.044701025563     57742.92522858448      
-15056.02469550064     4810072.966818029      -5307.199838622566     57742.95647858448      
-15069.45246298699     4819200.147458526      -5337.357417129007     57742.98772858448      
-15082.60762693435     4828327.203194575      -5367.516383453768     57743.01897858448      
-15095.49038851519     4837454.136434233      -5397.675687231759     57743.05022858448      
-15108.10096695776     4846580.949578444      -5427.834280353049     57743.08147858448      
-15120.43960453815     4855707.645020892      -5457.991116717229     57743.11272858448      
-15132.50656268289     4864834.225147857      -5488.145152594083     57743.14397858448      
-15144.30212185883     4873960.692338073      -5518.295346713919     57743.17522858448      
-15155.82658146118     4883087.048962586      -5548.440660356832     57743.20647858448      
-15167.08025969902     4892213.297384614      -5578.58005744085      57743.23772858448      
-15178.06349347985     4901339.439959408      -5608.712504608973     57743.26897858448      
-15188.77663829132     4910465.479034116      -5638.836971315101     57743.30022858448      
-15199.22006808162     4919591.416947648      -5668.952429908827     57743.33147858448      
-15209.39417513797     4928717.256030544      -5699.057855719093     57743.36272858448      
-15219.2993699634      4937842.99860484       -5729.152227136718     57743.39397858448      
-15228.93608115189     4946968.646983944      -5759.234525695759     57743.42522858448      
-15238.30475526191     4956094.203472505      -5789.30373615374      57743.45647858448      
-15247.40585668805     4965219.670366295      -5819.358846570697     57743.48772858448      
-15256.23986753191     4974345.049952077      -5849.398848387073     57743.51897858448      
-15264.8072874707      4983470.344507491      -5879.422736500454     57743.55022858448      
-15273.10863362489     4992595.556300935      -5909.4295093411       57743.58147858448      
-15281.14444042437     5001720.687591446      -5939.418168946331     57743.61272858448      
-15288.91525947326     5010845.740628587      -5969.387721033721     57743.64397858448      
-15296.4216594136      5019970.717652333      -5999.337175073106     57743.67522858448      
-15303.66422578765     5029095.620892962      -6029.265544357424     57743.70647858448      
-15310.64356089926     5038220.452570947      -6059.171846072347     57743.73772858448      
-15317.3602836736      5047345.214896847      -6089.055101364744     57743.76897858448      
-15323.81502951675     5056469.910071212      -6118.914335409956     57743.80022858448      
-15330.00845017343     5065594.540284464      -6148.748577477878     57743.83147858448      
-15335.9412135841      5074719.107716812      -6178.556860997856     57743.86272858448      
-15341.61400374117     5083843.614538151      -6208.338223622408     57743.89397858448      
-15347.02752054426     5092968.062907959      -6238.091707289741     57743.92522858448      
-15352.18247965474     5102092.454975212      -6267.816358285108     57743.95647858448      
-15357.07961234932     5111216.792878288      -6297.511227300969     57743.98772858448      
-15361.71966211428     5120341.078744885      -6327.175369932795     57744.01897858448      
-15366.10339241523     5129465.314691916      -6356.807845675609     57744.05022858448      
-15370.23158254345     5138589.502825428      -6386.407718517553     57744.08147858448      
-15374.10502479704     5147713.64524053       -6415.974057353166     57744.11272858448      
-15377.72452634551     5156837.74402131       -6445.505935767762     57744.14397858448      
-15381.09090907956     5165961.801240746      -6475.002432090604     57744.17522858448      
-15384.2050094606      5175085.818960634      -6504.462629446914     57744.20647858448      
-15387.06767836969     5184209.799231514      -6533.885615808727     57744.23772858448      
-15389.67978095632     5193333.744092599      -6563.270484044617     57744.26897858448      
-15392.04219648672     5202457.655571689      -6592.61633196825      57744.30022858448      
-15394.15581819198     5211581.535685118      -6621.922262385834     57744.33147858448      
-15396.02155311604     5220705.386437681      -6651.187383142413     57744.36272858448      
-15397.64032196298     5229829.209822561      -6680.410807167058     57744.39397858448      
-15399.01305894512     5238953.007821283      -6709.591652516931     57744.42522858448      
-15400.1407116301      5248076.782403634      -6738.729042420246     57744.45647858448      
-15401.02424078829     5257200.535527609      -6767.822105318119     57744.48772858448      
-15401.6646202401      5266324.269139362      -6796.869974905341     57744.51897858448      
-15402.06283670338     5275447.985173135      -6825.871790170057     57744.55022858448      
-15402.21988964065     5284571.685551217      -6854.826695432364     57744.58147858448      
-15402.13679110661     5293695.372183884      -6883.733840381843     57744.61272858448      
-15401.81456559565     5302819.046969355      -6912.592380114043     57744.64397858448      
-15401.25424988949     5311942.711793732      -6941.401475165891     57744.67522858448      
-15400.45689290514     5321066.368530968      -6970.160291550083     57744.70647858448      
-15399.42355554257     5330190.019042813      -6998.868000788425     57744.73772858448      
-15398.15531053351     5339313.66517877       -7027.523779944166     57744.76897858448      
-15396.65324228967     5348437.308776058      -7056.126811653307     57744.80022858448      
-15394.9184467516      5357560.951659569      -7084.676284154913     57744.83147858448      
-15392.95203123795     5366684.595641837      -7113.171391320416     57744.86272858448      
-15390.75511429488     5375808.242522988      -7141.61133268197      57744.89397858448      
-15388.32882554601     5384931.894090723      -7169.995313459794     57744.92522858448      
-15385.67430554274     5394055.552120267      -7198.322544588576     57744.95647858448      
-15382.79270561491     5403179.218374349      -7226.592242742916     57744.98772858448      
-15379.6851877221      5412302.894603172      -7254.803630361839     57745.01897858448      
-15376.35292430529     5421426.582544383      -7282.955935672362     57745.05022858448      
-15372.79709813875     5430550.283923043      -7311.04839271215      57745.08147858448      
-15369.01890218331     5439674.000451605      -7339.080241351269     57745.11272858448      
-15365.01953943924     5448797.733829895      -7367.050727313039     57745.14397858448      
-15360.80022280019     5457921.485745082      -7394.959102193987     57745.17522858448      
-15356.36217490766     5467045.257871665      -7422.804623482954     57745.20647858448      
-15351.70662800603     5476169.051871448      -7450.586554579314     57745.23772858448      
-15346.83482379832     5485292.869393525      -7478.304164810353     57745.26897858448      
-15341.74801330247     5494416.712074262      -7505.956729447806     57745.30022858448      
-15336.44745670849     5503540.581537291      -7533.543529723562     57745.33147858448      
-15330.93442323606     5512664.479393486      -7561.063852844562     57745.36272858448      
-15325.21019099316     5521788.407240956      -7588.51699200688      57745.39397858448      
-15319.27604683484     5530912.366665035      -7615.902246409017     57745.42522858448      
-15313.13328622367     5540036.35923827       -7643.218921264411     57745.45647858448      
-15306.78321309008     5549160.386520418      -7670.466327813181     57745.48772858448      
-15300.22713969386     5558284.450058434      -7697.643783333104     57745.51897858448      
-15293.46638648643     5567408.551386467      -7724.750611149858     57745.55022858448      
-15286.50228197384     5576532.692025862      -7751.786140646512     57745.58147858448      
-15279.33616258063     5585656.873485146      -7778.749707272311     57745.61272858448      
-15271.96937251454     5594781.097260035      -7805.640652550744     57745.64397858448      
-15264.40326363194     5603905.364833432      -7832.458324086898     57745.67522858448      
-15256.63919530439     5613029.677675424      -7859.20207557415      57745.70647858448      
-15248.67853428538     5622154.037243291      -7885.87126680016      57745.73772858448      
-15240.52265457906     5631278.444981501      -7912.465263652203     57745.76897858448      
-15232.17293730879     5640402.902321717      -7938.983438121866     57745.80022858448      
-15223.63077058713     5649527.410682807      -7965.425168309074     57745.83147858448      
-15214.89754938653     5658651.971470834      -7991.789838425512     57745.86272858448      
-15205.97467541102     5667776.586079086      -8018.076838797413     57745.89397858448      
-15196.86355696878     5676901.255888073      -8044.285565867741     57745.92522858448      
-15187.56560884561     5686025.982265525      -8070.415422197784     57745.95647858448      
-15178.08225217931     5695150.766566423      -8096.465816468159     57745.98772858448      
-15168.41491074894     5704275.610133008      -8122.436162645401     57746.01897858448      
-15158.56501949765     5713400.514294769      -8148.325881979759     57746.05022858448      
-15148.53402012141     5722525.480368465      -8174.134402029987     57746.08147858448      
-15138.32335797304     5731650.509658162      -8199.861155963808     57746.11272858448      
-15127.93448414177     5740775.60345522       -8225.505583064763     57746.14397858448      
-15117.36885533309     5749900.76303833       -8251.067128729866     57746.17522858448      
-15106.62793374945     5759025.989673509      -8276.545244466768     57746.20647858448      
-15095.71318697205     5768151.284614136      -8301.939387890401     57746.23772858448      
-15084.62608784348     5777276.649100958      -8327.249022719159     57746.26897858448      
-15073.3681143515      5786402.084362112      -8352.473618770608     57746.30022858448      
-15061.94074951369     5795527.591613146      -8377.61265195671      57746.33147858448      
-15050.34548126273     5804653.172057034      -8402.665604278611     57746.36272858448      
-15038.58380233361     5813778.826884203      -8427.63196382099      57746.39397858448      
-15026.65721015082     5822904.557272551      -8452.51122474598      57746.42522858448      
-15014.56720671701     5832030.36438747       -8477.302887286647     57746.45647858448      
-15002.31529850253     5841156.249381868      -8502.006457740075     57746.48772858448      
-14989.90299633597     5850282.213396193      -8526.621448460081     57746.51897858448      
-14977.3318152957      5859408.257558456      -8551.147377849467     57746.55022858448      
-14964.60327460229     5868534.382984258      -8575.58377035197      57746.58147858448      
-14951.71889751203     5877660.590776815      -8599.930156443786     57746.61272858448      
-14938.68021121142     5886786.882026976      -8624.186072624772     57746.64397858448      
-14925.48874671225     5895913.257813262      -8648.351061409272     57746.67522858448      
-14912.1460387485      5905039.719201885      -8672.424671316625     57746.70647858448      
-14898.65362567337     5914166.267246778      -8696.406456861327     57746.73772858448      
-14885.01304935763     5923292.902989616      -8720.295978542872     57746.76897858448      
-14871.22585508895     5932419.627459859      -8744.092802835292     57746.80022858448      
-14857.29359147208     5941546.441674762      -8767.796502176383     57746.83147858448      
-14843.2178103301      5950673.346639423      -8791.406654956634     57746.86272858448      
-14829.00006660656     5959800.343346798      -8814.922845507897     57746.89397858448      
-14814.64191826851     5968927.432777738      -8838.344664091743     57746.92522858448      
-14800.14492621071     5978054.615901018      -8861.671706887581     57746.95647858448      
-14785.51065416011     5987181.893673372      -8884.903575980496     57746.98772858448      
-14770.74067051971     5996309.26703951       -8908.039878577225     57747.01897858448      
-14755.83654356689     6005436.736932172      -8931.080228868768     57747.05022858448      
-14740.79984374499     6014564.304272144      -8954.024247068073     57747.08147858448      
-14725.632145158       6023691.969968296      -8976.871558765164     57747.11272858448      
-14710.33502428275     6032819.73491761       -8999.621795390771     57747.14397858448      
-14694.91005987945     6041947.600005214      -9022.274594202769     57747.17522858448      
-14679.35883290319     6051075.566104422      -9044.829598272407     57747.20647858448      
-14663.68292641623     6060203.634076763      -9067.286456470358     57747.23772858448      
-14647.88392550127     6069331.804772013      -9089.644823452561     57747.26897858448      
-14631.9634171755      6078460.079028227      -9111.90435964592      57747.30022858448      
-14615.92299030562     6087588.45767178       -9134.064731233811     57747.33147858448      
-14599.76423552326     6096716.941517401      -9156.125610141453     57747.36272858448      
-14583.48874514223     6105845.531368198      -9178.086674021075     57747.39397858448      
-14567.09811307561     6114974.228015708      -9199.947606236996     57747.42522858448      
-14550.5939347541      6124103.032239921      -9221.708095850525     57747.45647858448      
-14533.97780704521     6133231.944809319      -9243.367837604728     57747.48772858448      
-14517.25132817321     6142360.966480907      -9264.926531909086     57747.51897858448      
-14500.41609763987     6151490.098000263      -9286.383884824014     57747.55022858448      
-14483.47371614602     6160619.340101555      -9307.73960804528      57747.58147858448      
-14466.42578551396     6169748.693507593      -9328.993418888282     57747.61272858448      
-14449.27390861054     6178878.158929851      -9350.145040272262     57747.64397858448      
-14432.01968927111     6188007.737068512      -9371.194200704384     57747.67522858448      
-14414.66473222425     6197137.42861251       -9392.140634263747     57747.70647858448      
-14397.21064301715     6206267.234239552      -9412.9840805853       57747.73772858448      
-14379.6590279419      6215397.154616166      -9433.724284843654     57747.76897858448      
-14362.01149396244     6224527.190397728      -9454.360997736856     57747.80022858448      
-14344.26964864232     6233657.342228514      -9474.893975470055     57747.83147858448      
-14326.43510007274     6242787.610741723      -9495.322979739127     57747.86272858448      
-14308.50945680237     6251917.996559517      -9515.647777714208     57747.89397858448      
-14290.49432776675     6261048.500293062      -9535.868142023201     57747.92522858448      
-14272.391322219       6270179.122542564      -9555.983850735205     57747.95647858448      
-14254.2020496611      6279309.863897303      -9575.994687343904     57747.98772858448      
-14235.92811977587     6288440.724935672      -9595.900440750898     57748.01897858448      
-14217.5711423596      6297571.706225218      -9615.700905249027     57748.05022858448      
-14199.1327272554      6306702.808322672      -9635.395880505615     57748.08147858448      
-14180.61448428719     6315834.031773989      -9654.985171545699     57748.11272858448      
-14162.01802319435     6324965.377114395      -9674.468588735252     57748.14397858448      
-14143.34495356706     6334096.844868405      -9693.845947764325     57748.17522858448      
-14124.59688478222     6343228.435549882      -9713.11706963022      57748.20647858448      
-14105.77542594003     6352360.149662057      -9732.281780620619     57748.23772858448      
-14086.88218580124     6361491.98769757       -9751.339912296693     57748.26897858448      
-14067.91877272496     6370623.950138518      -9770.291301476225     57748.30022858448      
-14048.88679460712     6379756.037456479      -9789.135790216667     57748.33147858448      
-14029.78785881948     6388888.25011256       -9807.873225798276     57748.36272858448      
-14010.62357214932     6398020.588557426      -9826.503460707148     57748.39397858448      
-13991.39554073966     6407153.053231341      -9845.026352618341     57748.42522858448      
-13972.10537003005     6416285.644564203      -9863.441764378938     57748.45647858448      
-13952.75466469798     6425418.362975586      -9881.749563991141     57748.48772858448      
-13933.34502860082     6434551.20887477       -9899.949624595358     57748.51897858448      
-13913.87806471832     6443684.182660787      -9918.041824453316     57748.55022858448      
-13894.35537509566     6452817.284722451      -9936.026046931172     57748.58147858448      
-13874.77856078706     6461950.515438397      -9953.902180482637     57748.61272858448      
-13855.14922179987     6471083.875177115      -9971.670118632128     57748.64397858448      
-13835.46895703931     6480217.364296997      -9989.329759957909     57748.67522858448      
-13815.73936425352     6489350.98314636       -10006.88100807529     57748.70647858448      
-13795.96203997937     6498484.732063496      -10024.32377161982     57748.73772858448      
-13776.13857948856     6507618.611376693      -10041.65796423049     57748.76897858448      
-13756.27057673433     6516752.621404289      -10058.88350453301     57748.80022858448      
-13736.35962429865     6525886.762454696      -10076.00031612306     57748.83147858448      
-13716.40731333985     6535021.034826444      -10093.00832754958     57748.86272858448      
-13696.41523354079     6544155.438808211      -10109.90747229811     57748.89397858448      
-13676.38497305739     6553289.974678864      -10126.69768877416     57748.92522858448      
-13656.31811846775     6562424.642707493      -10143.37892028655     57748.95647858448      
-13636.21625472165     6571559.443153449      -10159.95111503087     57748.98772858448      
-13616.0809698204      6580694.376266367      -10176.41422671662     57749.01897858448      
-13595.91384334237     6589829.442286229      -10192.76821299283     57749.05022858448      
-13575.71645208733     6598964.641443385      -10209.01303621182     57749.08147858448      
-13555.49037393859     6608099.973958584      -10225.14866394345     57749.11272858448      
-13535.2371849078      6617235.440043014      -10241.17506856228     57749.14397858448      
-13514.95845908731     6626371.039898336      -10257.09222723131     57749.17522858448      
-13494.65576860297     6635506.773716724      -10272.90012188559     57749.20647858448      
-13474.33068356726     6644642.641680894      -10288.59873921601     57749.23772858448      
-13453.98477203284     6653778.643964145      -10304.18807065303     57749.26897858448      
-13433.61959994644     6662914.78073039       -10319.66811235052     57749.30022858448      
-13413.23673110311     6672051.052134194      -10335.03886516954     57749.33147858448      
-13392.83772710085     6681187.45832081       -10350.30033466222     57749.36272858448      
-13372.42414729552     6690323.999426206      -10365.45253105572     57749.39397858448      
-13351.9975487562      6699460.675577114      -10380.49546923608     57749.42522858448      
-13331.55948622073     6708597.486891049      -10395.42916873226     57749.45647858448      
-13311.11151205174     6717734.433476354      -10410.25365370012     57749.48772858448      
-13290.65517619272     6726871.515432234      -10424.96895290647     57749.51897858448      
-13270.19202612518     6736008.732848781      -10439.57509971315     57749.55022858448      
-13249.7236068247      6745146.085807023      -10454.07213206115     57749.58147858448      
-13229.25146071868     6754283.574378944      -10468.46009245473     57749.61272858448      
-13208.77712764369     6763421.198627529      -10482.73902794564     57749.64397858448      
-13188.30214480321     6772558.95860679       -10496.90899011732     57749.67522858448      
-13167.82804672573     6781696.854361808      -10510.97003506913     57749.70647858448      
-13147.35636522304     6790834.885928757      -10524.92222340068     57749.73772858448      
-13126.88862934886     6799973.053334947      -10538.76562019608     57749.76897858448      
-13106.42636535773     6809111.356598848      -10552.50029500836     57749.80022858448      
-13085.97109666408     6818249.795730136      -10566.1263218438      57749.83147858448      
-13065.52434380171     6827388.370729716      -10579.64377914634     57749.86272858448      
-13045.08762438334     6836527.081589755      -10593.05274978205     57749.89397858448      
-13024.6624530606      6845665.928293724      -10606.35332102359     57749.92522858448      
-13004.25034148405     6854804.91081643       -10619.5455845347      57749.95647858448      
-12983.85279826368     6863944.029124035      -10632.62963635472     57749.98772858448      
-12963.4713255459      6873083.283174111      -10645.60557743173     57750.01897858448      
-12943.10742719904     6882222.672915653      -10658.47351227374     57750.05022858448      
-12922.76260460756     6891362.198289117      -10671.23354960873     57750.08147858448      
-12902.43835386476     6900501.859226459      -10683.88580281826     57750.11272858448      
-12882.13616782582     6909641.655651165      -10696.43038958301     57750.14397858448      
-12861.85753606936     6918781.587478284      -10708.86743186746     57750.17522858448      
-12841.60394485923     6927921.654614452      -10721.19705590466     57750.20647858448      
-12821.37687710647     6937061.856957943      -10733.41939218097     57750.23772858448      
-12801.17781233161     6946202.19439868       -10745.5345754208      57750.26897858448      
-12781.00822662704     6955342.666818283      -10757.54274457143     57750.30022858448      
-12760.8695926197      6964483.274090092      -10769.4440427878      57750.33147858448      
-12740.76337943397     6973624.016079201      -10781.23861741734     57750.36272858448      
-12720.69105265459     6982764.892642496      -10792.92661998478     57750.39397858448      
-12700.65407429047     6991905.903628675      -10804.50820617702     57750.42522858448      
-12680.6539027374      7001047.048878293      -10815.98353582798     57750.45647858448      
-12660.69199274223     7010188.328223785      -10827.35277290347     57750.48772858448      
-12640.76979536666     7019329.741489505      -10838.6160854861      57750.51897858448      
-12620.88875795123     7028471.288491742      -10849.77364576012     57750.55022858448      
-12601.05032407968     7037612.969038773      -10860.82562999639     57750.58147858448      
-12581.25593354331     7046754.782930878      -10871.77221853725     57750.61272858448      
-12561.50702230559     7055896.729960386      -10882.61359578144     57750.64397858448      
-12541.80502246705     7065038.809911683      -10893.34995016905     57750.67522858448      
-12522.15136223018     7074181.022561274      -10903.98147416644     57750.70647858448      
-12502.54746586446     7083323.367677787      -10914.50836425117     57750.73772858448      
-12482.99475367222     7092465.845022026      -10924.93082089697     57750.76897858448      
-12463.49464195332     7101608.454346981      -10935.24904855864     57750.80022858448      
-12444.04854297136     7110751.195397881      -10945.46325565706     57750.83147858448      
-12424.65786491933     7119894.067912206      -10955.57365456409     57750.86272858448      
-12405.32401188557     7129037.07161973       -10965.58046158753     57750.89397858448      
-12386.04838381993     7138180.206242547      -10975.48389695608     57750.92522858448      
-12366.83237650003     7147323.471495103      -10985.28418480429     57750.95647858448      
-12347.67738149769     7156466.86708423       -10994.98155315752     57750.98772858448      
-12328.58478614551     7165610.392709172      -11004.57623391685     57751.01897858448      
-12309.55597350358     7174754.048061617      -11014.06846284404     57751.05022858448      
-12290.59232232626     7183897.83282573       -11023.45847954649     57751.08147858448      
-12271.69520702966     7193041.746678181      -11032.74652746215     57751.11272858448      
-12252.86599765802     7202185.789288183      -11041.93285384444     57751.14397858448      
-12234.10605985152     7211329.960317508      -11051.0177097472      57751.17522858448      
-12215.41675481356     7220474.259420534      -11060.00135000957     57751.20647858448      
-12196.79943927831     7229618.686244268      -11068.88403324093     57751.23772858448      
-12178.25546547839     7238763.240428372      -11077.66602180577     57751.26897858448      
-12159.78618111263     7247907.921605205      -11086.34758180859     57751.30022858448      
-12141.39292931408     7257052.729399842      -11094.92898307878     57751.33147858448      
-12123.07704861798     7266197.663430116      -11103.41049915549     57751.36272858448      
-12104.83987292987     7275342.723306635      -11111.79240727247     57751.39397858448      
-12086.68273149435     7284487.908632828      -11120.07498834293     57751.42522858448      
-12068.60694886272     7293633.219004962      -11128.25852694437     57751.45647858448      
-12050.61384486208     7302778.654012184      -11136.34331130337     57751.48772858448      
-12032.70473456373     7311924.213236542      -11144.32963328045     57751.51897858448      
-12014.88092825203     7321069.896253021      -11152.2177883548      57751.55022858448      
-11997.14373139319     7330215.702629572      -11160.00807560909     57751.58147858448      
-11979.49444460427     7339361.631927145      -11167.70079771422     57751.61272858448      
-11961.93436362225     7348507.683699711      -11175.29626091406     57751.64397858448      
-11944.46477927323     7357653.857494309      -11182.79477501017     57751.67522858448      
-11927.08697744167     7366800.152851056      -11190.19665334652     57751.70647858448      
-11909.8022390397      7375946.569303194      -11197.50221279417     57751.73772858448      
-11892.61183997713     7385093.106377116      -11204.71177373594     57751.76897858448      
-11875.51705113022     7394239.763592393      -11211.82566005107     57751.80022858448      
-11858.51913831193     7403386.540461807      -11218.84419909986     57751.83147858448      
-11841.61936224157     7412533.43649138       -11225.76772170826     57751.86272858448      
-11824.81897851469     7421680.451180412      -11232.59656215249     57751.89397858448      
-11808.11923757306     7430827.5840215        -11239.33105814358     57751.92522858448      
-11791.52138467474     7439974.834500578      -11245.97155081197     57751.95647858448      
-11775.02665986429     7449122.202096947      -11252.51838469198     57751.98772858448      
-11758.63628907715     7458269.686283311      -11258.9719072262      57752.01897858448      
-11742.35150553212     7467417.286525783      -11265.33246992266     57752.05022858448      
-11726.17353901699     7476565.002283933      -11271.60042773805     57752.08147858448      
-11710.10360853216     7485712.83301082       -11277.77613867219     57752.11272858448      
-11694.14292771227     7494860.77815303       -11283.85996405065     57752.14397858448      
-11678.29270479559     7504008.837150692      -11289.85226850911     57752.17522858448      
-11662.55414259482     7513157.009437518      -11295.75341997774     57752.20647858448      
-11646.92843846742     7522305.294440833      -11301.5637896655      57752.23772858448      
-11631.41678428611     7531453.691581599      -11307.2837520445      57752.26897858448      
-11616.02036640956     7540602.200274458      -11312.91368483426     57752.30022858448      
-11600.7403656532      7549750.81992775       -11318.45396898601     57752.33147858448      
-11585.57795726015     7558899.549943555      -11323.90498866693     57752.36272858448      
-11570.53431087226     7568048.389717719      -11329.2671312444      57752.39397858448      
-11555.61059050134     7577197.338639883      -11334.54078727015     57752.42522858448      
-11540.80795450044     7586346.396093519      -11339.72635046453     57752.45647858448      
-11526.12755553524     7595495.56145596       -11344.82421770061     57752.48772858448      
-11511.57054055612     7604644.834098428      -11349.83478898834     57752.51897858448      
-11497.13805076914     7613794.213386073      -11354.75846745867     57752.55022858448      
-11482.83122160838     7622943.698677996      -11359.59565934763     57752.58147858448      
-11468.65118270788     7632093.289327279      -11364.34677398042     57752.61272858448      
-11454.59905787374     7641242.984681029      -11369.01222375544     57752.64397858448      
-11440.6759650564      7650392.784080401      -11373.5924241283      57752.67522858448      
-11426.88301632307     7659542.686860627      -11378.08779359582     57752.70647858448      
-11413.22131783031     7668692.692351053      -11382.49875368003     57752.73772858448      
-11399.69196979667     7677842.799875166      -11386.82572891205     57752.76897858448      
-11386.2960664756      7686993.008750634      -11391.06914681609     57752.80022858448      
-11373.03469612837     7696143.318289329      -11395.22943789327     57752.83147858448      
-11359.90894099709     7705293.727797361      -11399.30703560552     57752.86272858448      
-11346.91987727852     7714444.236575112      -11403.30237635944     57752.89397858448      
-11334.06857509662     7723594.84391727       -11407.21589949005     57752.92522858448      
-11321.35609847668     7732745.549112855      -11411.04804724467     57752.95647858448      
-11308.78350531888     7741896.351445256      -11414.79926476657     57752.98772858448      
-11296.35185321253     7751047.25019225       -11418.46999975169     57753.01897858448      
-11284.06218521124     7760198.244626065      -11422.06070322755     57753.05022858448      
-11271.91553700264     7769349.334013384      -11425.57182913389     57753.08147858448      
-11259.91294166145     7778500.517615385      -11429.00383403874     57753.11272858448      
-11248.05542601264     7787651.794687781      -11432.35717732422     57753.14397858448      
-11236.34401060626     7796803.164480841      -11435.63232117018     57753.17522858448      
-11224.77970969233     7805954.626239421      -11438.82973053774     57753.20647858448      
-11213.36353119589     7815106.179203016      -11441.94987315277     57753.23772858448      
-11202.09647669202     7824257.822605767      -11444.99321948948     57753.26897858448      
-11190.97954138165     7833409.555676515      -11447.96024275379     57753.30022858448      
-11180.01371406606     7842561.377638821      -11450.85141886687     57753.33147858448      
-11169.19997712293     7851713.287711005      -11453.66722644847     57753.36272858448      
-11158.5393064818      7860865.285106174      -11456.4081468004      57753.39397858448      
-11148.03267159974     7870017.369032261      -11459.07466388982     57753.42522858448      
-11137.68103543713     7879169.538692052      -11461.66726433262     57753.45647858448      
-11127.48535443365     7888321.79328322       -11464.18643737672     57753.48772858448      
-11117.44657848422     7897474.131998365      -11466.63267488534     57753.51897858448      
-11107.56565091521     7906626.554025035      -11469.00647132024     57753.55022858448      
-11097.84350846063     7915779.058545777      -11471.30832372501     57753.58147858448      
-11088.28108123857     7924931.644738146      -11473.5387317082      57753.61272858448      
-11078.87929272746     7934084.311774761      -11475.69819742649     57753.64397858448      
-11069.63905974332     7943237.058823328      -11477.78722556788     57753.67522858448      
-11060.56129241554     7952389.885046666      -11479.80632333476     57753.70647858448      
-11051.64689416435     7961542.78960276       -11481.756000427       57753.73772858448      
-11042.89676167758     7970695.771644779      -11483.63676902502     57753.76897858448      
-11034.3117848878      7979848.830321114      -11485.44914377279     57753.80022858448      
-11025.89284694943     7989001.964775415      -11487.19364176084     57753.83147858448      
-11017.64082421615     7998155.174146618      -11488.87078250922     57753.86272858448      
-11009.55658621828     8007308.457568985      -11490.48108795045     57753.89397858448      
-11001.64099564036     8016461.814172136      -11492.02508241243     57753.92522858448      
-10993.8949082989      8025615.243081077      -11493.50329260126     57753.95647858448      
-10986.31917312013     8034768.743416249      -11494.91624758419     57753.98772858448      
-10978.91463211788     8043922.314293543      -11496.26447877235     57754.01897858448      
-10971.68212037222     8053075.954824347      -11497.54851990358     57754.05022858448      
-10964.62246600681     8062229.664115581      -11498.76890702518     57754.08147858448      
-10957.73649016786     8071383.441269718      -11499.92617847663     57754.11272858448      
-10951.02500700246     8080537.285384837      -11501.02087487233     57754.14397858448      
-10944.48882363722     8089691.195554641      -11502.05353908421     57754.17522858448      
-10938.12874015708     8098845.170868499      -11503.0247162244      57754.20647858448      
-10931.94554958418     8107999.210411481      -11503.93495362784     57754.23772858448      
-10925.94003785695     8117153.313264385      -11504.78480083486     57754.26897858448      
-10920.1129838093      8126307.478503786      -11505.57480957371     57754.30022858448      
-10914.46515914999     8135461.705202059      -11506.3055337431      57754.33147858448      
-10908.99732844199     8144615.992427411      -11506.97752939468     57754.36272858448      
-10903.71024908271     8153770.339243927      -11507.59135471547     57754.39397858448      
-10898.60467128293     8162924.744711597      -11508.14757001034     57754.42522858448      
-10893.68133804734     8172079.207886353      -11508.64673768436     57754.45647858448      
-10888.94098515454     8181233.727820102      -11509.08942222521     57754.48772858448      
-10884.38434113729     8190388.303560765      -11509.47619018545     57754.51897858448      
-10880.01212726293     8199542.934152306      -11509.8076101649      57754.55022858448      
-10875.82505751402     8208697.618634771      -11510.08425279286     57754.58147858448      
-10871.82383856907     8217852.35604432       -11510.3066907104      57754.61272858448      
-10868.00916978346     8227007.145413272      -11510.47549855252     57754.64397858448      
-10864.38174317055     8236161.985770123      -11510.59125293037     57754.67522858448      
-10860.94224338293     8245316.876139592      -11510.65453241342     57754.70647858448      
-10857.69134769367     8254471.81554266       -11510.66591751155     57754.73772858448      
-10854.62972597859     8263626.802996593      -11510.62599065714     57754.76897858448      
-10851.75804069704     8272781.837514987      -11510.53533618719     57754.80022858448      
-10849.0769468745      8281936.9181078        -11510.39454032528     57754.83147858448      
-10846.58709208457     8291092.043781386      -11510.20419116362     57754.86272858448      
-10844.2891164312      8300247.213538531      -11509.96487864503     57754.89397858448      
-10842.18365253122     8309402.42637849       -11509.67719454485     57754.92522858448      
-10840.27132549699     8318557.681297022      -11509.34173245288     57754.95647858448      
-10838.55275291923     8327712.977286422      -11508.95908775528     57754.98772858448      
-10837.0285545451      8336868.313335548      -11508.52985763728     57755.01897858448      
-10835.69932886183     8346023.688429886      -11508.0546409938      57755.05022858448      
-10834.56566471709     8355179.101551567      -11507.53403847394     57755.08147858448      
-10833.62814932884     8364334.551679403      -11506.96865246855     57755.11272858448      
-10832.88736231569     8373490.037788906      -11506.35908707421     57755.14397858448      
-10832.34387568055     8382645.558852356      -11505.70594807492     57755.17522858448      
-10831.99825379598     8391801.113838809      -11505.00984292377     57755.20647858448      
-10831.85105338894     8400956.701714149      -11504.27138072453     57755.23772858448      
-10831.90282352583     8410112.321441116      -11503.49117221328     57755.26897858448      
-10832.15410559771     8419267.971979348      -11502.66982973999     57755.30022858448      
-10832.60543330562     8428423.652285401      -11501.80796725002     57755.33147858448      
-10833.25733264611     8437579.361312816      -11500.90620026569     57755.36272858448      
-10834.11032189688     8446735.098012118      -11499.9651458677      57755.39397858448      
-10835.16491160255     8455890.861330872      -11498.98542267664     57755.42522858448      
-10836.42160456064     8465046.650213726      -11497.96765083436     57755.45647858448      
-10837.88089580764     8474202.463602414      -11496.91245198545     57755.48772858448      
-10839.54327260524     8483358.300435835      -11495.82044925854     57755.51897858448      
-10841.40921442671     8492514.159650058      -11494.69226724768     57755.55022858448      
-10843.47919294325     8501670.040178366      -11493.5285319937      57755.58147858448      
-10845.75367201131     8510825.940951291      -11492.32987096547     57755.61272858448      
-10848.23310765839     8519981.860896662      -11491.09691304116     57755.64397858448      
-10850.91794807069     8529137.798939627      -11489.83028848955     57755.67522858448      
-10853.80863357995     8538293.754002675      -11488.53062895125     57755.70647858448      
-10856.90559665072     8547449.725005712      -11487.19856741989     57755.73772858448      
-10860.20926186771     8556605.710866066      -11485.8347382233      57755.76897858448      
-10863.72004592328     8565761.710498525      -11484.43977700476     57755.80022858448      
-10867.43835760505     8574917.722815381      -11483.01432070403     57755.83147858448      
-10871.36459778368     8584073.746726466      -11481.5590075386      57755.86272858448      
-10875.49915940079     8593229.78113918       -11480.07447698475     57755.89397858448      
-10879.84242745695     8602385.824958533      -11478.56136975865     57755.92522858448      
-10884.39477899989     8611541.877087187      -11477.02032779745     57755.95647858448      
-10889.15658311276     8620697.936425468      -11475.45199424035     57755.98772858448      
-10894.12819697171     8629854.001871431      -11473.8570131727      57756.01897858448      
-10899.30997539208     8639010.072320882      -11472.23603018317     57756.05022858448      
-10904.70226597198     8648166.146667404      -11470.58969205273     57756.08147858448      
-10910.30540586536     8657322.223802408      -11468.91864654181     57756.11272858448      
-10916.11972420186     8666478.302615156      -11467.22354251778     57756.14397858448      
-10922.14554207566     8675634.381992823      -11465.50502993604     57756.17522858448      
-10928.38317253444     8684790.460820494      -11463.76375982089     57756.20647858448      
-10934.83292056913     8693946.537981236      -11462.00038424656     57756.23772858448      
-10941.49508310241     8703102.612356102      -11460.21555631813     57756.26897858448      
-10948.36994897877     8712258.682824196      -11458.40993015249     57756.30022858448      
-10955.45779895402     8721414.748262679      -11456.58416085931     57756.33147858448      
-10962.75890568511     8730570.807546837      -11454.73890452193     57756.36272858448      
-10970.27353372004     8739726.859550089      -11452.87481817835     57756.39397858448      
-10978.00193948799     8748882.903144035      -11450.99255980213     57756.42522858448      
-10985.94437128949     8758038.937198492      -11449.09278828333     57756.45647858448      
-10994.10106928685     8767194.960581521      -11447.17616340943     57756.48772858448      
-11002.47226549465     8776350.972159475      -11445.24334584628     57756.51897858448      
-11011.05818377042     8785506.970797034      -11443.29499711899     57756.55022858448      
-11019.85903980537     8794662.955357222      -11441.33177959291     57756.58147858448      
-11028.8750411154      8803818.924701463      -11439.3543564545      57756.61272858448      
-11038.10638703212     8812974.877689607      -11437.36339169229     57756.64397858448      
-11047.55326869407     8822130.813179974      -11435.35955007781     57756.67522858448      
-11057.21586903801     8831286.730029371      -11433.34349714653     57756.70647858448      
-11067.09436279044     8840442.627093146      -11431.31589917876     57756.73772858448      
-11077.18891645917     8849598.503225217      -11429.27742318065     57756.76897858448      
-11087.49968832499     8858754.357278101      -11427.22873686508     57756.80022858448      
-11098.02682843359     8867910.188102964      -11425.17050863264     57756.83147858448      
-11108.77047858746     8877065.994549649      -11423.10340755257     57756.86272858448      
-11119.730772338       8886221.775466699      -11421.02810334375     57756.89397858448      
-11130.90783497771     8895377.529701406      -11418.94526635564     57756.92522858448      
-11142.30178353253     8904533.256099857      -11416.85556754924     57756.95647858448      
-11153.91272675422     8913688.953506932      -11414.75967847812     57756.98772858448      
-11158.53153140897     8917284.253079792      -11413.93510753303     57756.99999999999      
