-9382.424768208824     6448.500430157969      -4288.035378974079     57727                  
-9674.125887025157     6876.234828711591      -4569.863438869021     57727.00069444445      
-10035.21069375603     7406.174236530121      -4918.932261001258     57727.00158095954      
-10423.86200269028     7977.163551796062      -5294.912353069773     57727.00256693504      
-10844.45496418016     8595.794873121749      -5702.109058242788     57727.00366934125      
-11299.76286326195     9266.351773094777      -6143.298002158327     57727.00490225861      
-11792.88725482056     9993.650728996763      -6621.594878928052     57727.00628170704      
-12327.26469815777     10783.06328275168      -7140.467434401369     57727.00782584328      
-12906.63899766344     11640.48975102004      -7703.715081015558     57727.0095550663       
-13535.14011235647     12572.49381086535      -8315.553567408919     57727.01149244919      
-14217.29510280115     13586.34110188224      -8980.635640607947     57727.01366400735      
-14957.46922875773     14689.19249852755      -9703.516865361984     57727.01609708191      
-15759.15112016742     15887.05473133544      -10487.96461213589     57727.01881783475      
-16627.64495884008     17188.82708596958      -11339.60324482432     57727.02186037917      
-17568.8313284553      18604.50944286478      -12264.72834224008     57727.02526327121      
-18589.15443890541     20145.24059447085      -13270.32008405498     57727.0290698563       
-19695.66546953243     21823.43353539523      -14364.11753395769     57727.03332885278      
-20896.03203606903     23652.87558827759      -15554.66685523458     57727.03809486121      
-22198.67439108507     25649.04200580138      -16851.50455441957     57727.04342944722      
-23612.79077709989     27829.26846879044      -18265.24357733891     57727.04940190409      
-25148.34176298966     30212.89101060775      -19807.6326071874      57727.05608992357      
-26816.31267746741     32821.85850810958      -21491.91368404255     57727.06358161114      
-28628.44826815046     35680.57660056483      -23332.67336843565     57727.07197535731      
-30597.62850487149     38816.81619216991      -25346.37034815428     57727.08138275064      
-32737.70020686873     42261.8542193004       -27551.35289243216     57727.09192930964      
-35063.56923178719     46051.12606519776      -29968.18884553514     57727.10375669357      
-37591.42221968422     50225.2351776772       -32620.19976511088     57727.11702607173      
-40338.22327813304     54829.94530987015      -35533.32075592332     57727.13191824916      
-43322.00667497975     59917.69037134129      -38736.89453164925     57727.14863849828      
-46561.72079871988     65548.64820384468      -42264.14317522741     57727.1674200179       
-50076.52259385976     71791.20843627896      -46152.21472956427     57727.18852518271      
-53885.7545392399      78724.07006828938      -50443.19528521206     57727.21225200985      
-58008.64970567724     86438.54839807645      -55185.16600443589     57727.2389412651       
-62462.85980322725     95039.52533328139      -60432.33608086944     57727.26897858448      
-66905.73425923807     103919.3629447444      -65806.94193142644     57727.30022858448      
-71168.17192017377     112747.9012838228      -71108.85207468073     57727.33147858448      
-75261.52097339126     121539.3036622862      -76348.55574941642     57727.36272858448      
-79194.71145669284     130304.4947951186      -81534.33730381296     57727.39397858448      
-82974.89850256563     139052.0352555726      -86672.86785604173     57727.42522858448      
-86607.90172655393     147788.7155514462      -91769.60807093294     57727.45647858448      
-90098.51457564288     156519.9721439985      -96829.09078676967     57727.48772858448      
-93450.72778902097     165250.186385584       -101855.1245078927     57727.51897858448      
-96667.89443222251     173982.904146035       -106850.943206385      57727.55022858448      
-99752.85414523269     182721.0003223324      -111819.3187490352     57727.58147858448      
-102708.0282843662     191466.8041725506      -116762.6467182056     57727.61272858448      
-105535.4938749955     200222.196252569       -121683.0129151573     57727.64397858448      
-108237.0418650053     208988.6844055449      -126582.2455898933     57727.67522858448      
-110814.2235697958     217767.4640522161      -131461.956958029      57727.70647858448      
-113268.3881046119     226559.4665510877      -136323.5765629593     57727.73772858448      
-115600.7128481799     235365.3983772447      -141168.3783510587     57727.76897858448      
-117812.2284630351     244185.7731490091      -145997.5028433814     57727.80022858448      
-119903.839612879      253020.9380271119      -150811.9754422261     57727.83147858448      
-121876.3422434569     261871.0956436804      -155612.7216613592     57727.86272858448      
-123730.4381030777     270736.3224443179      -160400.5798857444     57727.89397858448      
-125466.7470205034     279616.5841317603      -165176.3121309105     57727.92522858448      
-127085.8173445421     288511.7487504428      -169940.6131702073     57727.95647858448      
-128588.1348791378     297421.5978313576      -174694.1183209178     57727.98772858448      
-129974.1305598268     306345.8359402556      -179437.4101210412     57728.01897858448      
-131244.1870896995     315284.0988949095      -184171.0240827903     57728.05022858448      
-132398.6446991656     324235.9608716442      -188895.4536732097     57728.08147858448      
-133437.8061621926     333200.9405804118      -193611.1546443117     57728.11272858448      
-134361.9411899353     342178.5066499527      -198318.5488129311     57728.14397858448      
-135171.2902907177     351168.0823441467      -203018.0273728435     57728.17522858448      
-135866.0681685568     360169.0497101375      -207709.953807509      57728.20647858448      
-136446.466733603      369180.7532366581      -212394.6664603386     57728.23772858448      
-136912.6577741064     378202.503092933       -217072.4808100918     57728.26897858448      
-137264.7953300422     387233.5780076057      -221743.6914914325     57728.30022858448      
-137503.017816595      396273.2278325126      -226408.5740944088     57728.33147858448      
-137627.4499254694     405320.6758342453      -231067.3867715035     57728.36272858448      
-137638.2043262242     414375.1207503059      -235720.3716766394     57728.39397858448      
-137535.3832019774     423435.7386359343      -240367.7562569541     57728.42522858448      
-137319.0796349341     432501.6845290015      -245009.7544152102     57728.45647858448      
-136989.3788527377     441572.0939569708      -249646.567558219      57728.48772858448      
-136546.3593667986     450646.0842996769      -254278.3855445235     57728.51897858448      
-135990.0939965897     459722.7560305097      -258905.3875428581     57728.55022858448      
-135320.6508075324     468801.1938449227      -263527.7428113445     57728.58147858448      
-134538.093966307      477880.4676908473      -268145.6114061294     57728.61272858448      
-133642.4845158139     486959.6337135092      -272759.1448270679     57728.64397858448      
-132633.881090002      496037.7351204298      -277368.4866070923     57728.67522858448      
-131512.3405694021     505113.8029767426      -281973.7728511192     57728.70647858448      
-130277.9186764169     514186.8569398391      -286575.1327296463     57728.73772858448      
-128930.6705289028     523255.9059361886      -291172.6889315664     57728.76897858448      
-127470.6511504109     532319.9487878167      -295766.558080218      57728.80022858448      
-125897.9159339587     541377.9747951239      -300356.8511162447     57728.83147858448      
-124212.5210770106     550428.9642770472      -304943.6736504083     57728.86272858448      
-122414.5239842886     559471.8890742965      -309527.1262891765     57728.89397858448      
-120503.9836337053     568505.7130207636      -314107.3049356063     57728.92522858448      
-118480.9609227697     577529.3923829565      -318684.3010677499     57728.95647858448      
-116345.5189907894     586541.8762719856      -323258.201996598      57728.98772858448      
-114097.7235109693     595542.1070320898      -327829.0911053724     57729.01897858448      
-111737.6429697709     604529.0206048553      -332397.048071767      57729.05022858448      
-109265.3489278402     613501.5468727904      -336962.1490746053     57729.08147858448      
-106680.916255678      622458.6099854421      -341524.4669862305     57729.11272858448      
-103984.4233616357     631399.1286668011      -346084.0715518016     57729.14397858448      
-101175.952405737      640322.0165070326      -350641.0295565725     57729.17522858448      
-98255.58949172792     649226.182241091       -355195.4049821316     57729.20647858448      
-95223.42485531593     658110.5300127907      -359747.2591524689     57729.23772858448      
-92079.55304140982     666973.9596268662      -364296.6508706734     57729.26897858448      
-88824.07306110297     675815.366791219       -368843.6365469985     57729.30022858448      
-85457.08855392254     684633.6433470548      -373388.270318936      57729.33147858448      
-81978.70792628483     693427.6774915284      -377930.6041639236     57729.36272858448      
-78389.04449175038     702196.3539905323      -382470.6880052175     57729.39397858448      
-74688.21660396023     710938.5543836749      -387008.5698114437     57729.42522858448      
-70876.34777309471     719653.157182863       -391544.2956902888     57729.45647858448      
-66953.56678520772     728339.0380632126      -396077.9099767454     57729.48772858448      
-62920.00781579097     736995.0700478866      -400609.4553162988     57729.51897858448      
-58775.81052792515     745620.1236879352      -405138.9727434207     57729.55022858448      
-54521.12017497759     754213.0672360902      -409666.5017556809     57729.58147858448      
-50156.08769873596     762772.7668158212      -414192.0803837857     57729.61272858448      
-45680.86981288552     771298.0865864163      -418715.7452578198     57729.64397858448      
-41095.62909241887     779787.888903326       -423237.5316699412     57729.67522858448      
-36400.53405943012     788241.0344748063      -427757.4736337656     57729.70647858448      
-31595.75925477775     796656.3825153218      -432275.6039406626     57729.73772858448      
-26681.48531684895     805032.7908952851      -436791.9542131549     57729.76897858448      
-21657.89905746121     813369.1162879104      -441306.5549556112     57729.80022858448      
-16525.19352398091     821664.2143133353      -445819.4356024071     57729.83147858448      
-11283.5680695461      829916.9396799853      -450330.6245637059     57729.86272858448      
-5933.228421028467     838126.1463236896      -454840.1492690108     57729.89397858448      
-474.3867334257802     846290.6875444049      -459348.0362086286     57729.92522858448      
5092.738346768785      854409.4161409516      -463854.3109731649     57729.95647858448      
10767.9216199734       862481.1845440123      -468358.9982911726     57729.98772858448      
16550.93128538388      870504.8449469334      -472862.1220650668     57730.01897858448      
22441.5288830936       878479.2494352211      -477363.7054054023     57730.05022858448      
28439.46923759561      886403.2501146962      -481863.7706636116     57730.08147858448      
34544.50041471612      894275.6992375465      -486362.3394632952     57730.11272858448      
40756.36366811269      902095.4493276739      -490859.4327301413     57730.14397858448      
47074.79338683448      909861.3533050235      -495355.0707205567     57730.17522858448      
53499.51705634732      917572.264607808       -499849.2730490789     57730.20647858448      
60030.25520850207      925227.0373145782      -504342.0587146395     57730.23772858448      
66666.72137230152      932824.5262655299      -508833.4461257348     57730.26897858448      
73408.62203821573      940363.587181633       -513323.4531245746     57730.30022858448      
80255.65661087287      947843.0767841131      -517812.0970102517     57730.33147858448      
87207.51736233196      955261.8529133811      -522299.3945609935     57730.36272858448      
94263.88939902629      962618.7746456377      -526785.3620555371     57730.39397858448      
101424.450616559       969912.7024103216      -531270.0152936795     57730.42522858448      
108688.8716549026      977142.4981071588      -535753.3696160397     57730.45647858448      
116056.8158674209      984307.0252207058      -540235.4399230771     57730.48772858448      
123527.9392772582      991405.1489361871      -544716.2406934006     57730.51897858448      
131101.8905339857      998435.7362550755      -549195.7860014078     57730.55022858448      
138778.3108842448      1005397.656107916      -553674.0895342788     57730.58147858448      
146556.8341293059      1012289.779468904      -558151.1646083681     57730.61272858448      
154437.0865827634      1019110.979470296      -562627.0241850134     57730.64397858448      
162418.6870424203      1025860.131513799      -567101.6808857917     57730.67522858448      
170501.2467486651      1032536.113384145      -571575.1470072516     57730.70647858448      
178684.3693428845      1039137.805362579      -576047.4345351455     57730.73772858448      
186967.6508402736      1045664.090337019      -580518.555158176      57730.76897858448      
195350.6795887396      1052113.853914824      -584988.5202812918     57730.80022858448      
203833.0362277594      1058485.984535553      -589457.3410385473     57730.83147858448      
212414.2936618527      1064779.373580035      -593925.028305537      57730.86272858448      
221094.0170197735      1070992.915482496      -598391.5927114366     57730.89397858448      
229871.7636135867      1077125.507842706      -602857.0446506633     57730.92522858448      
238747.0829125902      1083176.05153409       -607321.39429416       57730.95647858448      
247719.5165025958      1089143.450815298      -611784.6516003364     57730.98772858448      
256788.5980450443      1095026.613441861      -616246.8263256728     57731.01897858448      
265953.8532511982      1100824.450773389      -620707.9280349928     57731.05022858448      
275214.7998413545      1106535.87788468       -625167.966111431      57731.08147858448      
284570.9475038539      1112159.813676932      -629626.9497661032     57731.11272858448      
294021.7978693994      1117695.180984077      -634084.8880474817     57731.14397858448      
303566.8444700782      1123140.906683475      -638541.7898504965     57731.17522858448      
313205.5726981495      1128495.921806715      -642997.663925377      57731.20647858448      
322937.4597803776      1133759.161645103      -647452.5188862211     57731.23772858448      
332761.9747367686      1138929.565859956      -651906.363219326      57731.26897858448      
342678.5783390501      1144006.078593015      -656359.2052912824     57731.30022858448      
352686.7230849345      1148987.648571081      -660811.053356823      57731.33147858448      
362785.8531565019      1153873.229215903      -665261.9155664549     57731.36272858448      
372975.4043783115      1158661.778754206      -669711.7999738822     57731.39397858448      
383254.8041915357      1163352.260321447      -674160.7145431968     57731.42522858448      
393623.4716119433      1167943.642071298      -678608.6671558842     57731.45647858448      
404080.8171876077      1172434.897285247      -683055.6656176276     57731.48772858448      
414626.2429728726      1176825.004475458      -687501.7176649049     57731.51897858448      
425259.1424840695      1181112.947494589      -691946.8309714167     57731.55022858448      
435978.9006660311      1185297.715641038      -696391.0131543196     57731.58147858448      
446784.893847424       1189378.303768675      -700834.2717802938     57731.61272858448      
457676.4897144662      1193353.712388405      -705276.6143714179     57731.64397858448      
468653.0472679292      1197222.947776567      -709718.0484108932     57731.67522858448      
479713.9167798822      1200985.022083435      -714158.5813486009     57731.70647858448      
490858.4397672303      1204638.95343375       -718598.2206064834     57731.73772858448      
502085.9489483238      1208183.766034575      -723036.9735837819     57731.76897858448      
513395.7681993255      1211618.490283252      -727474.8476621239     57731.80022858448      
524787.2125275984      1214942.162866832      -731911.8502104371     57731.83147858448      
536259.5880279614      1218153.826869342      -736347.9885897369     57731.86272858448      
547812.1918387319      1221252.531879129      -740783.2701577664     57731.89397858448      
559444.3121150039      1224237.334087134      -745217.7022734745     57731.92522858448      
571155.2279846143      1227107.296393498      -749651.2923013751     57731.95647858448      
582944.2095039239      1229861.488514253      -754084.0476157655     57731.98772858448      
594810.5176310481      1232498.987078349      -758515.9756047903     57732.01897858448      
606753.4041816118      1235018.875733556      -762947.083674392      57732.05022858448      
618772.1117843513      1237420.245252424      -767377.3792521302     57732.08147858448      
630865.8738543777      1239702.193628008      -771806.869790848      57732.11272858448      
643033.9145488101      1241863.826178989      -776235.5627722319     57732.14397858448      
655275.4487223045      1243904.255654853      -780663.4657102488     57732.17522858448      
667589.6819004385      1245822.602330227      -785090.5861544297     57732.20647858448      
679975.8102333391      1247617.994110406      -789516.9316930592     57732.23772858448      
692433.0204612474      1249289.566629517      -793942.5099562239     57732.26897858448      
704960.4898681446      1250836.463355716      -798367.328618761      57732.30022858448      
717557.3862554785      1252257.835683568      -802791.3954030516     57732.33147858448      
730222.867897982       1253552.843037138      -807214.7180817309     57732.36272858448      
742956.0834995022      1254720.652973075      -811637.3044802689     57732.39397858448      
755756.1721671346      1255760.441271455      -816059.1624794182     57732.42522858448      
768622.2633673555      1256671.392037889      -820480.3000175671     57732.45647858448      
781553.4768822289      1257452.697805616      -824900.7250929797     57732.48772858448      
794548.9227840959      1258103.559624106      -829320.4457658625     57732.51897858448      
807607.7013921891      1258623.18716246       -833739.4701604984     57732.55022858448      
820728.9032293712      1259010.79880802       -838157.8064670189     57732.58147858448      
833911.6089975535      1259265.621754172      -842575.4629431799     57732.61272858448      
847154.8895349754      1259386.892100898      -846992.447916068      57732.64397858448      
860457.8057736936      1259373.854954724      -851408.7697836708     57732.67522858448      
873819.4087158825      1259225.764514514      -855824.4370163052     57732.70647858448      
887238.7393899069      1258941.884171905      -860239.4581579673     57732.73772858448      
900714.828819085       1258521.486602142      -864653.8418275609     57732.76897858448      
914246.6979784195      1257963.853864012      -869067.596720032      57732.80022858448      
927833.3577724029      1257268.277483234      -873480.731607366      57732.83147858448      
941473.8089946461      1256434.058549719      -877893.2553395052     57732.86272858448      
955167.0422879097      1255460.507814771      -882305.1768451656     57732.89397858448      
968912.0381232846      1254346.94577262       -886716.5051325124     57732.92522858448      
982707.7667612138      1253092.702756438      -891127.2492897635     57732.95647858448      
996553.1882130059      1251697.119034292      -895537.4184856884     57732.98772858448      
1010447.252221627      1250159.544888774      -899947.0219699711     57733.01897858448      
1024388.898224367      1248479.340711734      -904356.0690735014     57733.05022858448      
1038377.055316098      1246655.877098953      -908764.5692085635     57733.08147858448      
1052410.642231928      1244688.534927816      -913172.5318688907     57733.11272858448      
1066488.567309694      1242576.705452647      -917579.9666296499     57733.14397858448      
1080609.72846567       1240319.79038853       -921986.883147309      57733.17522858448      
1094773.013158494      1237917.202006055      -926393.2911594212     57733.20647858448      
1108977.298374723      1235368.363206325      -930799.2004842748     57733.23772858448      
1123221.450596419      1232672.707612598      -935204.6210204733     57733.26897858448      
1137504.325769577      1229829.679661835      -939609.5627464181     57733.30022858448      
1151824.769292187      1226838.734677685      -944014.0357196605     57733.33147858448      
1166181.615984435      1223699.338960753      -948418.0500761881     57733.36272858448      
1180573.690059863      1220410.969878765      -952821.6160296109     57733.39397858448      
1194999.805116237      1216973.115937505      -957224.7438702227     57733.42522858448      
1209458.764106614      1213385.276871833      -961627.443963999      57733.45647858448      
1223949.359323944      1209646.963723696      -966029.726751481      57733.48772858448      
1238470.372374313      1205757.698932512      -970431.6027465827     57733.51897858448      
1253020.574172051      1201717.016403326      -974833.0825352721     57733.55022858448      
1267598.724917338      1197524.461593793      -979234.1767741882     57733.58147858448      
1282203.574075051      1193179.59160107       -983634.8961891688     57733.61272858448      
1296833.860373459      1188681.975227864      -988035.2515736511     57733.64397858448      
1311488.311785585      1184031.193067994      -992435.2537870168     57733.67522858448      
1326165.645511961      1179226.837591846      -996834.9137528468     57733.70647858448      
1340864.56798325       1174268.513210311      -1001234.242457051     57733.73772858448      
1355583.774843718      1169155.836361309      -1005633.250945953     57733.76897858448      
1370321.950948478      1163888.435581779      -1010031.950324259     57733.80022858448      
1385077.770349991      1158465.951593539      -1014430.351752967     57733.83147858448      
1399849.896306517      1152888.03736439       -1018828.466447151     57733.86272858448      
1414636.98127376       1147154.358190298      -1023226.305673699     57733.89397858448      
1429437.666898241      1141264.591777476      -1027623.880748964     57733.92522858448      
1444250.584030561      1135218.428301343      -1032021.203036298     57733.95647858448      
1459074.352722144      1129015.57048725       -1036418.283943545     57733.98772858448      
1473907.58222383       1122655.733691102      -1040815.134920452     57734.01897858448      
1488748.871004371      1116138.645956165      -1045211.767455964     57734.05022858448      
1503596.806750686      1109464.048094986      -1049608.193075481     57734.08147858448      
1518449.966382062      1102631.693755251      -1054004.423338028     57734.11272858448      
1533306.916054411      1095641.349501026      -1058400.46983335      57734.14397858448      
1548166.21118636       1088492.794866686      -1062796.344178921     57734.17522858448      
1563026.396469519      1081185.822434203      -1067192.058016896     57734.20647858448      
1577886.005880999      1073720.237910337      -1071587.623011007     57734.23772858448      
1592743.562715699      1066095.860178378      -1075983.050843344     57734.26897858448      
1607597.579601195      1058312.521376797      -1080378.353211117     57734.30022858448      
1622446.55852662       1050370.066960736      -1084773.541823322     57734.33147858448      
1637288.990862282      1042268.355779971      -1089168.628397368     57734.36272858448      
1652123.357400889      1034007.26012773       -1093563.624655606     57734.39397858448      
1666948.128383822      1025586.665814507      -1097958.542321831     57734.42522858448      
1681761.763530031      1017006.472241731      -1102353.393117714     57734.45647858448      
1696562.712084493      1008266.592448395      -1106748.188759161     57734.48772858448      
1711349.412852117      999366.9531833307      -1111142.940952637     57734.51897858448      
1726120.294234443      990307.4949773527      -1115537.661391435     57734.55022858448      
1740873.774285783      981088.1721876579      -1119932.361751869     57734.58147858448      
1755608.260753398      971708.9530716436      -1124327.053689449     57734.61272858448      
1770322.151131626      962169.8198420305      -1128721.748834978     57734.64397858448      
1785013.832707874      952470.7687399347      -1133116.458790638     57734.67522858448      
1799681.682629696      942611.8100762609      -1137511.195125987     57734.70647858448      
1814324.067958363      932592.9683003179      -1141905.969373946     57734.73772858448      
1828939.345725629      922414.2820682672      -1146300.793026746     57734.76897858448      
1843525.863009557      912075.8042822266      -1150695.677531807     57734.80022858448      
1858081.956995571      901577.6021605228      -1155090.634287619     57734.83147858448      
1872605.955051314      890919.7572881596      -1159485.674639555     57734.86272858448      
1887096.17479429       880102.3656862584      -1163880.809875686     57734.89397858448      
1901550.924180032      869125.5378480384      -1168276.051222527     57734.92522858448      
1915968.501577934      857989.3988035553      -1172671.409840789     57734.95647858448      
1930347.195850709      846694.0881842315      -1177066.896821094     57734.98772858448      
1944685.286452333      835239.760256441       -1181462.523179655     57735.01897858448      
1958981.043512588      823626.5839879331      -1185858.299853957     57735.05022858448      
1973232.727935161      811854.7430933933      -1190254.2376984       57735.08147858448      
1987438.591489516      799924.4360999498      -1194650.347479949     57735.11272858448      
2001596.876922579      787835.8763774703      -1199046.639873739     57735.14397858448      
2015705.818059386      775589.2921990975      -1203443.125458696     57735.17522858448      
2029763.63990774       763184.9268015138      -1207839.814713142     57735.20647858448      
2043768.558780683      750623.0384126843      -1212236.718010383     57735.23772858448      
2057718.782407023      737903.9003140657      -1216633.84561431      57735.26897858448      
2071612.510055075      725027.800880882       -1221031.207674986     57735.30022858448      
2085447.932651228      711995.0436432736      -1225428.814224245     57735.33147858448      
2099223.232917442      698805.9473105071      -1229826.675171281     57735.36272858448      
2112936.58549911       685460.8458268505      -1234224.800298259     57735.39397858448      
2126586.157097284      671960.0884270911      -1238623.199255925     57735.42522858448      
2140170.106617876      658304.0396579726      -1243021.881559233     57735.45647858448      
2153686.585310491      644493.0794356661      -1247420.856582982     57735.48772858448      
2167133.736919994      630527.6030802296      -1251820.133557472     57735.51897858448      
2180509.697834041      616408.0213718347      -1256219.721564188     57735.55022858448      
2193812.59724842       602134.7605683358      -1260619.62953149      57735.58147858448      
2207040.557322988      587708.2624597317      -1265019.866230342     57735.61272858448      
2220191.693350025      573128.9843990105      -1269420.440270065     57735.64397858448      
2233264.113919188      558397.3993552367      -1273821.360094115     57735.67522858448      
2246255.921099543      543513.9959270216      -1278222.633975907     57735.70647858448      
2259165.210614419      528479.2783897761      -1282624.270014661     57735.73772858448      
2271990.072021082      513293.7667424055      -1287026.276131293     57735.76897858448      
2284728.588905617      497957.9967175397      -1291428.660064353     57735.80022858448      
2297378.839070188      482472.5198300895      -1295831.429366004     57735.83147858448      
2309938.894731975      466837.9034011318      -1300234.591398036     57735.86272858448      
2322406.822719886      451054.7306048204      -1304638.153327948     57735.89397858448      
2334780.684686901      435123.6004740415      -1309042.122125075     57735.92522858448      
2347058.537315853      419045.1279451692      -1313446.504556766     57735.95647858448      
2359238.432536378      402819.9438775618      -1317851.307184634     57735.98772858448      
2371318.417740329      386448.6950964946      -1322256.536360836     57736.01897858448      
2383296.536011877      369932.0443939254      -1326662.198224464     57736.05022858448      
2395170.826353029      353270.6705649295      -1331068.298697962     57736.08147858448      
2406939.323914279      336465.2684433221      -1335474.843483616     57736.11272858448      
2418600.060238126      319516.5488985291      -1339881.838060147     57736.14397858448      
2430151.063497937      302425.2388728347      -1344289.287679343     57736.17522858448      
2441590.35874695       285192.0813923488      -1348697.197362785     57736.20647858448      
2452915.968166966      267817.8356020826      -1353105.571898637     57736.23772858448      
2464125.911329807      250303.2767573021      -1357514.415838554     57736.26897858448      
2475218.205455254      232649.1962559379      -1361923.733494634     57736.30022858448      
2486190.865678435      214856.4016441469      -1366333.528936477     57736.33147858448      
2497041.905317578      196925.7166463272      -1370743.805988325     57736.36272858448      
2507769.336153335      178857.9811505563      -1375154.568226313     57736.39397858448      
2518371.168706312      160654.0512313498      -1379565.818975798     57736.42522858448      
2528845.412519745      142314.7991712808      -1383977.561308771     57736.45647858448      
2539190.076452066      123841.1134417043      -1388389.798041416     57736.48772858448      
2549403.168967945      105233.8987489118      -1392802.531732571     57736.51897858448      
2559482.698437407      86494.07595211438      -1397215.764678654     57736.55022858448      
2569426.673436491      67622.58215872051      -1401629.498914249     57736.58147858448      
2579233.103057112      48620.37069400386      -1406043.736209919     57736.61272858448      
2588899.99721658       29488.41109875006      -1410458.478069535     57736.64397858448      
2598425.366974279      10227.68911818687      -1414873.725728495     57736.67522858448      
2607807.224850559      -9160.793283884483     -1419289.480152        57736.70647858448      
2617043.585153348      -28676.01795780382     -1423705.742033511     57736.73772858448      
2626132.464305581      -48316.95055756145     -1428122.511793265     57736.76897858448      
2635071.881178805      -68082.54055921372     -1432539.789576945     57736.80022858448      
2643859.857429654      -87971.72125381423     -1436957.575254438     57736.83147858448      
2652494.41784243       -107983.4097879035     -1441375.868418771     57736.86272858448      
2660973.590673765      -128116.5071648877     -1445794.668385123     57736.89397858448      
2669295.408001939      -148369.8982480929     -1450213.974189966     57736.92522858448      
2677457.90608082       -168742.4518073342     -1454633.784590384     57736.95647858448      
2685459.125696696      -189233.0205214012     -1459054.098063468     57736.98772858448      
2693297.112529359      -209840.4410102569     -1463474.912805881     57737.01897858448      
2700969.917517126      -230563.5338413478     -1467896.226733515     57737.05022858448      
2708475.597224926      -251401.103584642      -1472318.037481351     57737.08147858448      
2715812.214216454      -272351.9388231481     -1476740.34240339      57737.11272858448      
2722977.837429352      -293414.812193591      -1481163.138572767     57737.14397858448      
2729970.542554932      -314588.4804010065     -1485586.422781959     57737.17522858448      
2736788.41241905       -335871.6842826841     -1490010.191543204     57737.20647858448      
2743429.537368241      -357263.1488272024     -1494434.441088995     57737.23772858448      
2749892.015657567      -378761.5832240384     -1498859.167372755     57737.26897858448      
2756173.953843577      -400365.6808869356     -1503284.36606962      57737.30022858448      
2762273.467176404      -422074.1195271912     -1507710.032577429     57737.33147858448      
2768188.679998313      -443885.5611816983     -1512136.162017799     57737.36272858448      
2773917.726142566      -465798.6522719468     -1516562.74923738      57737.39397858448      
2779458.749337926      -487812.0236366488     -1520989.788809212     57737.42522858448      
2784809.903610206      -509924.2906148085     -1525417.275034314     57737.45647858448      
2789969.353691431      -532134.0530832465     -1529845.201943335     57737.48772858448      
2794935.275427842      -554439.8955254382     -1534273.563298402     57737.51897858448      
2799705.856194059      -576840.3870738685     -1538702.352595065     57737.55022858448      
2804279.295302063      -599334.0816032941     -1543131.563064477     57737.58147858448      
2808653.804418974      -621919.5177782098     -1547561.187675634     57737.61272858448      
2812827.607982106      -644595.2191319431     -1551991.219137813     57737.64397858448      
2816798.943620663      -667359.6941191743     -1556421.649903108     57737.67522858448      
2820566.062569963      -690211.4362197791     -1560852.472169199     57737.70647858448      
2824127.230095596      -713148.9239966533     -1565283.677882178     57737.73772858448      
2827480.725913242      -736170.6211854452     -1569715.258739574     57737.76897858448      
2830624.844615597      -759274.9767576451     -1574147.206193473     57737.80022858448      
2833557.896089392      -782460.4250353397     -1578579.511453867     57737.83147858448      
2836278.205943557      -805725.3857597767     -1583012.165492062     57737.86272858448      
2838784.115931288      -829068.264192063      -1587445.159044275     57737.89397858448      
2841073.984379696      -852487.4511871788     -1591878.482615323     57737.92522858448      
2843146.186607045      -875981.3233199231     -1596312.126482549     57737.95647858448      
2844999.115352302      -899548.24296454       -1600746.080699778     57737.98772858448      
2846631.181196802      -923186.5584066636     -1605180.335101491     57738.01897858448      
2848040.812993936      -946894.6039285361     -1609614.879307047     57738.05022858448      
2849226.458283844      -970670.6999463775     -1614049.702725169     57738.08147858448      
2850186.58372159       -994513.1531013281     -1618484.794558441     57738.11272858448      
2850919.67549561       -1018420.256382842     -1622920.143808        57738.14397858448      
2851424.239754602      -1042390.289225348     -1627355.739278307     57738.17522858448      
2851698.803016772      -1066421.517657183     -1631791.569582139     57738.20647858448      
2851741.912593733      -1090512.19440304      -1636227.623145598     57738.23772858448      
2851552.137002782      -1114660.559018954     -1640663.888213313     57738.26897858448      
2851128.06638804       -1138864.838000547     -1645100.352853701     57738.30022858448      
2850468.312921219      -1163123.244943604     -1649537.004964441     57738.33147858448      
2849571.511218244      -1187433.98065814      -1653973.832277968     57738.36272858448      
2848436.318742305      -1211795.233315027     -1658410.822367137     57738.39397858448      
2847061.416216175      -1236205.178565908     -1662847.962650936     57738.42522858448      
2845445.508011412      -1260661.979715389     -1667285.240400412     57738.45647858448      
2843587.322554599      -1285163.787846767     -1671722.642744593     57738.48772858448      
2841485.612718037      -1309708.74198027      -1676160.156676578     57738.51897858448      
2839139.156220154      -1334294.969204609     -1680597.769059659     57738.55022858448      
2836546.755999937      -1358920.584860718     -1685035.466633647     57738.58147858448      
2833707.240609682      -1383583.692679057     -1689473.236021178     57738.61272858448      
2830619.464590165      -1408282.384949356     -1693911.06373418      57738.64397858448      
2827282.30885597       -1433014.742663716     -1698348.936180347     57738.67522858448      
2823694.681052009      -1457778.835711678     -1702786.839669816     57738.70647858448      
2819855.515929602      -1482572.723028979     -1707224.760421807     57738.73772858448      
2815763.775702989      -1507394.452778576     -1711662.684571399     57738.76897858448      
2811418.45041642       -1532242.06250509      -1716100.598176316     57738.80022858448      
2806818.558279618      -1557113.57934094      -1720538.487223885     57738.83147858448      
2801963.146024083      -1582007.020166287     -1724976.337637951     57738.86272858448      
2796851.289240668      -1606920.39179618      -1729414.135285902     57738.89397858448      
2791482.092711027      -1631851.691170351     -1733851.865985742     57738.92522858448      
2785854.690747606      -1656798.905521426     -1738289.515513178     57738.95647858448      
2779968.247498428      -1681760.012594315     -1742727.06960884      57738.98772858448      
2773821.957274398      -1706732.980819675     -1747164.513985445     57739.01897858448      
2767415.044852526      -1731715.769519045     -1751601.834335067     57739.05022858448      
2760746.765790886      -1756706.329083598     -1756039.016336367     57739.08147858448      
2753816.406705521      -1781702.601203606     -1760476.045661962     57739.11272858448      
2746623.285571294      -1806702.519052176     -1764912.907985712     57739.14397858448      
2739166.751996659      -1831704.007500316     -1769349.588990094     57739.17522858448      
2731446.187510764      -1856704.98330573      -1773786.074373517     57739.20647858448      
2723461.005809706      -1881703.35535173      -1778222.349857762     57739.23772858448      
2715210.653028162      -1906697.024840703     -1782658.401195326     57739.26897858448      
2706694.607986601      -1931683.885513761     -1787094.214176807     57739.30022858448      
2697912.382430092      -1956661.823872564     -1791529.774638296     57739.33147858448      
2688863.521276891      -1981628.719379797     -1795965.068468706     57739.36272858448      
2679547.602822763      -2006582.444708895     -1800400.081617192     57739.39397858448      
2669964.238972588      -2031520.865948764     -1804834.800100451     57739.42522858448      
2660113.075441634      -2056441.842838742     -1809269.21001006      57739.45647858448      
2649993.791970689      -2081343.22897764      -1813703.297519728     57739.48772858448      
2639606.102494224      -2106222.872081228     -1818137.048892617     57739.51897858448      
2628949.75533746       -2131078.614195076     -1822570.450488527     57739.55022858448      
2618024.533381317      -2155908.29193711      -1827003.488771095     57739.58147858448      
2606830.254241989      -2180709.736714388     -1831436.150314904     57739.61272858448      
2595366.770400978      -2205480.774987452     -1835868.421812617     57739.64397858448      
2583633.969365689      -2230219.228490481     -1840300.29008198      57739.67522858448      
2571631.773800448      -2254922.914476009     -1844731.742072802     57739.70647858448      
2559360.141647538      -2279589.645961098     -1849162.764873877     57739.73772858448      
2546819.066259884      -2304217.231952557     -1853593.345719781     57739.76897858448      
2534008.57648111       -2328803.477718536     -1858023.471997707     57739.80022858448      
2520928.736758317      -2353346.185016507     -1862453.131254105     57739.83147858448      
2507579.647219086      -2377843.152349483     -1866882.311201321     57739.86272858448      
2493961.443765114      -2402292.175196933     -1871310.999724074     57739.89397858448      
2480074.298110856      -2426691.04629099      -1875739.184885948     57739.92522858448      
2465918.417856741      -2451037.55584964      -1880166.854935686     57739.95647858448      
2451494.046529814      -2475329.49183304      -1884593.998313441     57739.98772858448      
2436801.463613791      -2499564.640200704     -1889020.603656915     57740.01897858448      
2421840.984592582      -2523740.785148138     -1893446.659807351     57740.05022858448      
2406612.960935995      -2547855.709387312     -1897872.155815502     57740.08147858448      
2391117.780122435      -2571907.194384894     -1902297.080947391     57740.11272858448      
2375355.865622621      -2595893.020626931     -1906721.42469001      57740.14397858448      
2359327.676902416      -2619810.967858877     -1911145.176756842     57740.17522858448      
2343033.709365743      -2643658.815368247     -1915568.327093345     57740.20647858448      
2326474.494336523      -2667434.342225703     -1919990.86588221      57740.23772858448      
2309650.599005542      -2691135.327547649     -1924412.783548542     57740.26897858448      
2292562.626366656      -2714759.550759057     -1928834.070764892     57740.30022858448      
2275211.215168688      -2738304.791836274     -1933254.718456117     57740.33147858448      
2257597.039804972      -2761768.831590787     -1937674.717804168     57740.36272858448      
2239720.810244518      -2785149.451912398     -1942094.060252656     57740.39397858448      
2221583.271921598      -2808444.436036865     -1946512.737511316     57740.42522858448      
2203185.20564731       -2831651.568789736     -1950930.741560279     57740.45647858448      
2184527.427457015      -2854768.636869739     -1955348.064654243     57740.48772858448      
2165610.788501703      -2877793.429084783     -1959764.699326445     57740.51897858448      
2146436.174902599      -2900723.736606325     -1964180.638392488     57740.55022858448      
2127004.507594405      -2923557.353267997     -1968595.874953932     57740.58147858448      
2107316.742188166      -2946292.07578831      -1973010.402401818     57740.61272858448      
2087373.868767528      -2968925.704050355     -1977424.214420022     57740.64397858448      
2067176.911731512      -2991456.04134443      -1981837.304988395     57740.67522858448      
2046726.929599581      -3013880.894629183     -1986249.668385731     57740.70647858448      
2026025.014806906      -3036198.074791952     -1990661.299192593     57740.73772858448      
2005072.293519619      -3058405.396890191     -1995072.192293913     57740.76897858448      
1983869.925382069      -3080500.680428618     -1999482.342881482     57740.80022858448      
1962419.1033135        -3102481.749599006     -2003891.746456205     57740.83147858448      
1940721.053260342      -3124346.433540904     -2008300.398830205     57740.86272858448      
1918777.033975706      -3146092.56658022      -2012708.296128724     57740.89397858448      
1896588.336729585      -3167717.988501926     -2017115.434791888     57740.92522858448      
1874156.285070788      -3189220.544786521     -2021521.811576234     57740.95647858448      
1851482.234550209      -3210598.086863007     -2025927.423556093     57740.98772858448      
1828567.572435451      -3231848.472360466     -2030332.26812477      57741.01897858448      
1805413.717448606      -3252969.565341807     -2034736.342995537     57741.05022858448      
1782022.119433316      -3273959.236569505     -2039139.646202474     57741.08147858448      
1758394.259076491      -3294815.363736647     -2043542.17610108      57741.11272858448      
1734531.647591055      -3315535.831713271     -2047943.931368727     57741.14397858448      
1710435.826390871      -3336118.532791052     -2052344.911004925     57741.17522858448      
1686108.366790663      -3356561.366910815     -2056745.114331393     57741.20647858448      
1661550.869634009      -3376862.241919873     -2061144.540991966     57741.23772858448      
1636764.964978919      -3397019.073796299     -2065543.190952293     57741.26897858448      
1611752.311744286      -3417029.786887304     -2069941.064499371     57741.30022858448      
1586514.597349431      -3436892.314145676     -2074338.162240895     57741.33147858448      
1561053.537380534      -3456604.597349796     -2078734.485104409     57741.36272858448      
1535370.875184111      -3476164.587351256     -2083130.034336305     57741.39397858448      
1509468.381520994      -3495570.244291153     -2087524.811500621     57741.42522858448      
1483347.85418115       -3514819.537829267     -2091918.818477672     57741.45647858448      
1457011.117592593      -3533910.447371054     -2096312.057462498     57741.48772858448      
1430460.022459084      -3552840.962279079     -2100704.530963147     57741.51897858448      
1403696.445324038      -3571609.082109688     -2105096.241798771     57741.55022858448      
1376722.288197787      -3590212.816820297     -2109487.193097571     57741.58147858448      
1349539.478145783      -3608650.18698828      -2113877.388294548     57741.61272858448      
1322149.96687193       -3626919.224027511     -2118266.83112911      57741.64397858448      
1294555.730332606      -3645017.970390193     -2122655.525642499     57741.67522858448      
1266758.768276218      -3662944.479791638     -2127043.47617506      57741.70647858448      
1238761.103848882      -3680696.817407613     -2131430.687363355     57741.73772858448      
1210564.783161244      -3698273.060082069     -2135817.164137107     57741.76897858448      
1182171.874851492      -3715671.296532316     -2140202.911715999     57741.80022858448      
1153584.469680944      -3732889.627540527     -2144587.93560632      57741.83147858448      
1124804.680054615      -3749926.166165738     -2148972.241597457     57741.86272858448      
1095834.639610588      -3766779.037930538     -2153355.835758239     57741.89397858448      
1066676.502770806      -3783446.381016925     -2157738.724433146     57741.92522858448      
1037332.444289131      -3799926.346459435     -2162120.914238359     57741.95647858448      
1007804.658833776      -3816217.098325685     -2166502.412057708     57741.98772858448      
978095.3604943271      -3832316.813914923     -2170883.225038435     57742.01897858448      
948206.7823601136      -3848223.683933573     -2175263.360586872     57742.05022858448      
918141.1760603054      -3863935.912678606     -2179642.826363964     57742.08147858448      
887900.811302372       -3879451.718218145     -2184021.630280682     57742.11272858448      
857487.975446631       -3894769.332560591     -2188399.78049331      57742.14397858448      
826904.973005086       -3909887.001839257     -2192777.28539861      57742.17522858448      
796154.1252140206      -3924802.986476358     -2197154.153628881     57742.20647858448      
765237.7695686636      -3939515.561353558     -2201530.39404691      57742.23772858448      
734158.2593572721      -3954023.015979677     -2205906.015740809     57742.26897858448      
702917.9632329139      -3968323.654648139     -2210281.028018766     57742.30022858448      
671519.2647093601      -3982415.796607363     -2214655.440403669     57742.33147858448      
639964.5617329297      -3996297.776212989     -2219029.262627669     57742.36272858448      
608256.2662167973      -4009967.943085382     -2223402.504626633     57742.39397858448      
576396.8035757156      -4023424.66226425      -2227775.176534511     57742.42522858448      
544388.6122999267      -4036666.314354289     -2232147.28867765      57742.45647858448      
512234.1434530861      -4049691.29568118      -2236518.851568973     57742.48772858448      
479935.8602481394      -4062498.018431966     -2240889.875902143     57742.51897858448      
447496.2375860634      -4075084.910799447     -2245260.372545625     57742.55022858448      
414917.761603734       -4087450.417122674     -2249630.352536688     57742.58147858448      
382202.9292156155      -4099592.998025817     -2253999.827075354     57742.61272858448      
349354.2476962496      -4111511.130549678     -2258368.807518293     57742.64397858448      
316374.2341867305      -4123203.308290375     -2262737.305372639     57742.67522858448      
283265.4152812493      -4134668.041525635     -2267105.332289786     57742.70647858448      
250030.3265769725      -4145903.857343516     -2271472.900059133     57742.73772858448      
216671.5122262751      -4156909.299768283     -2275840.020601777     57742.76897858448      
183191.5245309419      -4167682.929880285     -2280206.705964202     57742.80022858448      
149592.9234604018      -4178223.32594036      -2284572.968311885     57742.83147858448      
115878.2762515442      -4188529.083504578     -2288938.819922925     57742.86272858448      
82050.15697224137      -4198598.815540137     -2293304.273181616     57742.89397858448      
48111.14609590823      -4208431.152538013     -2297669.340572025     57742.92522858448      
14063.83007142711      -4218024.74262352      -2302034.034671536     57742.95647858448      
-20089.19906377533     -4227378.25166259      -2306398.368144401     57742.98772858448      
-54345.34414649012     -4236490.363369321     -2310762.353735263     57743.01897858448      
-88702.00326741306     -4245359.779407286     -2315126.004262695     57743.05022858448      
-123156.570186706      -4253985.219490377     -2319489.332612737     57743.08147858448      
-157706.434745687      -4262365.421480921     -2323852.351732428     57743.11272858448      
-192348.9832345702     -4270499.141485035     -2328215.074623385     57743.14397858448      
-227081.5988358843     -4278385.15394645      -2332577.514335321     57743.17522858448      
-261901.6619838459     -4286022.251737046     -2336939.683959668     57743.20647858448      
-296806.5507592862     -4293409.246245558     -2341301.596623163     57743.23772858448      
-331793.6412721657     -4300544.967463863     -2345663.265481476     57743.26897858448      
-366860.3080475776     -4307428.26407066      -2350024.703712873     57743.30022858448      
-402003.9243670786     -4314058.003514263     -2354385.924511922     57743.33147858448      
-437221.8626854445     -4320433.072090461     -2358746.94108319      57743.36272858448      
-472511.4949625432     -4326552.375020665     -2363107.766635031     57743.39397858448      
-507870.1930304189     -4332414.836526618     -2367468.414373398     57743.42522858448      
-543295.3289474472     -4338019.399903107     -2371828.897495697     57743.45647858448      
-578784.2753555363     -4343365.027587853     -2376189.229184696     57743.48772858448      
-614334.4057921802     -4348450.701232349     -2380549.422602501     57743.51897858448      
-649943.0950776211     -4353275.421764381     -2384909.490884563     57743.55022858448      
-685607.7196166505     -4357838.209454442     -2389269.447133764     57743.58147858448      
-721325.6577353134     -4362138.103977065     -2393629.304414564     57743.61272858448      
-757094.2900123489     -4366174.164469687     -2397989.075747209     57743.64397858448      
-792910.9995652892     -4369945.469594058     -2402348.774102033     57743.67522858448      
-828773.1724113415     -4373451.117586427     -2406708.412393786     57743.70647858448      
-864678.197742788      -4376690.226314701     -2411068.003476075     57743.73772858448      
-900623.4682370487     -4379661.93332913      -2415427.560135881     57743.76897858448      
-936606.3803533136     -4382365.395911817     -2419787.095088139     57743.80022858448      
-972624.3346317041     -4384799.791122968     -2424146.620970412     57743.83147858448      
-1008674.735947068     -4386964.315851568     -2428506.150337677     57743.86272858448      
-1044754.993837106     -4388858.186851337     -2432865.695657128     57743.89397858448      
-1080862.522745179     -4390480.640787381     -2437225.269303152     57743.92522858448      
-1116994.742297518     -4391830.934274653     -2441584.883552351     57743.95647858448      
-1153149.077566948     -4392908.343915728     -2445944.550578671     57743.98772858448      
-1189322.959339013     -4393712.166335021     -2450304.282448621     57744.01897858448      
-1225513.824332946     -4394241.718219384     -2454664.091116626     57744.05022858448      
-1261719.115496432     -4394496.33634043      -2459023.988420416     57744.08147858448      
-1297936.282215539     -4394475.377591308     -2463383.986076579     57744.11272858448      
-1334162.780558818     -4394178.219013545     -2467744.095676193     57744.14397858448      
-1370396.073507985     -4393604.257823697     -2472104.328680564     57744.17522858448      
-1406633.631183128     -4392752.911438182     -2476464.696417071     57744.20647858448      
-1442872.931070309     -4391623.617494281     -2480825.210075126     57744.23772858448      
-1479111.458204495     -4390215.833879737     -2485185.880702253     57744.26897858448      
-1515346.705425573     -4388529.038739971     -2489546.719200239     57744.30022858448      
-1551576.173550458     -4386562.730504103     -2493907.736321433     57744.33147858448      
-1587797.37157912      -4384316.427899092     -2498268.942665162     57744.36272858448      
-1624007.816887426     -4381789.669964191     -2502630.34867422      57744.39397858448      
-1660205.035422443     -4378982.016061322     -2506991.964631511     57744.42522858448      
-1696386.561853699     -4375893.045896024     -2511353.80065679      57744.45647858448      
-1732549.93979681      -4372522.359512472     -2515715.866703501     57744.48772858448      
-1768692.721954293     -4368869.577290094     -2520078.172557865     57744.51897858448      
-1804812.470289946     -4364934.339974604     -2524440.727833115     57744.55022858448      
-1840906.756190603     -4360716.308686617     -2528803.541966387     57744.58147858448      
-1876973.160630376     -4356215.164899951     -2533166.624218239     57744.61272858448      
-1913009.274291652     -4351430.610461908     -2537529.983669316     57744.64397858448      
-1949012.697757593     -4346362.367575755     -2541893.62921794      57744.67522858448      
-1984981.041623243     -4341010.178809455     -2546257.569577858     57744.70647858448      
-2020911.926640037     -4335373.807088911     -2550621.813276099     57744.73772858448      
-2056802.983847855     -4329453.035692376     -2554986.368650951     57744.76897858448      
-2092651.854702343     -4323247.668243271     -2559351.24385006      57744.80022858448      
-2128456.191205004     -4316757.52869816      -2563716.446828657     57744.83147858448      
-2164213.655991243     -4309982.461349345     -2568081.985347916     57744.86272858448      
-2199921.922488745     -4302922.330793608     -2572447.866973397     57744.89397858448      
-2235578.67499639      -4295577.02193157      -2576814.099073654     57744.92522858448      
-2271181.608796198     -4287946.439949438     -2581180.688818943     57744.95647858448      
-2306728.430253414     -4280030.510302414     -2585547.643180055     57744.98772858448      
-2342216.856919573     -4271829.178692944     -2589914.968927261     57745.01897858448      
-2377644.617594623     -4263342.411065432     -2594282.672629399     57745.05022858448      
-2413009.452458301     -4254570.193563519     -2598650.760653049     57745.08147858448      
-2448309.113123869     -4245512.532521612     -2603019.239161849     57745.11272858448      
-2483541.362724583     -4236169.454437077     -2607388.114115925     57745.14397858448      
-2518703.975988786     -4226541.005944433     -2611757.391271426     57745.17522858448      
-2553794.739311097     -4216627.253788073     -2616127.076180193     57745.20647858448      
-2588811.450826855     -4206428.284789399     -2620497.174189521     57745.23772858448      
-2623751.920447094     -4195944.205832603     -2624867.69044206      57745.26897858448      
-2658613.969961249     -4185175.143808812     -2629238.629875795     57745.30022858448      
-2693395.433064707     -4174121.245598744     -2633609.997224174     57745.33147858448      
-2728094.155418552     -4162782.678033922     -2637981.797016319     57745.36272858448      
-2762707.994698652     -4151159.62786038      -2642354.033577358     57745.39397858448      
-2797234.820641314     -4139252.301700887     -2646726.711028857     57745.42522858448      
-2831672.515092485     -4127060.926011232     -2651099.833289367     57745.45647858448      
-2866018.972019038     -4114585.747057227     -2655473.404075068     57745.48772858448      
-2900272.097586159     -4101827.030845972     -2659847.42690052      57745.51897858448      
-2934429.810162193     -4088785.063099782     -2664221.905079506     57745.55022858448      
-2968490.040355148     -4075460.149206659     -2668596.841725993     57745.58147858448      
-3002450.731039234     -4061852.614173661     -2672972.23975517      57745.61272858448      
-3036309.837378463     -4047962.802578822     -2677348.101884599     57745.64397858448      
-3070065.326854086     -4033791.07851677      -2681724.430635454     57745.67522858448      
-3103715.179255772     -4019337.825567083     -2686101.228333847     57745.70647858448      
-3137257.386737043     -4004603.446712901     -2690478.49711226      57745.73772858448      
-3170689.953801018     -3989588.364306274     -2694856.238911048     57745.76897858448      
-3204010.897317135     -3974293.020008032     -2699234.455480041     57745.80022858448      
-3237218.246528643     -3958717.874731009     -2703613.148380238     57745.83147858448      
-3270310.043057655     -3942863.408581824     -2707992.318985556     57745.86272858448      
-3303284.340914262     -3926730.120795995     -2712371.968484702     57745.89397858448      
-3336139.206471179     -3910318.529697807     -2716752.097883081     57745.92522858448      
-3368872.718500556     -3893629.172606467     -2721132.70800482      57745.95647858448      
-3401482.968144164     -3876662.605793024     -2725513.799494837     57745.98772858448      
-3433968.058913744     -3859419.404409836     -2729895.372821006     57746.01897858448      
-3466326.106682875     -3841900.162423819     -2734277.428276375     57746.05022858448      
-3498555.239676883     -3824105.492548284     -2738659.965981464     57746.08147858448      
-3530653.598466993     -3806036.026167741     -2743042.985886634     57746.11272858448      
-3562619.33593188      -3787692.413289454     -2747426.487774497     57746.14397858448      
-3594450.617279094     -3769075.322437395     -2751810.471262426     57746.17522858448      
-3626145.620003054     -3750185.440600922     -2756194.935805091     57746.20647858448      
-3657702.533872322     -3731023.473154063     -2760579.880697068     57746.23772858448      
-3689119.560909105     -3711590.143779035     -2764965.30507551      57746.26897858448      
-3720394.915367247     -3691886.194388377     -2769351.207922861     57746.30022858448      
-3751526.823708772     -3671912.385045728     -2773737.588069618     57746.33147858448      
-3782513.524584845     -3651669.493879175     -2778124.444197163     57746.36272858448      
-3813353.268786317     -3631158.317023575     -2782511.774840612     57746.39397858448      
-3844044.319251274     -3610379.668501006     -2786899.578391741     57746.42522858448      
-3874584.951013003     -3589334.3801603       -2791287.853101933     57746.45647858448      
-3904973.451176047     -3568023.301585103     -2795676.597085165     57746.48772858448      
-3935208.118885295     -3546447.300006646     -2800065.808321042     57746.51897858448      
-3965287.265294043     -3524607.260215187     -2804455.484657872     57746.55022858448      
-3995209.21353106      -3502504.084470179     -2808845.623815752     57746.58147858448      
-4024972.298672196     -3480138.692402643     -2813236.223389719     57746.61272858448      
-4054574.867683774     -3457512.02094867      -2817627.280852881     57746.64397858448      
-4084015.279419909     -3434625.024216958     -2822018.793559634     57746.67522858448      
-4113291.904564217     -3411478.673419684     -2826410.758748866     57746.70647858448      
-4142403.12559828      -3388073.956769871     -2830803.173547179     57746.73772858448      
-4171347.336763917     -3364411.879383983     -2835196.034972158     57746.76897858448      
-4200122.944024871     -3340493.463183283     -2839589.339935645     57746.80022858448      
-4228728.365027876     -3316319.746793962     -2843983.08524701      57746.83147858448      
-4257162.029068327     -3291891.785439214     -2848377.267616482     57746.86272858448      
-4285422.377030013     -3267210.650864485     -2852771.883658431     57746.89397858448      
-4313507.861375382     -3242277.431192885     -2857166.929894723     57746.92522858448      
-4341416.946084375     -3217093.230848019     -2861562.402758033     57746.95647858448      
-4369148.106618487     -3191659.170441421     -2865958.298595189     57746.98772858448      
-4396699.829879413     -3165976.3866657       -2870354.613670508     57747.01897858448      
-4424070.614167428     -3140046.032186581     -2874751.344169144     57747.05022858448      
-4451258.96913955      -3113869.275533818     -2879148.486200423     57747.08147858448      
-4478263.41577225      -3087447.300983785     -2883546.035801191     57747.11272858448      
-4505082.486300514     -3060781.308477241     -2887943.988939128     57747.14397858448      
-4531714.724203863     -3033872.513463623     -2892342.3415161       57747.17522858448      
-4558158.684145204     -3006722.146816623     -2896741.089371464     57747.20647858448      
-4584412.931933252     -2979331.45471264      -2901140.228285383     57747.23772858448      
-4610476.044480245     -2951701.698515434     -2905539.753982118     57747.26897858448      
-4636346.609759706     -2923834.154659791     -2909939.66213331      57747.30022858448      
-4662023.226764319     -2895730.114534235     -2914339.948361255     57747.33147858448      
-4687504.505463885     -2867390.884362776     -2918740.608242145     57747.36272858448      
-4712789.066767687     -2838817.785078078     -2923141.637309309     57747.39397858448      
-4737875.542465867     -2810012.152231977     -2927543.031056401     57747.42522858448      
-4762762.575213456     -2780975.335828664     -2931944.784940619     57747.45647858448      
-4787448.818472091     -2751708.700233357     -2936346.894385843     57747.48772858448      
-4811932.936473371     -2722213.624041985     -2940749.35478578      57747.51897858448      
-4836213.604178221     -2692491.499957666     -2945152.161507082     57747.55022858448      
-4860289.507236579     -2662543.734666368     -2949555.309892414     57747.58147858448      
-4884159.341947469     -2632371.748711792     -2953958.795263513     57747.61272858448      
-4907821.815219435     -2601976.976369475     -2958362.612924209     57747.64397858448      
-4931275.644535154     -2571360.86551214      -2962766.758163408     57747.67522858448      
-4954519.557897706     -2540524.877514417     -2967171.22625803      57747.70647858448      
-4977552.29381494      -2509470.48707673      -2971576.012475958     57747.73772858448      
-5000372.60124659      -2478199.182128572     -2975981.11207889      57747.76897858448      
-5022979.239570804     -2446712.463691128     -2980386.520325187     57747.80022858448      
-5045370.978547436     -2415011.845747268     -2984792.232472679     57747.83147858448      
-5067546.598281852     -2383098.855110927     -2989198.243781417     57747.86272858448      
-5089504.889189314     -2350975.031295896     -2993604.549516397     57747.89397858448      
-5111244.651959968     -2318641.926384072     -2998011.144950234     57747.92522858448      
-5132764.697527655     -2286101.104884785     -3002418.025365805     57747.95647858448      
-5154063.847023091     -2253354.143635425     -3006825.186058797     57747.98772858448      
-5175140.931760333     -2220402.631618058     -3011232.622340301     57748.01897858448      
-5195994.793191141     -2187248.169859021     -3015640.329539269     57748.05022858448      
-5216624.282876438     -2153892.371286401     -3020048.303004977     57748.08147858448      
-5237028.262455177     -2120336.860595425     -3024456.538109411     57748.11272858448      
-5257205.603613895     -2086583.274113467     -3028865.030249625     57748.14397858448      
-5277155.188056972     -2052633.259664682     -3033273.774850031     57748.17522858448      
-5296875.90747765      -2018488.476434307     -3037682.767364651     57748.20647858448      
-5316366.663529745     -1984150.594832649     -3042092.003279311     57748.23772858448      
-5335626.367802829     -1949621.296350069     -3046501.47811379      57748.26897858448      
-5354653.941784709     -1914902.273455203     -3050911.187423884     57748.30022858448      
-5373448.316851671     -1879995.22940601      -3055321.126803487     57748.33147858448      
-5392008.434232405     -1844901.878147472     -3059731.291886545     57748.36272858448      
-5410333.244986337     -1809623.944165691     -3064141.678348992     57748.39397858448      
-5428421.709980004     -1774163.162350495     -3068552.281910623     57748.42522858448      
-5446272.799864243     -1738521.277857898     -3072963.09833692      57748.45647858448      
-5463885.495052214     -1702700.045972438     -3077374.123440808     57748.48772858448      
-5481258.78569822      -1666701.231976361     -3081785.35308416      57748.51897858448      
-5498391.671677366     -1630526.611003018     -3086196.783179718     57748.55022858448      
-5515283.162566023     -1594177.967896983     -3090608.409692747     57748.58147858448      
-5531932.27762518      -1557657.097074761     -3095020.228642358     57748.61272858448      
-5548338.04577443      -1520965.802420573     -3099432.236103027     57748.64397858448      
-5564499.505587314     -1484105.897094643     -3103844.42820607      57748.67522858448      
-5580415.70526688      -1447079.203431672     -3108256.801140972     57748.70647858448      
-5596085.70263246      -1409887.5527944       -3112669.351156702     57748.73772858448      
-5611508.56510522      -1372532.78543628      -3117082.074562959     57748.76897858448      
-5626683.36969456      -1335016.750364326     -3121494.967731369     57748.80022858448      
-5641609.202985364     -1297341.305202123     -3125908.027096617     57748.83147858448      
-5656285.161126122     -1259508.316053062     -3130321.249157519     57748.86272858448      
-5670710.349817863     -1221519.657363788     -3134734.630478047     57748.89397858448      
-5684883.884304007     -1183377.211787913     -3139148.167688288     57748.92522858448      
-5698804.88936237      -1145082.870040707     -3143561.857485358     57748.95647858448      
-5712472.499291191     -1106638.53080056      -3147975.696634216     57748.98772858448      
-5725885.857909857     -1068046.100517886     -3152389.681968506     57749.01897858448      
-5739044.118546499     -1029307.493317219     -3156803.810391259     57749.05022858448      
-5751946.444033471     -990424.6308532894     -3161218.078875578     57749.08147858448      
-5764592.006702273     -951399.4421767717     -3165632.484465267     57749.11272858448      
-5776979.988379294     -912233.8636004574     -3170047.024275389     57749.14397858448      
-5789109.580382399     -872929.8385658716     -3174461.695492792     57749.17522858448      
-5800979.983518344     -833489.3175103585     -3178876.495376554     57749.20647858448      
-5812590.408081025     -793914.2577346625     -3183291.421258398     57749.23772858448      
-5823940.073850531     -754206.6232710115     -3187706.470543026     57749.26897858448      
-5835028.210093726     -714368.3847422396     -3192121.640708447     57749.30022858448      
-5845854.055562123     -674401.5192689855     -3196536.929306167     57749.33147858448      
-5856416.858497681     -634308.0102824478     -3200952.333961438     57749.36272858448      
-5866715.876632183     -594089.8474327306     -3205367.85237337      57749.39397858448      
-5876750.377191056     -553749.0264503293     -3209783.482315018     57749.42522858448      
-5886519.636897235     -513287.5490177494     -3214199.221633426     57749.45647858448      
-5896022.941975829     -472707.4226417834     -3218615.068249615     57749.48772858448      
-5905259.588159508     -432010.6605264684     -3223031.020158517     57749.51897858448      
-5914228.880694689     -391199.2814467429     -3227447.075428867     57749.55022858448      
-5922930.134348469     -350275.3096228195     -3231863.232203051     57749.58147858448      
-5931362.673416278     -309240.7745952943     -3236279.488696887     57749.61272858448      
-5939525.831730291     -268097.71110101       -3240695.843199388     57749.64397858448      
-5947418.952668553     -226848.158949691      -3245112.294072452     57749.67522858448      
-5955041.389164702     -185494.1628916779     -3249528.839750536     57749.70647858448      
-5962392.503718935     -144037.7725349042     -3253945.478740221     57749.73772858448      
-5969471.668408714     -102481.0421658432     -3258362.209619849     57749.76897858448      
-5976278.264900984     -60826.03066812409     -3262779.031039        57749.80022858448      
-5982811.684464732     -19074.80139359652     -3267195.941717992     57749.83147858448      
-5989071.327984228     22770.57795605573      -3271612.94044732      57749.86272858448      
-5995056.605972962     64708.0354468182       -3276030.026087057     57749.89397858448      
-6000766.938588186     106735.4950289508      -3280447.197566221     57749.92522858448      
-6006201.755646118     148850.8766526818      -3284864.453882091     57749.95647858448      
-6011360.496637719     191052.0963829747      -3289281.794099497     57749.98772858448      
-6016242.610745124     233337.0665133599      -3293699.217350066     57750.01897858448      
-6020847.556858632     275703.6956788112      -3298116.722831436     57750.05022858448      
-6025174.803594289     318149.8889676649      -3302534.309806432     57750.08147858448      
-6029223.82931204      360673.5480325596      -3306951.977602202     57750.11272858448      
-6032994.12213342      403272.5712101888      -3311369.725609344     57750.14397858448      
-6036485.179964781     445944.8535910879      -3315787.553280943     57750.17522858448      
-6039696.510511192     488688.2871863414      -3320205.46013166      57750.20647858448      
-6042627.631300585     531500.7609953587      -3324623.445736722     57750.23772858448      
-6045278.069703603     574380.1611215761      -3329041.50973091      57750.26897858448      
-6047647.36295487      617324.3708773374      -3333459.651807503     57750.30022858448      
-6049735.058174768     660331.2708877324      -3337877.871717217     57750.33147858448      
-6051540.712391634     703398.7391933831      -3342296.169267097     57750.36272858448      
-6053063.892564439     746524.6513521766      -3346714.544319388     57750.39397858448      
-6054304.175605874     789706.880539931       -3351132.996790384     57750.42522858448      
-6055261.148405877     832943.2976499923      -3355551.52664925      57750.45647858448      
-6055934.407855542     876231.7713917551      -3359970.133916819     57750.48772858448      
-6056323.560871444     919570.1683881017      -3364388.818664367     57750.51897858448      
-6056428.224420296     962956.3532717552      -3368807.581012368     57750.55022858448      
-6056248.025544023     1006388.188780539      -3373226.421129229     57750.58147858448      
-6055782.601385133     1049863.535851548      -3377645.339229994     57750.61272858448      
-6055031.59921042      1093380.253724012      -3382064.335575059     57750.64397858448      
-6053994.676445046     1136936.199992066      -3386483.410468803     57750.67522858448      
-6052671.500686904     1180529.230754417      -3390902.564258299     57750.70647858448      
-6051061.749741146     1224157.200664897      -3395321.797331926     57750.73772858448      
-6049165.111645139     1267817.963030913      -3399741.110118001     57750.76897858448      
-6046981.284695596     1311509.36990099       -3404160.503083387     57750.80022858448      
-6044509.977475967     1355229.272151202      -3408579.976732095     57750.83147858448      
-6041750.908884059     1398975.519570497      -3412999.531603865     57750.86272858448      
-6038703.808159858     1442745.960944906      -3417419.168272737     57750.89397858448      
-6035368.414913544     1486538.44414065       -3421838.887345621     57750.92522858448      
-6031744.479153689     1530350.816186138      -3426258.689460835     57750.95647858448      
-6027831.761315627     1574180.923352855      -3430678.575286651     57750.98772858448      
-6023630.032289948     1618026.611235153      -3435098.545519832     57751.01897858448      
-6019139.07345115      1661885.724828931      -3439518.600884144     57751.05022858448      
-6014358.676686398     1705756.108609229      -3443938.742128887     57751.08147858448      
-6009288.644424383     1749635.606606714      -3448358.97002739      57751.11272858448      
-6003928.789664271     1793522.062483086      -3452779.285375529     57751.14397858448      
-5998278.936004724     1837413.319605384      -3457199.688990217     57751.17522858448      
-5992338.917669795     1881307.221128884      -3461620.181707912     57751.20647858448      
-5986108.579550703     1925201.610030601      -3466040.764383075     57751.23772858448      
-5979587.777216085     1969094.329238353      -3470461.437886706     57751.26897858448      
-5972776.376953681     2012983.221662115      -3474882.203104804     57751.30022858448      
-5965674.25579636      2056866.130272634      -3479303.060936859     57751.33147858448      
-5958281.301551254     2100740.898169336      -3483724.012294333     57751.36272858448      
-5950597.412828849     2144605.368647177      -3488145.058099151     57751.39397858448      
-5942622.49907203      2188457.385262458      -3492566.199282185     57751.42522858448      
-5934356.480585057     2232294.791897612      -3496987.436781743     57751.45647858448      
-5925799.288562472     2276115.432824958      -3501408.771542057     57751.48772858448      
-5916950.865117888     2319917.152769451      -3505830.204511778     57751.51897858448      
-5907811.1633127       2363697.796970419      -3510251.736642469     57751.55022858448      
-5898380.147184648     2407455.211242308      -3514673.368887108     57751.58147858448      
-5888657.79177625      2451187.242034438      -3519095.102198591     57751.61272858448      
-5878644.083163091     2494891.736489777      -3523516.93752824      57751.64397858448      
-5868339.018481923     2538566.542502755      -3527938.875824324     57751.67522858448      
-5857742.605958612     2582209.508776125      -3532360.918030573     57751.70647858448      
-5846854.864935857     2625818.484876861      -3536783.06508471      57751.73772858448      
-5835675.825900735     2669391.321291142      -3541205.317916987     57751.76897858448      
-5824205.530511997     2712925.869478401      -3545627.67744873      57751.80022858448      
-5812444.031627133     2756419.98192447       -3550050.144590886     57751.83147858448      
-5800391.393329192     2799871.512193817      -3554472.720242589     57751.86272858448      
-5788047.690953337     2843278.314980906      -3558895.405289723     57751.89397858448      
-5775413.011108494     2886638.246169938      -3563318.200603523     57751.92522858448      
-5762487.451721773     2929949.162847423      -3567741.107039112     57751.95647858448      
-5749271.122036588     2973208.923406558      -3572164.125434167     57751.98772858448      
-5735764.142656336     3016415.387558077      -3576587.256607495     57752.01897858448      
-5721966.645564865     3059566.416386653      -3581010.501357654     57752.05022858448      
-5707878.774151184     3102659.872397209      -3585433.860461603     57752.08147858448      
-5693500.683233784     3145693.619560437      -3589857.334673337     57752.11272858448      
-5678832.539084632     3188665.523357559      -3594280.924722549     57752.14397858448      
-5663874.519452753     3231573.450824289      -3598704.631313305     57752.17522858448      
-5648626.813587445     3274415.270594078      -3603128.455122729     57752.20647858448      
-5633089.622261086     3317188.852940626      -3607552.3967997       57752.23772858448      
-5617263.157791518     3359892.06981965       -3611976.456963565     57752.26897858448      
-5601147.644064019     3402522.794909979      -3616400.63620287      57752.30022858448      
-5584743.316552839     3445078.903653955      -3620824.9350741       57752.33147858448      
-5568050.422342287     3487558.273297151      -3625249.354100426     57752.36272858448      
-5551069.220147355     3529958.782927461      -3629673.893770497     57752.39397858448      
-5533799.980333883     3572278.313513529      -3634098.554537205     57752.42522858448      
-5516242.984938249     3614514.747942569      -3638523.336816503     57752.45647858448      
-5498398.52768656      3656665.971057576      -3642948.240986208     57752.48772858448      
-5480266.914013355     3698729.869694678      -3647373.267384861     57752.51897858448      
-5461848.4610798       3740704.332718067      -3651798.41631055      57752.55022858448      
-5443143.497791369     3782587.251055644      -3656223.688019783     57752.58147858448      
-5424152.36481498      3824376.517734643      -3660649.082726373     57752.61272858448      
-5404875.414595637     3866070.027915798      -3665074.600600345     57752.64397858448      
-5385313.011372486     3907665.678927304      -3669500.241766844     57752.67522858448      
-5365465.53119435      3949161.370298311      -3673926.006305072     57752.70647858448      
-5345333.361934692     3990555.003791951      -3678351.894247232     57752.73772858448      
-5324916.903306007     4031844.483437925      -3682777.905577505     57752.76897858448      
-5304216.566873655     4073027.71556466       -3687204.040231035     57752.80022858448      
-5283232.776069095     4114102.608831054      -3691630.298092925     57752.83147858448      
-5261965.966202539     4155067.074257843      -3696056.678997261     57752.86272858448      
-5240416.584475012     4195919.025258593      -3700483.182726158     57752.89397858448      
-5218585.089989799     4236656.377670331      -3704909.809008802     57752.92522858448      
-5196471.953763287     4277277.049783857      -3709336.557520536     57752.95647858448      
-5174077.658735203     4317778.962373731      -3713763.427881945     57752.98772858448      
-5151402.699778215     4358160.038727977      -3718190.419657976     57753.01897858448      
-5128447.583700133     4398418.204685642      -3722617.532357069     57753.05022858448      
-5105212.829279327     4438551.388633342      -3727044.765430258     57753.08147858448      
-5081698.96723192      4478557.521583171      -3731472.118270413     57753.11272858448      
-5057906.540245823     4518434.53716872       -3735899.590211371     57753.14397858448      
-5033836.102980421     4558180.371681755      -3740327.180527151     57753.17522858448      
-5009488.222072361     4597792.964100562      -3744754.888431175     57753.20647858448      
-4984863.476140663     4637270.256118096      -3749182.713075507     57753.23772858448      
-4959962.455791187     4676610.192170013      -3753610.653550107     57753.26897858448      
-4934785.763620443     4715810.71946257       -3758038.708882113     57753.30022858448      
-4909334.014218715     4754869.788000437      -3762466.878035135     57753.33147858448      
-4883607.834172539     4793785.350614402      -3766895.159908554     57753.36272858448      
-4857607.86206651      4832555.362989027      -3771323.553336876     57753.39397858448      
-4831334.748484412     4871177.783690262      -3775752.057089065     57753.42522858448      
-4804789.156009662     4909650.574193029      -3780180.669867915     57753.45647858448      
-4777971.759225116     4947971.698908798      -3784609.390309445     57753.48772858448      
-4750883.244712153     4986139.125213192      -3789038.216982295     57753.51897858448      
-4723524.31104912      5024150.823473603      -3793467.148387154     57753.55022858448      
-4695895.668809077     5062004.767076885      -3797896.182956203     57753.58147858448      
-4667998.040556872     5099698.932457105      -3802325.319052578     57753.61272858448      
-4639832.160845536     5137231.299123393      -3806754.55496985      57753.64397858448      
-4611398.776211999     5174599.8496879        -3811183.888931521     57753.67522858448      
-4582698.645172128     5211802.569893887      -3815613.319090537     57753.70647858448      
-4553732.53821509      5248837.448643975      -3820042.843528839     57753.73772858448      
-4524501.237797032     5285702.478028552      -3824472.460256901     57753.76897858448      
-4495005.538334104     5322395.653354377      -3828902.16721331      57753.80022858448      
-4465246.24619478      5358914.973173392      -3833331.962264361     57753.83147858448      
-4435224.17969154      5395258.439311752      -3837761.843203659     57753.86272858448      
-4404940.169071854     5431424.056899128      -3842191.807751753     57753.89397858448      
-4374395.056508516     5467409.834398239      -3846621.85355578      57753.92522858448      
-4343589.696089312     5503213.783634707      -3851051.978189132     57753.95647858448      
-4312524.953806029     5538833.919827194      -3855482.179151142     57753.98772858448      
-4281201.707542789     5574268.261617862      -3859912.453866783     57754.01897858448      
-4249620.847063762     5609514.831103182      -3864342.799686394     57754.05022858448      
-4217783.274000191     5644571.653865117      -3868773.213885414     57754.08147858448      
-4185689.901836803     5679436.759002647      -3873203.693664146     57754.11272858448      
-4153341.655897558     5714108.179163741      -3877634.23614753      57754.14397858448      
-4120739.473330772     5748583.950577701      -3882064.838384944     57754.17522858448      
-4087884.303093603     5782862.113087967      -3886495.497350009     57754.20647858448      
-4054777.105935915     5816940.710185377      -3890926.209940433     57754.23772858448      
-4021418.854383508     5850817.789041885      -3895356.972977854     57754.26897858448      
-3987810.53272076      5884491.400544778      -3899787.783207718     57754.30022858448      
-3953953.136972636     5917959.599331398      -3904218.637299166     57754.33147858448      
-3919847.67488609      5951220.443824389      -3908649.531844935     57754.36272858448      
-3885495.1659109       5984271.9962675        -3913080.463361296     57754.39397858448      
-3850896.641179882     6017112.322761925      -3917511.428287995     57754.42522858448      
-3816053.14348855      6049739.493303251      -3921942.422988218     57754.45647858448      
-3780965.727274168     6082151.581818973      -3926373.443748577     57754.48772858448      
-3745635.458594275     6114346.666206653      -3930804.486779108     57754.51897858448      
-3710063.415104609     6146322.828372684      -3935235.548213301     57754.55022858448      
-3674250.686036518     6178078.154271722      -3939666.624108139     57754.58147858448      
-3638198.372173799     6209610.733946762      -3944097.710444159     57754.61272858448      
-3601907.585829021     6240918.661569926      -3948528.803125531     57754.64397858448      
-3565379.45081931      6272000.035483908      -3952959.897980161     57754.67522858448      
-3528615.102441624     6302852.958244174      -3957390.990759812     57754.70647858448      
-3491615.687447526     6333475.53666187       -3961822.07714024      57754.73772858448      
-3454382.364017447     6363865.881847485      -3966253.152721357     57754.76897858448      
-3416916.301734469     6394022.109255263      -3970684.213027407     57754.80022858448      
-3379218.681557631     6423942.338728424      -3975115.253507179     57754.83147858448      
-3341290.695794765     6453624.694545143      -3979546.269534208     57754.86272858448      
-3303133.548074864     6483067.305465369      -3983977.256407026     57754.89397858448      
-3264748.453320027     6512268.304778442      -3988408.209349426     57754.92522858448      
-3226136.63771695      6541225.830351583      -3992839.123510742     57754.95647858448      
-3187299.338697867     6569938.024674227      -3997269.993966137     57754.98772858448      
-3148237.804871738     6598403.034928186      -4001700.815716978     57755.01897858448      
-3108953.296053651     6626619.013008701      -4006131.583691109     57755.05022858448      
-3069447.083195284     6654584.115596483      -4010562.292743263     57755.08147858448      
-3029720.448364241     6682296.504205598      -4014992.937655448     57755.11272858448      
-2989774.684713145     6709754.345237243      -4019423.513137347     57755.14397858448      
-2949611.096448409     6736955.810034534      -4023854.013826755     57755.17522858448      
-2909230.998798647     6763899.074938192      -4028284.43429003      57755.20647858448      
-2868635.717982756     6790582.321343224      -4032714.769022575     57755.23772858448      
-2827826.59117768      6817003.735756574      -4037145.01244934      57755.26897858448      
-2786804.966485866     6843161.509855763      -4041575.158925332     57755.30022858448      
-2745572.202902434     6869053.840548545      -4046005.202736172     57755.33147858448      
-2704129.670282055     6894678.930033556      -4050435.138098661     57755.36272858448      
-2662478.749305566     6920034.985862017      -4054864.959161373     57755.39397858448      
-2620620.831446336     6945120.221000453      -4059294.660005266     57755.42522858448      
-2578557.318936385     6969932.853894493      -4063724.234644333     57755.45647858448      
-2536289.624732273     6994471.108533682      -4068153.677026248     57755.48772858448      
-2493819.172480781     7018733.214517436      -4072582.981033077     57755.51897858448      
-2451147.396484392     7042717.407122009      -4077012.140481978     57755.55022858448      
-2408275.741666573     7066421.927368605      -4081441.149125942     57755.58147858448      
-2365205.663536897     7089845.022092569      -4085870.00065456      57755.61272858448      
-2321938.628156006     7112984.9440137        -4090298.68869481      57755.64397858448      
-2278476.112100411     7135839.951807688      -4094727.206811876     57755.67522858448      
-2234819.60242718      7158408.310178665      -4099155.548509981     57755.70647858448      
-2190970.596638503     7180688.289932935      -4103583.707233267     57755.73772858448      
-2146930.602646151     7202678.168053817      -4108011.676366687     57755.76897858448      
-2102701.138735842     7224376.22777766       -4112439.449236918     57755.80022858448      
-2058283.73353154      7245780.758671021      -4116867.019113311     57755.83147858448      
-2013679.925959696     7266890.056709033      -4121294.379208888     57755.86272858448      
-1968891.26521343      7287702.424354913      -4125721.522681319     57755.89397858448      
-1923919.310716692     7308216.170640707      -4130148.442633966     57755.92522858448      
-1878765.632088402     7328429.611249195      -4134575.132116951     57755.95647858448      
-1833431.809106582     7348341.068597001      -4139001.58412823      57755.98772858448      
-1787919.431672515     7367948.871918919      -4143427.79161473      57756.01897858448      
-1742230.099774908     7387251.357353454      -4147853.74747348      57756.05022858448      
-1696365.423454111     7406246.868029553      -4152279.444552796     57756.08147858448      
-1650327.022777528     7424933.754152111      -4156704.87565348      57756.11272858448      
-1604116.52775941      7443310.373101158      -4161130.03353009      57756.14397858448      
-1557735.57839205      7461375.089507185      -4165554.910892159     57756.17522858448      
-1511185.824565812     7479126.27535294       -4169979.500405525     57756.20647858448      
-1464468.92604488      7496562.310063779      -4174403.794693652     57756.23772858448      
-1417586.552432006     7513681.580601806      -4178827.786338988     57756.26897858448      
-1370540.383133417     7530482.481561244      -4183251.467884365     57756.30022858448      
-1323332.10732386      7546963.415265074      -4187674.831834415     57756.33147858448      
-1275963.423911821     7563122.791862901      -4192097.870657033     57756.36272858448      
-1228436.041504933     7578959.029430073      -4196520.576784859     57756.39397858448      
-1180751.67837557      7594470.554068045      -4200942.942616805     57756.42522858448      
-1132912.062426658     7609655.800006013      -4205364.9605196       57756.45647858448      
-1084918.931157712     7624513.209703769      -4209786.622829383     57756.48772858448      
-1036774.031631106     7639041.233955772      -4214207.921853332     57756.51897858448      
-988479.1204385958     7653238.331996677      -4218628.849871293     57756.55022858448      
-940035.9636681069     7667102.971607785      -4223049.399137488     57756.58147858448      
-891446.3368708055     7680633.629224926      -4227469.561882236     57756.61272858448      
-842712.0250284583     7693828.790047592      -4231889.330313694     57756.64397858448      
-793834.8225210962     7706686.948149287      -4236308.696619664     57756.67522858448      
-744816.5330949974     7719206.606589105      -4240727.652969403     57756.70647858448      
-695658.9698310011     7731386.277524542      -4245146.19151549      57756.73772858448      
-646363.9551131644     7743224.482325549      -4249564.304395715     57756.76897858448      
-596933.3206094455     7754719.751689041      -4253981.983735004     57756.80022858448      
-547368.9071944334     7765870.625758546      -4258399.22164741      57756.83147858448      
-497672.5649890605     7776675.654237077      -4262816.010238077     57756.86272858448      
-447846.1532841462     7787133.396509353      -4267232.341605285     57756.89397858448      
-397891.5405226081     7797242.421761103      -4271648.207842527     57756.92522858448      
-347810.6042704404     7807001.309100392      -4276063.601040617     57756.95647858448      
-297605.2311881211     7816408.647680136      -4280478.51328982      57756.98772858448      
-277856.7060584261     7820006.336680243      -4282212.051179033     57756.99999999999      
