388641.8766523501      -3797.367985319514     -66552.50557504417     
388641.9234781149      -3799.836593981025     -66552.41512428332     
388642.064492948       -3807.250736799942     -66552.13378310726     
388642.4858046439      -3829.226038396031     -66551.21448328614     
388643.6974046945      -3891.022269108806     -66547.94346760925     
388645.9681414128      -4001.782927078042     -66539.53829865766     
388648.3604231144      -4112.284772505336     -66527.88070368818     
388650.8731194992      -4222.515829114454     -66512.97108012626     
388653.5050292398      -4332.464157930575     -66494.80997651571     
388656.2548803482      -4442.11786386068      -66473.39809255928     
388659.1213305779      -4551.46509323208      -66448.73627915683     
388662.1029678265      -4660.494037349898     -66420.82553843947     
388665.1983105496      -4769.192936052139     -66389.66702380021     
388668.4058082123      -4877.550075832078     -66355.2620399208      
388671.723841734       -4985.553793381507     -66317.61204279555     
388675.1507239438      -5093.192479126898     -66276.7186397505      
388678.6847000812      -5200.454575333977     -66232.58358945993     
388682.3239482826      -5307.328579630739     -66185.20880195824     
388686.0665800757      -5413.803048525428     -66134.59633864876     
388689.9106409291      -5519.866595487758     -66080.74841230817     
388693.8541107787      -5625.507894451068     -66023.66738708749     
388697.8949045603      -5730.715683308379     -65963.35577850886     
388702.0308728135      -5835.478761364342     -65899.81625345885     
388706.2598022144      -5939.785995832324     -65833.05163017698     
388710.5794162079      -6043.62631926866      -65763.06487824116     
388714.9873755973      -6146.988733033133     -65689.85911854812     
388719.4812791383      -6249.862310742916     -65613.43762329055     
388724.0586642131      -6352.236196279468     -65533.8038159295      
388728.7170074542      -6454.099607221782     -65450.96127116277     
388733.4537253742      -6555.441838270206     -65364.91371488862     
388738.2661750838      -6656.252259221299     -65275.6650241661      
388743.1516549489      -6756.520318369301     -65183.21922716966     
388748.1074052561      -6856.235545898679     -65087.58050314039     
388753.1306089706      -6955.387551823209     -64988.75318233226     
388758.2183924281      -7053.966029353469     -64886.74174595359     
388763.3678260311      -7151.960758255118     -64781.55082610426     
388768.5759250597      -7249.361602143421     -64673.1852057079      
388773.8396503391      -7346.158514841583     -64561.64981843966     
388779.1559090763      -7442.341537648485     -64446.94974864851     
388784.5215556019      -7537.900802644064     -64329.0902312753      
388789.9333921169      -7632.826535983819     -64208.07665176522     
388795.3881695574      -7727.10905572812      -64083.91454597581     
388800.8825883651      -7820.738775106896     -63956.60960007914     
388806.4132992625      -7913.706205771588     -63826.16765045935     
388811.9769041533      -8006.001955578671     -63692.59468360439     
388817.5699569211      -8097.616731810151     -63555.89683599305     
388823.1889642298      -8188.541344381396     -63416.0803939758      
388828.8303864597      -8278.766703574867     -63273.15179365059     
388834.490638531       -8368.283823214682     -63127.1176207329      
388840.1660907294      -8457.083823826695     -62977.98461041996     
388845.8530696752      -8545.157930320587     -62825.75964724955     
388851.54785917        -8632.497475114731     -62670.44976495257     
388857.2467010461      -8719.093901249915     -62512.06214629981     
388862.9457961836      -8804.938759318378     -62350.60412294268     
388868.6413052959      -8890.023713739123     -62186.08317524803     
388874.3293499659      -8974.340539659119     -62018.50693212646     
388880.0060135283      -9057.88112598467      -61847.88317085453     
388885.6673419538      -9140.637478401884     -61674.21981689047     
388891.3093448976      -9222.601716905912     -61497.52494368381     
388896.9279966012      -9303.766078780929     -61317.80677247775     
388902.5192367948      -9384.12292156343      -61135.07367210573     
388908.0789717725      -9463.664720508095     -60949.33415878048     
388913.6030753118      -9542.384071508452     -60760.59689587721     
388919.0873895925      -9620.273693999799     -60568.87069370884     
388924.527726297       -9697.326428359673     -60374.16450929501     
388929.919867545       -9773.535238766228     -60176.4874461237      
388935.2595668284      -9848.893216038952     -59975.84875390586     
388940.5425501334      -9923.393574970221     -59772.25782832259     
388945.76451689        -9997.029657119871     -59565.7242107651      
388950.9211409194      -10069.79493359027     -59356.25758806728     
388956.0080715785      -10141.68300228749     -59143.86779223065     
388961.0209347208      -10212.68759064898     -58928.56480014176     
388965.9553336546      -10282.80255835092     -58710.35873328206     
388970.8068503084      -10352.02189449623     -58489.25985742959     
388975.5710462008      -10420.33972027315     -58265.27858235329     
388980.2434634094      -10487.75029159258     -58038.42546149914     
388984.8196257771      -10554.24799558912     -57808.71119166812     
388989.2950397715      -10619.82735626579     -57576.14661268648     
388993.6651957002      -10684.48303094369     -57340.74270706738     
388997.9255686954      -10748.20981280034     -57102.51059966443     
389002.0716196942      -10811.00263338554     -56861.46155731726     
389006.0987966466      -10872.85655960294     -56617.6069884879      
389010.0025355043      -10933.7667961731      -56370.95844288916     
389013.7782612072      -10993.72868807388     -56121.52761110468     
389017.4213889031      -11052.73771744057     -55869.32632419952     
389020.9273249413      -11110.78950595177     -55614.36655332279     
389024.2914678617      -11167.87981719239     -55356.66040930125     
389027.5092096251      -11224.00455347016     -55096.22014222368     
389030.5759366108      -11279.15975812287     -54833.05814101688     
389033.4870306034      -11333.34161780179     -54567.1869330125      
389036.2378700368      -11386.54645920295     -54298.61918350449     
389038.8238309879      -11438.77075129383     -54027.36769529767     
389041.2402881663      -11490.0111075158      -53753.44540824752     
389043.4826161633      -11540.26428242832     -53476.86539878981     
389045.5461904455      -11589.52717385356     -53197.64087946173     
389047.4263883423      -11637.79682499637     -52915.78519841356     
389049.1185903         -11685.07042099993     -52631.31183891043     
389050.6181808721      -11731.34529100683     -52344.23441882513     
389051.9205497031      -11776.61891019529     -52054.56669012154     
389053.0210927872      -11820.88889624493     -51762.32253832798     
389053.9152134524      -11864.15301131312     -51467.51598200123     
389054.5983233395      -11906.40916398628     -51170.16117218154     
389055.0658436627      -11947.65540565449     -50870.27239183676     
389055.313206187       -11987.88993240248     -50567.86405529788     
389055.3358541999      -12027.11108687454     -50262.95070768466     
389055.1292437715      -12065.31735455758     -49955.54702432087     
389054.6888447256      -12102.50736558528     -49645.66781014048     
389054.0101416001      -12138.67989651655     -49333.32799908421     
389053.0886349077      -12173.83386652567     -49018.5426534853      
389051.919842095       -12207.96833911953     -48701.32696344648     
389050.4992984937      -12241.08252382866     -48381.69624620695     
389048.8225585776      -12273.1757723043      -48059.66594549891     
389046.8851969095      -12304.24757994795     -47735.25163089494     
389044.6828090815      -12334.29758751497     -47408.46899714565     
389042.2110129651      -12363.32557711807     -47079.33386350658     
389039.4654496475      -12391.33147376908     -46747.8621730563      
389036.4417843547      -12418.31534689495     -46414.06999200453     
389033.1357076977      -12444.27740624766     -46077.97350898977     
389029.5429365921      -12469.21800335841     -45739.58903436785     
389025.6592151671      -12493.13763296583     -45398.93299949099     
389021.4803160022      -12516.03692883259     -45056.02195597602     
389017.002041031       -12537.91666511237     -44710.87257496397     
389012.2202224324      -12558.77775769055     -44363.50164636979     
389007.1307238587      -12578.62125990827     -44013.9260781219      
389001.729441319       -12597.44836384209     -43662.16289539262     
388996.0123040546      -12615.26040155845     -43308.22923981957     
388989.975275753       -12632.05884074511     -42952.14236871614     
388983.6143554135      -12647.84528590503     -42593.91965427391     
388976.9255782006      -12662.62147952486     -42233.57858275536     
388969.9050166464      -12676.38929761514     -41871.13675367646     
388962.5487814941      -12689.15075081914     -41506.61187898107     
388954.8530225299      -12700.90798549643     -41140.02178220583     
388946.8139297712      -12711.66327917332     -40771.38439763528     
388938.4277342863      -12721.41904156746     -40400.71776944879     
388929.6907090045      -12730.17781558857     -40028.04005085843     
388920.599169886       -12737.94227269981     -39653.36950323719     
388911.1494767197      -12744.71521386027     -39276.72449523916     
388901.3380339065      -12750.49957044395     -38898.12350191115     
388891.1612916138      -12755.29839951424     -38517.58510379472     
388880.6157465447      -12759.11488468578     -38135.12798602048     
388869.697942698       -12761.95233696391     -37750.77093739432     
388858.4044725011      -12763.81418993345     -37364.53284947397     
388846.7319775543      -12764.70400054308     -36976.43271563869     
388834.6771493615      -12764.62544986614     -36586.48963015055     
388822.2367304433      -12763.58233820745     -36194.72278720699     
388809.4075150082      -12761.57858643704     -35801.15147998654     
388796.1863498758      -12758.61823354539     -35405.79509968602     
388782.5701351252      -12754.70543793102     -35008.67313455111     
388768.5558251779      -12749.84447240005     -34609.80516889794     
388754.1404294742      -12744.03972477622     -34209.21088212862     
388739.3210131334      -12737.29569849103     -33806.91004773947     
388724.0946980133      -12729.61700750708     -33402.92253232114     
388708.4586633543      -12721.008376858       -32997.2682945528      
388692.4101464092      -12711.47464316986     -32589.96738418959     
388675.9464434753      -12701.02074951068     -32181.03994104241     
388659.0649105067      -12689.65174586444     -31770.50619395204     
388641.7629637115      -12677.37278958606     -31358.38645975749     
388624.0380805559      -12664.18914018123     -30944.70114225626     
388605.8878003432      -12650.10615971646     -30529.4707311604      
388587.3097247754      -12635.12931321284     -30112.71580104623     
388568.3015189315      -12619.26416335804     -29694.45701029756     
388548.8609118092      -12602.51637085744     -29274.71510004422     
388528.9856968521      -12584.89169476879     -28853.51089309534     
388508.6737328975      -12566.39598715171     -28430.8652928665      
388487.9229446824      -12547.03519336242     -28006.79928230241     
388466.7313233342      -12526.81535233366     -27581.33392279536     
388445.0969272877      -12505.74259116542     -27154.49035309743     
388423.0178827531      -12483.82312536741     -26726.28978822948     
388400.49238417        -12461.06325908849     -26296.75351838588     
388377.5186950911      -12437.46937965227     -25865.90290783375     
388354.0951485629      -12413.04795838319     -25433.75939380952     
388330.2201477899      -12387.80554763219     -25000.34448541113     
388305.8921664863      -12361.748781576       -24565.67976248705     
388281.1097497156      -12334.88437068605     -24129.78687452087     
388255.8715142689      -12307.21910186621     -23692.68753951385     
388230.176149025       -12278.75983857983     -23254.40354286389     
388204.0224157568      -12249.5135152748      -22814.95673624106     
388177.409149467       -12219.48713748319     -22374.36903646136     
388150.335258709       -12188.68778191238     -21932.66242435772     
388122.7997263558      -12157.12259082975     -21489.85894364778     
388094.8016098962      -12124.79877178942     -21045.98069979994     
388066.3400417117      -12091.72359906363     -20601.04985890184     
388037.4142298097      -12057.90440623685     -20155.08864651695     
388008.0234580765      -12023.34858693134     -19708.11934654841     
387978.1670865126      -11988.06359491821     -19260.16430009868     
387947.8445519279      -11952.05693843121     -18811.24590432776     
387917.0553680973      -11915.33618081105     -18361.38661131055     
387885.7991262195      -11877.90893734089     -17910.60892689326     
387854.075495041       -11839.78287588364     -17458.9354095493      
387821.8842214997      -11800.96571116704     -17006.38866923431     
387789.225130875       -11761.46520477495     -16552.99136624095     
387756.0981269215      -11721.28916513844     -16098.76621005418     
387722.5031924717      -11680.44544180404     -15643.73595820541     
387688.4403895422      -11638.94192541635     -15187.92341512744     
387653.9098594218      -11596.78654770005     -14731.3514310102      
387618.9118232331      -11553.98727571722     -14274.04290065596     
387583.4465819942      -11510.55211184393     -13816.02076233608     
387547.5145166605      -11466.48909374884     -13357.30799664831     
387511.116088646       -11421.80628864399     -12897.92762537464     
387474.2518397819      -11376.51179389719     -12437.90271034122     
387436.9223925902      -11330.61373382788     -11977.25635227881     
387399.1284502097      -11284.12026032441     -11516.01168968478     
387360.8707968612      -11237.03954709272     -11054.19189768718     
387322.1502977988      -11189.37978964004     -10591.82018690974     
387282.9678992458      -11141.14920526371     -10128.91980233981     
387243.324628816       -11092.35602730508     -9665.514022197138     
387203.2215954188      -11043.00850514341     -9201.626156805738     
387162.6599891475      -10993.11490419897     -8737.279547467522     
387121.6410816575      -10942.68350019566     -8272.497565338286     
387080.1662259681      -10891.72257981109     -7807.303610306684     
387038.2368565858      -10840.24043750297     -7341.721109875158     
386995.8544892732      -10788.24537617519     -6875.773518044356     
386953.020721369       -10735.7457014616      -6409.484314199464     
386909.7372315824      -10682.74972176748     -5942.877002000634     
386866.0057797716      -10629.26574832136     -5475.975108275161     
386821.8282072185      -10575.30208948151     -5008.802181914129     
386777.2064363766      -10520.86705080458     -4541.38179277099      
386732.1424706014      -10465.9689351281      -4073.737530564802     
386686.6383943806      -10410.616036903       -3605.89300378527      
386640.6963729775      -10354.8166429361      -3137.871838602645     
386594.3186524008      -10298.57902930488     -2669.697677780452     
386547.5075590155      -10241.91146212615     -2201.394179592171     
386500.2654997131      -10184.82219193236     -1732.985016740684     
386452.594961549       -10127.31945382489     -1264.493875282904     
386404.4985113623      -10069.41146764431     -795.9444535565708     
386355.978795902       -10011.10643238384     -327.3604611121118     
386307.0385414165      -9952.412526387146     141.2343823528208      
386257.6805532266      -9893.337907562978     609.8163480538351      
386207.9077158077      -9833.8907078419       1078.36169917736       
386157.7229922726      -9774.079034063725     1546.846691933752      
386107.1294241912      -9713.910965031348     2015.247576607071      
386056.1301310428      -9653.394552435064     2483.540598599968      
386004.7283102376      -9592.537815371521     2951.701999476005      
385952.9272365981      -9531.348740659909     3419.708017996774      
385900.7302618236      -9469.83528317872      3887.534891156451      
385848.1408144677      -9408.005360437666     4355.158855210844      
385795.1623993736      -9345.866852950436     4822.55614670465       
385741.7985970936      -9283.427604630975     5289.703003493109      
385688.0530638216      -9220.695417420102     5756.575665760669      
385633.9295307258      -9157.678052364063     6223.150377036247      
385579.4318036162      -9094.383226854297     6689.403385204059      
385524.5637622458      -9030.818615749922     7155.310943511227      
385469.3293601871      -8966.991846085068     7620.849311571917      
385413.7326241618      -8902.910497589473     8085.99475636796       
385357.7776533572      -8838.582103235247     8550.723553245683      
385301.4686192591      -8774.014144007007     9015.011986909929      
385244.8097648799      -8709.214050136608     9478.836352414102      
385187.8054043272      -8644.189198495296     9942.172956148337      
385130.4599220034      -8578.946913877808     10404.99811682262      
385072.7777723831      -8513.494463861673     10867.28816644906      
385014.7634792439      -8447.839059493403     11329.01945131959      
384956.4216348837      -8381.987856000655     11790.16833298208      
384897.7568998569      -8315.947947722554     12250.71118921286      
384838.7740021056      -8249.726369515549     12710.6244149876       
384779.4777364313      -8183.330094312987     13169.88442344905      
384719.8729636014      -8116.766034583969     13628.46764687324      
384659.9646100294      -8050.041037359908     14086.35053763253      
384599.7576669145      -7983.161885098481     14543.50956915822      
384539.2571893661      -7916.135296574023     14999.92123689956      
384478.4682960475      -7848.967921980213     15455.5620592823       
384417.3961682169      -7781.666344518446     15910.40857866549      
384356.0460491095      -7714.237078136372     16364.43736229662      
384294.4232429556      -7646.686569171339     16817.62500326562      
384232.5331145731      -7579.021191555141     17269.94812145806      
384170.3810884199      -7511.247247863546     17721.3833645074       
384107.9726476338      -7443.370970395226     18171.90740874637      
384045.3133335912      -7375.398516454337     18621.49696015802      
383982.4087448654      -7307.335970129425     19070.12875532641      
383919.2645365262      -7239.189340217334     19517.77956238767      
383855.8864190777      -7170.964562058816     19964.42618197968      
383792.2801579705      -7102.66749292627      20410.04544819368      
383728.4515725753      -7034.30391326523      20854.61422952564      
383664.4065351478      -6965.879527966048     21298.10942982792      
383600.1509703089      -6897.399961830764     21740.50798926203      
383535.6908539296      -6828.870761546081     22181.78688525304      
383471.0322123568      -6760.297393795954     22621.92313344436      
383406.1811212815      -6691.685247291625     23060.89378865421      
383341.1437051763      -6623.039628344144     23498.67594583443      
383275.926136145       -6554.365762948579     23935.24674103045      
383210.5346331096      -6485.668795004163     24370.58335234338      
383144.9754606428      -6416.953788454648     24804.66300089456      
383079.254928368       -6348.225722966406     25237.46295179328      
383013.3793898328      -6279.489495472972     25668.96051510586      
382947.3552413741      -6210.749921748822     26099.13304682911      
382881.1889214923      -6142.011732165407     26527.95794986573      
382814.8869096444      -6073.279573966593     26955.4126750041       
382748.4557253714      -6004.558009674383     27381.47472190112      
382681.9019270796      -5935.851519419535     27806.12164006833      
382615.2321113804      -5867.164496799665     28229.33102986388      
382548.4529119142      -5798.501250611727     28651.08054348652      
382481.5709981665      -5729.866006611413     29071.34788597492      
382414.593074788       -5661.262903447361     29490.11081621249      
382347.5258803422      -5592.695995121267     29907.3471479358       
382280.3761863871      -5524.169249572387     30323.03475074837      
382213.1507962127      -5455.686551190101     30737.1515511398       
382145.8565441353      -5387.251696845366     31149.67553351092      
382078.5002942245      -5318.868398452199     31560.58474120346      
382011.0889393616      -5250.540281649697     31969.85727753636      
381943.6293999623      -5182.270888414054     32377.47130684738      
381876.1286232444      -5114.06367318344      32783.40505554224      
381808.5935819417      -5045.922005516952     33187.63681314857      
381741.0312733427      -4977.849168869949     33590.14493337704      
381673.4487179993      -4909.84836330054      33990.90783518969      
381605.8529589759      -4841.922701684211     34389.90400387411      
381538.2510606042      -4774.075211812573     34787.11199212633      
381470.6501072399      -4706.30883851672      35182.51042113782      
381403.0572024977      -4638.626439944566     35576.07798169411      
381335.4794679481      -4571.030790377399     35967.79343527681      
381267.9240421323      -4503.52458349233      36357.63561520373      
381200.3980792575      -4436.110419542993     36745.583427648        
381132.9087484202      -4368.790820609919     37131.61585288492      
381065.4632322966      -4301.568226515035     37515.71194638257      
380998.0687261497      -4234.444992952524     37897.8508399401       
380930.7324365225      -4167.423394503519     38278.01174283834      
380863.4615804501      -4100.50562113064      38656.17394300099      
380796.2633841515      -4033.693781206538     39032.31680816243      
380729.1450820313      -3966.98990063513      39406.41978704429      
380662.1139153735      -3900.395925900789     39778.46241053988      
380595.177131549       -3833.913720596839     40148.42429290945      
380528.341982759       -3767.545067842878     40516.28513298111      
380461.615724785       -3701.29167271571      40882.024715362        
380395.0056161917      -3635.155158811124     41245.62291165828      
380328.5189170266      -3569.137071352332     41607.0596817031       
380262.1628878219      -3503.238876390205     41966.31507479376      
380195.9447883017      -3437.461963939054     42323.36923093654      
380129.8718765827      -3371.807644586659     42678.20238210252      
380063.9514078846      -3306.27715265575      43030.79485349002      
379998.1906335361      -3240.871645454366     43381.12706479628      
379932.5967996939      -3175.592206464453     43729.17953149771      
379867.1771465453      -3110.439842000102     44074.93286613977      
379801.9389070314      -3045.41548442008      44418.36777963382      
379736.889305861       -2980.519991426863     44759.46508256363      
379672.0355582448      -2915.75414930451      45098.2056864987       
379607.3848691016      -2851.118669621304     45434.57060531861      
379542.9444317985      -2786.614192489524     45768.54095654294      
379478.7214271752      -2722.241285907568     46100.09796267076      
379414.7230222958      -2658.000449042134     46429.22295252589      
379350.9563696623      -2593.892108969427     46755.8973626142       
379287.4286059736      -2529.916623975972     47080.10273848398      
379224.1468511623      -2466.074282937636     47401.82073609726      
379161.1182071688      -2402.365308639579     47721.03312320475      
379098.3497571616      -2338.78985454897      48037.72178073277      
379035.84856432        -2275.348008150489     48351.86870417287      
378973.6216708847      -2212.039790354949     48663.45600498046      
378911.6760969559      -2148.865158849938     48972.4659119779       
378850.0188397241      -2085.824004897982     49278.8807727673       
378788.6568722766      -2022.916156698433     49582.6830551457       
378727.5971426658      -1960.141378819873     49883.85534852836      
378666.8465727319      -1897.499375574233     50182.3803653756       
378606.4120573463      -1834.989787833114     50478.24094262725      
378546.3004632447      -1772.61219641046      50771.42004314021      
378486.5186281129      -1710.366121511172     51061.90075713137      
378427.0733594381      -1648.251026122809     51349.66630362338      
378367.9714337644      -1586.266312843742     51634.70003189775      
378309.2195955546      -1524.411327279999     51916.98542294785      
378250.8245562955      -1462.685357504732     52196.50609093759      
378192.7929933785      -1401.087637461082     52473.24578466098      
378135.1315493685      -1339.617343796679     52747.18838900776      
378077.8468308958      -1278.27359926909      53018.3179264268       
378020.9454077814      -1217.05547221069      53286.61855839484      
377964.4338119488      -1155.961979937143     53552.0745868838       
377908.3185367068      -1094.992085583581     53814.67045583209      
377852.6060356718      -1034.144701513673     54074.39075261395      
377797.3027219153      -973.4186887846081     54331.22020951041      
377742.4149669062      -912.8128605571401     54585.14370517785      
377687.9490998088      -852.3259789285803     54836.14626611926      
377633.9114064366      -791.9567583409298     55084.21306815138      
377580.3081284213      -731.7038650426548     55329.32943787152      
377527.1454621872      -671.565920495239      55571.48085412025      
377474.4295582642      -611.5414981995928     55810.65294944547      
377422.1665202735      -551.6291270998845     56046.8315115594       
377370.3624041187      -491.8272910368978     56280.00248479398      
377319.0232169931      -432.1344321498109     56510.15197155051      
377268.1549167062      -372.5489476910516     56737.26623374794      
377217.763410703       -313.0691934228525     56961.33169426187      
377167.854555277       -253.6934830604441     57182.33493836129      
377118.4341546094      -194.420091663902      57400.26271513625      
377069.5079601111      -135.2472524408586     57615.10193892203      
377021.0816694744      -76.17316013218078     57826.83969071308      
376973.1609259069      -17.19597044192051     58035.46321957155      
376925.7513172053      41.68619658141688      58240.95994402465      
376878.8583751097      100.4752597581464      58443.31745345687      
376832.4875743897      159.1731734037239      58642.52350948985      
376786.6443320984      217.7819279134128      58838.56604735352      
376741.3340066805      276.3035463946435      59031.43317724534      
376696.5618973396      334.7400878965927      59221.11318568161      
376652.3332431568      393.0936440502046      59407.59453683383      
376608.6532223437      451.3663390092552      59590.86587385439      
376565.5269514989      509.5603293948079      59770.91602018991      
376522.9594847567      567.6778009460177      59947.73398087943      
376480.9558131701      625.7209717709484      60121.3089438418       
376439.520863872       683.692089004915       60291.63028114624      
376398.6594993768      741.5934294310573      60458.68755026869      
376358.3765167627      799.4272961451643      60622.47049533235      
376318.6766470677      857.196021823569       60782.96904833376      
376279.5645544827      914.9019653958385      60940.17333035039      
376241.0448356757      972.5475126805104      61094.07365273226      
376203.1220190062      1030.135073064172      61244.66051827493      
376165.800563934       1087.667082784792      61391.92462237645      
376129.0848602459      1145.14600161773       61535.85685417327      
376092.979227384       1202.574312865065      61676.44829765838      
376057.487913776       1259.954523348832      61813.69023277953      
376022.6150960929      1317.28916010457       61947.57413651634      
375988.3648786732      1374.580773682515      62078.09168393892      
375954.741292792       1431.83193484637       62205.23474924314      
375921.7482960318      1489.045235238635      62328.99540676543      
375889.3897715749      1546.223284082844      62449.36593197464      
375857.6695276392      1603.36871149583       62566.33880244297      
375826.5912967835      1660.48416519507       62679.90669879215      
375796.1587352995      1717.572311171461      62790.0625056171       
375766.3754225391      1774.635830398773      62896.79931238503      
375737.2448603651      1831.677422153938      63000.11041431178      
375708.7704724909      1888.699800728609      63099.98931321163      
375680.9556038867      1945.705695446624      63196.42971832323      
375653.8035201894      2002.697850683158      63289.4255471096       
375627.3174070761      2059.679022577213      63378.97092603208      
375601.5003697324      2116.651982357638      63465.06019129926      
375576.3554322395      2173.619513057092      63547.6878895877       
375551.8855370201      2230.584410192896      63626.84877873742      
375528.0935442502      2287.549478481335      63702.53782841853      
375504.9822313443      2344.517535163657      63774.75022077202      
375482.5542923816      2401.491406719571      63843.48135102191      
375460.812337574       2458.473928887142      63908.72682805941      
375439.7588927391      2515.467946681885      63970.48247499918      
375419.3963987635      2572.476311108265      64028.74432970602      
375399.7272111106      2629.501882486366      64083.50864529471      
375380.7535992999      2686.547527163028      64134.77189059883      
375362.4777464148      2743.616118191385      64182.53075061215      
375344.9017486107      2800.710532041492      64226.78212689862      
375328.0276146429      2857.833651926965      64267.52313797553      
375311.8572653918      2914.98836451635       64304.75111966464      
375296.3925334041      2972.177559951888      64338.46362541482      
375281.6351624399      3029.404131870942      64368.65842659469      
375267.5868070388      3086.670974118351      64395.33351275434      
375254.2490320799      3143.980984079768      64418.48709185858      
375241.6233123664      3201.337059398807      64438.11759048884      
375229.711032215       3258.742095577079      64454.2236540163       
375218.5134850516      3316.198987269563      64466.80414674261      
375208.0318730401      3373.710628818997      64475.85815200901      
375198.2673066796      3431.279914321749      64481.38497228069      
375189.2208044545      3488.909734308734      64483.3841291975       
375180.8932924694      3546.602976396229      64481.85536359508      
375173.2856041337      3604.362521953044      64476.7986354957       
375166.3984797915      3662.191249377895      64468.21412406876      
375160.2325664288      3720.092030746149      64456.10222756228      
375154.7884173623      3778.067731755807      64440.46356320342      
375150.0664919362      3836.121211665406      64421.29896707005      
375146.0671552824      3894.255319910168      64398.60949393276      
375142.7906779961      3952.472899332381      64372.39641706675      
375140.2372359211      4010.776782779751      64342.6612280352       
375138.4069099026      4069.16979300652       64309.40563644316      
375137.2996855489      4127.65474256569       64272.63156966292      
375136.9154530726      4186.234430381744      64232.34117253001      
375137.2540070205      4244.911644937805      64188.53680701161      
375138.3150461425      4303.689160830931      64141.22105184609      
375140.0981732142      4362.569738631581      64090.39670215492      
375142.6028948718      4421.556124734474      64036.06676902682      
375145.8286215407      4480.651047889238      63978.23447907495      
375149.7746672252      4539.857222347142      63916.90327396595      
375154.4402494682      4599.177344375872      63852.07680992326      
375159.8244892338      4658.614092740281      63783.75895720354      
375165.9264109092      4718.170125200966      63711.95379954687      
375172.7449421503      4777.848081628581      63636.66563360157      
375180.2789139159      4837.650580486647      63557.89896832305      
375188.5270604359      4897.580218617739      63475.65852434796      
375197.4880191922      4957.639571022148      63389.94923334362      
375207.1603310207      5017.831187316609      63300.77623733363      
375217.5424400281      5078.157594808625      63208.14488799839      
375228.6326937297      5138.62129493965       63112.06074595325      
375240.4293431047      5199.224763032151      63012.52958000343      
375252.9305426686      5259.970448028638      62909.55736637554      
375266.1343506795      5320.860768912164      62803.15028792876      
375280.0387291339      5381.89811774125       62693.31473334166      
375294.6415440119      5443.084856055691      62580.05729627971      
375309.9405654272      5504.423314585147      62463.38477454154      
375325.9334677954      5565.915792951499      62343.30416918419      
375342.6178301498      5627.564556052217      62219.82268362954      
375359.9911362228      5689.371837059683      62092.94772274985      
375378.0507748022      5751.339833791179      61962.68689193562      
375396.7940399813      5813.470708383509      61829.04799614439      
375416.2181314268      5875.766586961217      61692.03903893151      
375436.3201548114      5938.229555987418      61551.66822146439      
375457.0971219821      6000.861665231314      61407.94394151756      
375478.5459514328      6063.664924107412      61260.8747924535       
375500.663468659       6126.641301320742      61110.4695621862       
375523.4464065611      6189.792723844461      60956.73723212974      
375546.8914058374      6253.121076554766      60799.68697613111      
375570.9950155582      6316.628198551007      60639.32815939023      
375595.7536934458      6380.315886092074      60475.67033736319      
375621.16380649        6444.185888908447      60308.72325465442      
375647.2216314307      6508.239909820782      60138.49684389475      
375673.9233552585      6572.479604355161      59965.00122460707      
375701.2650759079      6636.906577045818      59788.24670206062      
375729.2428026327      6701.522384355208      59608.24376611195      
375757.8524567432      6766.328530971863      59425.00309003696      
375787.0898721957      6831.326469416774      59238.53552935105      
375816.9507962015      6896.517599648236      59048.85212061941      
375847.4308900416      6961.903265356581      58855.96408025897      
375878.5257295368      7027.484756877056      58659.88280332834      
375910.2308059063      7093.263307484063      58460.61986231212      
375942.5415264646      7159.240092995195      58258.18700589551      
375975.4532153393      7225.416231375908      58052.59615773114      
376008.9611144036      7291.792779037241      57843.85941520008      
376043.0603838435      7358.370733752097      57631.98904816319      
376077.7461031346      7425.151030956935      57416.99749770905      
376113.0132718447      7492.134543364707      57198.89737489438      
376148.8568104996      7559.322079919319      56977.7014594792       
376185.2715614267      7626.714385415205      56753.42269865675      
376222.2522898269      7694.312136814078      56526.07420578013      
376259.7936844548      7762.115946180704      56295.66925908177      
376297.8903587323      7830.126357009409      56062.22130039187      
376336.5368516758      7898.3438438636        55825.74393385198      
376375.7276288432      7966.768812021382      55586.25092462559      
376415.4570835172      8035.401593821764      55343.75619760699      
376455.7195374746      8104.242451630296      55098.27383612561      
376496.5092422091      8173.291574200433      54849.81808065052      
376537.8203799573      8242.549076349263      54598.40332749234      
376579.6470647875      8312.014997980863      54344.04412750382      
376621.9833436601      8381.689303780036      54086.75518477926      
376664.8231977394      8451.571879611587      53826.55135535458      
376708.1605432609      8521.662535538879      53563.44764590442      
376751.9892328785      8591.96100224463       53297.45921244169      
376796.3030567997      8662.466930767747      53028.60135901599      
376841.0957439349      8733.179892251994      52756.88953641281      
376886.3609633055      8804.099374404477      52482.33934085435      
376932.0923249891      8875.224784573369      52204.96651269913      
376978.2833815591      8946.555446233509      51924.7869351452       
377024.9276293025      9018.090598789309      51641.81663293367      
377072.0185095011      9089.829396732242      51356.07177105427      
377119.5494096769      9161.770909473944      51067.56865345224      
377167.5136651066      9233.914117894397      50776.32372173927      
377215.9045598451      9306.257917509192      50482.35355390349      
377264.7153282669      9378.801115051447      50185.67486302504      
377313.9391563719      9451.542428373108      49886.30449599285      
377363.5691831522      9524.480485704007      49584.2594322245       
377413.5985019217      9597.613825590079      49279.55678238887      
377464.0201619203      9670.940893551526      48972.21378713322      
377514.8271694051      9744.460045359823      48662.24781581093      
377566.012489278       9818.169543736321      48349.67636521527      
377617.5690464632      9892.067558371664      48034.51705831531      
377669.4897273482      9966.152165306457      47716.78764299562      
377721.7673811796      10040.42134699392      47396.50599079972      
377774.3948217426      10114.87298908732      47073.69009567809      
377827.3648285057      10189.50488384522      46748.358072738        
377880.6701483167      10264.3147269651       46420.52815699937      
377934.3034968385      10339.30011773834      46090.21870215368      
377988.2575600452      10414.45855856978      45757.44817932664      
378042.5249956707      10489.78745517995      45422.23517584537      
378097.098434946       10565.28411353792      45084.59839401009      
378151.9704837797      10640.94574340789      44744.55664986807      
378207.1337245082      10716.76945533112      44402.12887199369      
378262.5807173708      10792.75226092769      44057.33410027174      
378318.3040020452      10868.89107256407      43710.19148468459      
378374.2960991313      10945.18270370421      43360.72028410362      
378430.5495119283      11021.62386599263      43008.93986508546      
378487.0567276367      11098.2111729465       42654.86970067046      
378543.8102191421      11174.94113708743      42298.52936918667      
378600.8024465136      11251.81017038831      41939.93855305739      
378658.0258585622      11328.81458408528      41579.11703761207      
378715.4728943403      11405.95058916886      41216.08470990149      
378773.1359849432      11483.21429360749      40850.8615575169       
378831.0075547129      11560.60170616941      40483.46766741185      
378889.08002304        11638.10873368493      40113.92322472845      
378947.3458058671      11715.73118161494      39742.24851162687      
379005.797317251       11793.46476185969      39368.46390616616      
379064.4269708645      11871.30507765008      38992.58988104411      
379123.2271818004      11949.24763082533      38614.64700249808      
379182.1903677629      12027.28782527488      38234.65592914356      
379241.3089508676      12105.42096363453      37852.63741081597      
379300.575359134       12183.64224812128      37468.61228741975      
379359.9820280346      12261.9467807424       37082.60148778051      
379419.5214020415      12340.32956353656      36694.62602849982      
379479.1859361046      12418.78549950351      36304.7070128126       
379538.9680974407      12497.30939028324      35912.86562944749      
379598.8603666868      12575.89594043355      35519.1231514885       
379658.8552396793      12654.53975517414      35123.50093524004      
379718.9452289097      12733.23534144664      34726.02041909339      
379779.1228650392      12811.9771083503       34326.70312239556      
379839.3806983404      12890.75936826734      33925.57064431949      
379899.7113004531      12969.57633474076      33522.64466273668      
379960.1072654913      13048.42212694486      33117.94693309059      
380020.5612117823      13127.29076762946      32711.4992872721       
380081.0657832774      13206.17618437631      32303.32363249593      
380141.6136510168      13285.07221023348      31893.44195017847      
380202.1975145857      13363.97258438189      31481.8762948164       
380262.810103495       13442.8709534901       31068.64879286617      
380323.444178878       13521.76086982675      30653.78164162488      
380384.0925345237      13600.63579595658      30237.29710811048      
380444.7479985523      13679.48910291816      29819.21752794376      
380505.4034347514      13758.31407171004      29399.56530422971      
380566.0517439679      13837.10389415384      28978.36290643984      
380626.6858654849      13915.85167379         28555.63286929386      
380687.2987783232      13994.55042746017      28131.39779164156      
380747.8835028581      14073.19308365044      27705.6803353448       
380808.4331017619      14151.7724874086       27278.5032241587       
380868.9406815954      14230.28139875055      26849.88924261223      
380929.3993940533      14308.71249437088      26419.86123488905      
380989.8024372635      14387.05836872818      25988.44210370645      
381050.1430570686      14465.31153516362      25555.65480919449      
381110.4145482292      14543.46442770227      25121.52236777336      
381170.6102559445      14621.50939961948      24686.06785103033      
381230.7235766883      14699.43872856991      24249.31438459475      
381290.7479596987      14777.2446152135       23811.28514701265      
381350.6769081179      14854.91918513873      23372.00336861896      
381410.5039801811      14932.45449016053      22931.4923304089       
381470.2227903901      15009.84250964873      22489.77536290728      
381529.8270106011      15087.07515253659      22046.8758450365       
381589.310371436       15164.14425609709      21602.81720298238      
381648.6666629959      15241.04159126897      21157.62290905802      
381707.8897362369      15317.7588614897       20711.31648056602      
381766.9735039887      15394.28770481435      20263.92147865841      
381825.9119420221      15470.61969541196      19815.46150719421      
381884.699090099       15546.74634508645      19365.96021159504      
381943.3290529351      15622.65910547562      18915.44127769844      
382001.7960014862      15698.34936702019      18463.92843060842      
382060.0941735308      15773.80846446878      18011.44543354394      
382118.2178749184      15849.02767589735      17558.01608668474      
382176.1614804561      15923.99822500732      17103.66422601484      
382233.919434844       15998.71128279726      16648.41372216288      
382291.4862535915      16073.15796925837      16192.28847924049      
382348.8565239125      16147.32935509128      15735.31243367741      
382406.024905534       16221.21646409664      15277.50955305427      
382462.9861318261      16294.81027233711      14818.90383493243      
382519.7350102256      16368.10171382046      14359.51930568102      
382576.2664233255      16441.08167970337      13899.38001930142      
382632.5753296025      16513.74102076589      13438.51005624869      
382688.6567641892      16586.07054925538      12976.93352224996      
382744.5058396288      16658.06104074958      12514.67454712075      
382800.1177466069      16729.70323603826      12051.75728357761      
382855.4877545939      16800.98784367129      11588.20590604832      
382910.6112128117      16871.90553928226      11124.04460947955      
382965.4835504885      16942.4469714127       10659.2976081409       
383020.1002777827      17012.60276086887      10193.98913442717      
383074.4569863403      17082.36350333581      9728.143437656952      
383128.5493499009      17151.7197713583       9261.784782869072      
383182.3731248804      17220.66211633621      8794.937449616162      
383235.9241509339      17289.18107053381      8327.625730755288      
383289.1983514267      17357.26714974886      7859.873931236551      
383342.1917342311      17424.91085275995      7391.706366888247      
383394.9003918068      17492.1026672554       6923.147363200391      
383447.3205019553      17558.83306930352      6454.221254105243      
383499.4483282035      17625.09252606809      5984.952380755276      
383551.2802202365      17690.87149788813      5515.365090299369      
383602.812614308       17756.16044036579      5045.483734656023      
383654.0420336294      17820.94980646368      4575.332669285039      
383704.9650886672      17885.23004925578      4104.936251956358      
383755.5784777656      17948.99162145823      3634.318841517306      
383805.8789870546      18012.22498142172      3163.504796657697      
383855.8634910287      18074.92059267561      2692.518474673081      
383905.5289527582      18137.06892670417      2221.384230226191      
383954.8724241471      18198.66046508329      1750.126414106504      
384003.8910461707      18259.68570162002      1278.76937198863       
384052.5820490904      18320.13514449722      807.337443188444       
384100.9427526477      18379.99931841969      335.8549594186188      
384148.970566167       18439.26876740691      -135.6537564577156     
384196.6629889824      18497.93405436929      -607.1643916741596     
384244.0176101532      18555.9857671209       -1078.652644809597     
384291.0321088478      18613.41451795665      -1550.094227037567     
384337.7042543613      18670.21094644732      -2021.464863376255     
384384.0319061807      18726.36572158967      -2492.740293939889     
384430.0130140296      18781.86954395469      -2963.896275189647     
384475.6456178913      18836.71314783347      -3434.90858118594      
384520.9278480108      18890.88730338082      -3905.75300484107      
384565.857924808       18944.38281939562      -4376.405359171185     
384610.4341591116      18997.19054288979      -4846.841478549206     
384654.6549516887      19049.30136506807      -5317.037219957565     
384698.5187934378      19100.70622088578      -5786.968464239646     
384742.0242652186      19151.39609180899      -6256.611117353226     
384785.1700377309      19201.36200792585      -6725.941111620486     
384827.954871372       19250.59505005058      -7194.934406979883     
384870.3776160756      19299.08635181936      -7663.56699223601      
384912.4372111281      19346.82710177785      -8131.814886308362     
384954.1326849005      19393.80854609827      -8599.654139480204     
384995.4631548958      19440.02198808962      -9067.060834644799     
385036.4278271023      19485.45879409269      -9534.011088551342     
385077.0259960025      19530.11039296841      -10000.48105304892     
385117.2570442258      19573.96827877203      -10466.44691632868     
385157.1204422478      19617.02401277666      -10931.8849041647      
385196.6157480722      19659.26922548292      -11396.77128115253     
385235.7426068925      19700.69561861629      -11861.08235194522     
385274.5007507358      19741.29496711006      -12324.794462488       
385312.8899980867      19781.05912107474      -12787.88400125035     
385350.910253428       19819.98000838934      -13250.32740045447     
385388.5615070943      19858.0496340917       -13712.10113730191     
385425.8438344417      19895.26008612553      -14173.18173519804     
385462.757395667       19931.60353469867      -14633.54576497115     
385499.3024352737      19967.07223481172      -15093.16984609142     
385535.4792815891      20001.65852813173      -15552.03064788389     
385571.2883462624      20035.35484484945      -16010.10489073957     
385606.7301237462      20068.15370551891      -16467.36934732212     
385641.8051907606      20100.04772287852      -16923.80084377161     
385676.5142057405      20131.0296036548       -17379.37626090305     
385710.8579082005      20161.09215023089      -17834.07253540016     
385744.8371184097      20190.22826132137      -18287.8666610099      
385778.4527363979      20218.43093666716      -18740.73568972648     
385811.7057415973      20245.6932762252       -19192.65673297454     
385844.5971921433      20272.00848256979      -19643.60696278559     
385877.1282242223      20297.36986256164      -20093.56361297154     
385909.3000514074      20321.7708289946       -20542.50398029189     
385941.1139639746      20345.20490221915      -20990.40542561648     
385972.5713282076      20367.6657117425       -21437.24537508306     
386003.6735856838      20389.14699780527      -21883.00132124955     
386034.4222525495      20409.64261293366      -22327.65082424015     
386064.8189187133      20429.14652409896      -22771.17151288679     
386094.8652473458      20447.65281169328      -23213.54108586442     
386124.5629737265      20465.1556747989       -23654.73731282019     
386153.913904715       20481.64943011295      -24094.73803549746     
386182.9199178893      20497.12851400565      -24533.52116885292     
386211.5829607348      20511.58748392126      -24971.06470216747     
386239.9050498186      20525.02101975188      -25407.34670015148     
386267.888269953       20537.42392518521      -25842.34530404283     
386295.5347733423      20548.79112902515      -26276.03873269935     
386322.8467787218      20559.11768648489      -26708.40528368315     
386349.8265704807      20568.39878045303      -27139.42333433963     
386376.4764977114      20576.62972336072      -27569.07134286861     
386402.7989735582      20583.80595587569      -27997.32784938908     
386428.7964739326      20589.92305185922      -28424.1714769963      
386454.4715368376      20594.97671700305      -28849.58093281262     
386479.8267613715      20598.96279058388      -29273.53500902964     
386504.864806781       20601.87724655971      -29696.01258394425     
386529.5883915047      20603.71619463755      -30116.99262298676     
386554.0002922055      20604.47588131146      -30536.45417974121     
386578.1033427928      20604.15269087195      -30954.37639695875     
386601.9004334337      20602.74314638547      -31370.73850756211     
386625.3945095553      20600.24391064443      -31785.51983564364     
386648.588570837       20596.65178708766      -32198.69979745476     
386671.4856701927      20591.96372069091      -32610.25790238724     
386694.0889126857      20586.17679945292      -33020.17375394714     
386716.4014547303      20579.28825272347      -33428.42705071988     
386738.4265026905      20571.29545575793      -33834.99758732814     
386760.167312066       20562.19592798431      -34239.86525538084     
386781.6271863706      20551.9873343689       -34643.01004441356     
386802.8094760641      20540.66748612579      -35044.41204282184     
386823.7175774748      20528.23434139582      -35444.05143878458     
386844.3549317151      20514.68600589515      -35841.90852118039     
386864.7250235897      20500.02073353329      -36237.96368049475     
386884.8313804972      20484.23692700059      -36632.1974097183      
386904.6775713237      20467.33313832516      -37024.59030523789     
386924.267205331       20449.30806939917      -37415.12306771721     
386943.6039310381      20430.16057247469      -37803.77650297032     
386962.6914350401      20409.88965125104      -38190.53152282568     
386981.5334411036      20388.49445882044      -38575.36914598191     
387000.133708691       20365.974301806        -38958.27049885428     
387018.4960320459      20342.32863824581      -39339.21681641319     
387036.6242389895      20317.55707855862      -39718.18944301279     
387054.5221897697      20291.65938585648      -40095.16983321216     
387072.1937759044      20264.63547622717      -40470.1395525863      
387089.6429190214      20236.48541898634      -40843.08027852949     
387106.8735696942      20207.20943689935      -41213.97380104871     
387123.8897062732      20176.80790637302      -41582.80202354881     
387140.6953337133      20145.28135761734      -41949.54696360874     
387157.2944823991      20112.63047477718      -42314.1907537489      
387173.6912069666      20078.8560960342       -42676.7156421894      
387189.8895851207      20043.95921367894      -43037.10399359962     
387205.893716452       20007.94097415333      -43395.33828983855     
387221.70772125        19970.80267806368      -43751.40113068689     
387237.3357392614      19932.54578078232      -44105.27523456953     
387252.7819287119      19893.17188992944      -44456.94343926964     
387268.0504647953      19852.68276900754      -44806.38870263365     
387283.1455386925      19811.0803348246       -45153.59410326768     
387298.0713563235      19768.36665797984      -45498.54284122412     
387312.8321371521      19724.54396270269      -45841.21823868129     
387327.4321129888      19679.61462666308      -46181.60374061234     
387341.8755267941      19633.58118075332      -46519.68291544606     
387356.1666314824      19586.44630884219      -46855.4394557194      
387370.3096887239      19538.21284750078      -47188.85717872053     
387384.3089677483      19488.88378570067      -47519.92002712371     
387398.1687441492      19438.46226448442      -47848.61206961476     
387411.893298688       19386.95157660892      -48174.91750150869     
387425.4869160999      19334.35516616137      -48498.82064535798     
387438.953883901       19280.67662814823      -48820.30595155244     
387452.2984911966      19225.91970805767      -49139.35799891065     
387465.525027491       19170.08830139504      -49455.96149526301     
387478.6377814516      19113.18645380635      -49770.10127802528     
387491.6410399178      19055.21835810577      -50081.76231476478     
387504.5390864252      18996.18835741685      -50390.92970375766     
387517.3362002204      18936.10094214832      -50697.58867453749     
387530.0366550345      18874.96075001414      -51001.7245884359      
387542.6447179089      18812.77256541496      -51303.32293911479     
387555.1646480242      18749.54131879412      -51602.36935308983     
387567.6006955329      18685.27208596918      -51898.84959024625     
387579.9571003949      18619.97008743888      -52192.74954434609     
387592.23809122        18553.64068766613      -52484.05524352731     
387604.4478841107      18486.28939433659      -52772.75285079508     
387616.5906815128      18417.92185759418      -53058.82866450443     
387628.6706710691      18348.54386925232      -53342.26911883513     
387640.6920244788      18278.16136198291      -53623.06078425897     
387652.6588963617      18206.7804084818       -53901.19036799844     
387664.5754231287      18134.40722061165      -54176.644714478       
387676.4457218556      18061.04814852247      -54449.41080576685     
387688.2738891665      17986.70967975026      -54719.47576201503     
387700.0640001199      17911.39843829346      -54986.82684188086     
387711.8201071031      17835.12118366777      -55251.45144295075     
387723.5462387329      17757.88480994025      -55513.33710215162     
387735.2463987613      17679.69634474156      -55772.47149615575     
387746.9245649488      17600.56294886712      -56028.84244177831     
387758.5846881552      17520.49191281206      -56282.43789636643     
387770.2306910122      17439.49065937724      -56533.24595818215     
387781.8664670304      17357.56674016368      -56781.25486677664     
387793.4958795017      17274.7278350936       -57026.45300335859     
387805.1227604501      17190.98175130266      -57268.82889115385     
387816.7509095929      17106.33642201249      -57508.37119575913     
387828.3840933089      17020.79990538592      -57745.06872548696     
387840.0260436162      16934.38038336204      -57978.91043170562     
387851.6804571584      16847.08616047407      -58209.88540917001     
387863.3509941993      16758.92566264891      -58437.98289634689     
387875.0412776285      16669.90743598874      -58663.19227573209     
387886.7548919737      16580.04014553558      -58885.50307416214     
387898.495382426       16489.3325740189       -59104.90496311741     
387910.2662538711      16397.79362058542      -59321.38775902026     
387922.0709699347      16305.43229951349      -59534.94142352437     
387933.9129520347      16212.25773891039      -59745.55606379948     
387945.7955784452      16118.27917939389      -59953.22193280794     
387957.7221833708      16023.505972758        -60157.92942957582     
387969.696056032       15927.94758062329      -60359.66909945622     
387981.720439761       15831.61357307167      -60558.43163438719     
387993.7985311084      15734.5136272672       -60754.20787314259     
388005.9334789619      15636.65752606052      -60946.98880157735     
388018.128383676       15538.05515658055      -61136.76555286505     
388030.386296213       15438.71650881153      -61323.52940773063     
388042.7102172963      15338.65167422864      -61507.27179467629     
388055.103096575       15237.87084419234      -61687.98429020049     
388067.5678318017      15136.38430859446      -61865.65861901223     
388080.1072680207      15034.20245436776      -62040.28665423825     
388092.7241967708      14931.33576398931      -62211.86041762462     
388105.4213552647      14827.79481458349      -62380.37207973198     
388118.201425752       14723.59027399387      -62545.81396012509     
388131.0670345557      14618.73290288116      -62708.17852755696     
388144.02075146        14513.23355077123      -62867.45840014603     
388157.065088943       14407.10315511168      -63023.64634554862     
388170.202501456       14300.35273971238      -63176.73528112483     
388183.4353847154      14192.99341317639      -63326.71827409974     
388196.7660750098      14085.03636731926      -63473.58854171743     
388210.1968485195      13976.49287557924      -63617.33945139103     
388223.72992065        13867.37429141606      -63757.96452084612     
388237.3674453807      13757.69204670138      -63895.45741825904     
388251.1115146256      13647.45765009872      -64029.81196238942     
388264.9641576101      13536.68268543464      -64161.02212270758     
388278.9273402616      13425.37881006092      -64289.08201951673     
388293.002964613       13313.55775320774      -64413.98592406869     
388307.1928682241      13201.23131432897      -64535.72825867613     
388321.4988236137      13088.41136143836      -64654.30359681738     
388335.9225377103      12975.10982943865      -64769.70666323816     
388350.4656513144      12861.33871844247      -64881.9323340462      
388365.1297385785      12747.11009208552      -64990.97563680216     
388379.9163064999      12632.43607583352      -65096.83175060475     
388394.8267944308      12517.32885528088      -65199.49600617017     
388409.8625736024      12401.80067444369      -65298.96388590828     
388425.0249466643      12285.86383404546      -65395.23102399171     
388440.3151472401      12169.53068979714      -65488.29320642137     
388455.7343394984      12052.81365067063      -65578.14637108646     
388471.2836177392      11935.72517716701      -65664.78660781959     
388486.964005996       11818.27777957873      -65748.21015844733     
388502.7764576542      11700.48401624683      -65828.41341683532     
388518.7218550845      11582.35649181262      -65905.39292892926     
388534.8010092932      11463.90785546518      -65979.14539279073     
388551.0146595881      11345.15079918366      -66049.66765862807     
388567.3634732605      11226.09805597513      -66116.95672882306     
388583.8480452831      11106.76239810881      -66181.00975795268     
388600.4688980244      10987.15663534593      -66241.82405280571     
388617.2264809799      10867.29361316562      -66299.39707239554     
388634.1211705183      10747.18621098781      -66353.72642796789     
388651.1532696452      10626.8473403926       -66404.80988300384     
388668.3230077828      10506.28994333667      -66452.64535321901     
388685.6305405658      10385.5269903663       -66497.2309065568      
388703.0759496546      10264.57147882877      -66538.56476317889     
388720.6592425644      10143.43643108019      -66576.64529545013     
388738.38035251        10022.13489269218      -66611.47102791881     
388756.2391382698      9900.679930655591      -66643.04063729354     
388774.2353840634      9779.084631583421      -66671.3529524148      
388792.3687994482      9657.362099911275      -66696.40695422237     
388810.639019231       9535.52545609654       -66718.20177571857     
388829.0456033974      9413.587834817605      -66736.73670192697     
388847.5880370574      9291.562383170676      -66752.01116984688     
388866.2657304077      9169.46225886629       -66764.02476840345     
388885.0780187113      9047.300628425714      -66772.77723839336     
388904.0241622922      8925.090665376832      -66778.26847242686     
388923.1033465497      8802.845548449593      -66780.49851486462     
388942.3146819856      8680.578459772121      -66779.46756175099     
388961.6572042522      8558.302583066165      -66775.17596074323     
388981.1298742139      8436.03110184455       -66767.62421103576     
389000.7315780269      8313.777197607546      -66756.81296328091     
389020.461127235       8191.554048041842      -66742.74301950511     
389040.3172588829      8069.37482521926       -66725.41533302155     
389060.2986356452      7947.252693797578      -66704.83100833766     
389080.4038459725      7825.200809222602      -66680.99130105955     
389100.6314042542      7703.23231593192       -66653.89761779131     
389120.979750998       7581.360345560555      -66623.55151603137     
389141.4472530246      7459.598015148622      -66589.95470406373     
389162.0322036806      7337.958425351746      -66553.10904084556     
389182.7328230674      7216.454658653471      -66513.016535891       
389203.547258286       7095.099777580479      -66469.67934915022     
389224.4735836979      6973.906822920806      -66423.09979088508     
389245.509801204       6852.88881194526       -66373.28032154044     
389266.6538405377      6732.058736631509      -66320.2235516114      
389287.9035595755      6611.429561892852      -66263.93224150676     
389309.2567446633      6491.014223809252      -66204.4093014083      
389330.7111109592      6370.8256278634        -66141.65779112569     
389352.2643027912      6250.876647180252      -66075.68091994835     
389373.9138940328      6131.18012077079       -66006.48204649249     
389395.6573884921      6011.748851780809      -65934.0646785439      
389417.4922203192      5892.595605743976      -65858.43247289819     
389439.415754427       5773.733108839486      -65779.58923519513     
389461.4252869296      5655.174046155546      -65697.53891975057     
389483.5180455954      5536.931059957366      -65612.28562938349     
389505.6911903147      5419.016747961228      -65523.83361523933     
389527.9418135854      5301.443661613746      -65432.1872766095      
389550.2669410108      5184.22430437716       -65337.35116074646     
389572.6635318154      5067.37113002086       -65239.32996267527     
389595.128479374       4950.896540918926      -65138.12852500095     
389617.6586117632      4834.812885754553      -65033.75183771188     
389640.250692294       4719.132460230227      -64926.20503797898     
389662.9014201275      4603.86750178603       -64815.49340995136     
389685.6074308365      4489.030190324047      -64701.62238454758     
389708.3652970165      4374.632645940437      -64584.597539243       
389731.1715289033      4260.686927264869      -64464.42459785323     
389754.0225750064      4147.205029807781      -64341.10943031338     
389776.9148227557      4034.198884315374      -64214.6580524533      
389799.8445991629      3921.680355132885      -64085.07662576906     
389822.8081714961      3809.661238576009      -63952.37145719003     
389845.8017479698      3698.15326131069       -63816.54899884207     
389868.8214784463      3587.168078742172      -63677.61584780656     
389891.8634551537      3476.717273412236      -63535.57874587565     
389914.9237134148      3366.812353406211      -63390.44457930294     
389937.9982323908      3257.464750769053      -63242.22037855052     
389961.0829358382      3148.68581993087       -63090.91331803154     
389984.1736928778      3040.486836142474      -62936.53071584894     
390007.2663187783      2932.878993920625      -62779.08003352986     
390030.3565757507      2825.873405503902      -62618.5688757559      
390053.4401737573      2719.48109931856       -62455.00499008926     
390076.5127713316      2613.713018455252      -62288.39626669482     
390099.5699764126      2508.580019156376      -62118.75073805764     
390122.6073471883      2404.092869314787      -61946.07657869669     
390145.6203929544      2300.262246983686      -61770.38210487396     
390168.604574983       2197.098738897774      -61591.67577429955     
390191.5553074037      2094.61283900644       -61409.96618583227     
390214.4679580961      1992.814947018727      -61225.26207917627     
390237.3378495936      1891.715366960561      -61037.57233457288     
390260.1602599993      1791.324305744281      -60846.90597248849     
390282.9304239118      1691.651871750815      -60653.27215329792     
390305.6435333603      1592.708072821653      -60456.68017696324     
390328.2947387616      1494.502817278888      -60257.13948270843     
390350.879149866       1397.045908928965      -60054.65964868947     
390373.3918367345      1300.34704810923       -59849.2503916599      
390395.827830716       1204.415829733567      -59640.92156663199     
390418.1821254372      1109.261741955321      -59429.68316653321     
390440.4496778009      1014.894164843819      -59215.54532185845     
390462.6254089959      921.3223690759914      -58998.51830031725     
390484.7042055153      828.5555146163751      -58778.61250647671     
390506.6809201835      736.6026495239785      -58555.8384813997      
390528.5503731946      645.4727085898194      -58330.20690227829     
390550.307353157       555.1745121229542      -58101.72858206254     
390571.9466181491      465.7167647222886      -57870.41446908457     
390593.4628967821      377.1080540588155      -57636.27564667768     
390614.8508892718      289.3568496742664      -57399.323332791       
390636.1052685188      202.4715017960661      -57159.56887959889     
390657.2206811965      116.4602401687262      -56917.02377310585     
390678.1917488463      31.33117290223527      -56671.69963274603     
390699.0130689815      -52.90771466257866     -56423.60821097834     
390719.6792161984      -136.2485610713011     -56172.76139287622     
390740.1847432937      -218.6836298558883     -55919.17119571236     
390760.5241823816      -300.2053112227659     -55662.84976853857     
390780.6920460594      -380.8061206920793     -55403.8093917603      
390800.6828284957      -460.4787037807        -55142.06247670626     
390803.7886877809      -472.8378696655855     -55100.93869579526     
