367726.8540854719      157581.852563865       -23012.65985090061     57727                  
367706.8702813411      157630.4666456018      -23008.83789231043     57727.00069444445      
367681.3496792438      157692.5222272434      -23003.95811761648     57727.00158095954      
367652.9531534084      157761.5343621278      -22998.52990409776     57727.00256693504      
367621.1875343838      157838.6889068946      -22992.45948785174     57727.00366934125      
367585.6414574232      157924.9688104922      -22985.66890696462     57727.00490225861      
367545.8459772463      158021.492010143       -22978.06939116064     57727.00628170704      
367501.2683999191      158129.525021016       -22969.56023893219     57727.00782584328      
367451.3086419778      158250.490046529       -22960.02819132089     57727.0095550663       
367395.2860055063      158385.9948547706      -22949.34499475337     57727.01149244919      
367332.4304677434      158537.8511054035      -22937.36585007263     57727.01366400735      
367261.9283654364      158707.9608033677      -22923.93824664236     57727.01609708191      
367182.9939879144      158898.1407101068      -22908.91571209321     57727.01881783475      
367094.6033438293      159110.7599654904      -22892.10729734693     57727.02186037917      
366995.5934060678      159348.4936721875      -22873.29675782095     57727.02526327121      
366884.6492612076      159614.3458551735      -22852.24042926668     57727.0290698563       
366760.2836634303      159911.6886269083      -22828.66374229941     57727.03332885278      
366620.8178467588      160244.2957619514      -22802.25807937808     57727.03809486121      
366464.3444199261      160616.4157428375      -22772.67437061699     57727.04342944722      
366288.6980988702      161032.8217401655      -22739.5183496619      57727.04940190409      
366091.4273521971      161498.854330896       -22702.34618732026     57727.05608992357      
365869.7277826644      162020.5480076177      -22660.65318128081     57727.06358148542      
365620.4138166159      162604.6584792804      -22613.87001561181     57727.07197534459      
365339.8549568949      163258.7632838629      -22561.35276293293     57727.08138259644      
365023.8724795848      163991.4404472569      -22502.36605479967     57727.09192940063      
364667.7017398277      164812.2768610411      -22436.07923365594     57727.10375730064      
364265.8456042309      165732.1076363788      -22361.54304998466     57727.11702692483      
363811.9922766194      166763.0781435765      -22277.67951518705     57727.13191920994      
363298.8249630362      167918.9180532048      -22183.25313656656     57727.14863978062      
362717.8702572437      169215.0798174576      -22076.8512410652      57727.16742150424      
362059.3527000154      170668.8099704844      -21956.86760614712     57727.18852622986      
361311.8013348847      172299.6970891587      -21821.44379454397     57727.21225366163      
360461.8143582458      174129.7682555309      -21668.44348006225     57727.23894399001      
359493.751826474       176183.6324112962      -21495.41825899227     57727.26898156325      
358473.7485548887      178313.9002059358      -21314.47570284083     57727.30023156325      
357440.6628143554      180437.4645208823      -21132.5893132577      57727.33148156325      
356394.5337180904      182554.2475032826      -20949.76726301551     57727.36273156325      
355335.4007560363      184664.1715337828      -20766.01775914531     57727.39398156325      
354263.3037920573      186767.1592305777      -20581.34904241063     57727.42523156325      
353178.283063321       188863.1334490054      -20395.76938716495     57727.45648156325      
352080.3791797438      190952.0172811575      -20209.2871012137      57727.48773156325      
350969.6331208986      193033.7340603472      -20021.91052524322     57727.51898156325      
349846.0862367506      195108.2073582624      -19833.64803290144     57727.55023156325      
348709.780244557       197175.3609893956      -19644.50803022727     57727.58148156325      
347560.757228338       199235.119010603       -19454.49895551528     57727.61273156325      
346399.0596384156      201287.4057206837      -19263.6292791856      57727.64398156325      
345224.7302885365      203332.1456642563      -19071.90750325506     57727.67523156325      
344037.8123554033      205369.2636313011      -18879.34216120685     57727.70648156325      
342838.3493782657      207398.6846567226      -18685.9418178651      57727.73773156325      
341626.3852560234      209420.3340241635      -18491.71506886527     57727.76898156325      
340401.964246814       211434.1372655313      -18296.67054052843     57727.80023156325      
339165.1309676623      213440.0201605481      -18100.81688974048     57727.83148156325      
337915.9303915625      215437.9087405018      -17904.16280342227     57727.86273156325      
336654.4078471249      217427.72928776        -17706.71699840818     57727.89398156325      
335380.6090182842      219409.4083353092      -17508.48822133031     57727.92523156325      
334094.5799410624      221382.8726709042      -17309.48524804143     57727.95648156325      
332796.3670047793      223348.0493342784      -17109.71688373116     57727.98773156325      
331486.0169488127      225304.8656212605      -16909.19196234956     57728.01898156325      
330163.576862345       227253.2490832725      -16707.91934649431     57728.05023156325      
328829.094184172       229193.1275268557      -16505.90792730167     57728.08148156325      
327482.6166997408      231124.4290172637      -16303.16662391611     57728.11273156325      
326124.1925409575      233047.0818779554      -16099.70438338196     57728.14398156325      
324753.8701860584      234961.0146901168      -15895.5301805391      57728.17523156325      
323371.6984566335      236866.1562961971      -15690.65301749251     57728.20648156325      
321977.7265174973      238762.4357993984      -15485.08192350858     57728.23773156325      
320572.0038766222      240649.7825631978      -15278.82595491511     57728.26898156325      
319154.5803821498      242528.1262148261      -15071.89419457144     57728.30023156325      
317725.5062223264      244397.3966447593      -14864.29575176891     57728.33148156325      
316284.8319254974      246257.5240062417      -14656.03976213554     57728.36273156325      
314832.6083571111      248108.4387187106      -14447.13538710622     57728.39398156325      
313368.8867197154      249950.0714672912      -14237.59181382785     57728.42523156325      
311893.7185530186      251782.3532023243      -14027.41825506835     57728.45648156325      
310407.1557305352      253605.2151431624      -13816.62394863783     57728.48773156325      
308909.2504613857      255418.5887755541      -13605.21815754408     57728.51898156325      
307400.0552869466      257222.4058554118      -13393.21016941439     57728.55023156325      
305879.623080956       259016.598408319       -13180.60929640823     57728.58148156325      
304348.0070496802      260801.0987290722      -12967.42487513324     57728.61273156325      
302805.2607288975      262575.8393849715      -12753.66626611617     57728.64398156325      
301251.4379840695      264340.7532153377      -12539.34285371981     57728.67523156325      
299686.5930105725      266095.773331068       -12324.46404606332     57728.70648156325      
298110.7803306763      267840.8331178792      -12109.03927449331     57728.73773156325      
296524.0547937806      269575.8662358385      -11893.07799350521     57728.76898156325      
294926.4715767126      271300.8066189366      -11676.58968066724     57728.80023156325      
293318.0861807014      273015.5884782844      -11459.58383609231     57728.83148156325      
291698.9544316809      274720.1463016624      -11242.0699823632      57728.86273156325      
290069.1324806521      276414.4148531132      -11024.05766446024     57728.89398156325      
288428.6768006559      278098.3291760943      -10805.55644923405     57728.92523156325      
286777.6441871409      279771.8245930495      -10586.57592533428     57728.95648156325      
285116.091758392       281434.8367050234      -10367.12570314098     57728.98773156325      
283444.0769525004      283087.3013947732      -10147.21541423809     57729.01898156325      
281761.6575277994      284729.154826365       -9926.854711345452     57729.05023156325      
280068.8915633558      286360.3334448138      -9706.053268254149     57729.08148156325      
278365.8374559412      287980.773979157       -9484.820779299913     57729.11273156325      
276652.5539205323      289590.4134420775      -9263.166959299266     57729.14398156325      
274929.0999908681      291189.1891295749      -9041.101543487523     57729.17523156325      
273195.5350164211      292777.0386240008      -8818.634286993321     57729.20648156325      
271451.9186629624      294353.8997937132      -8595.774964777287     57729.23773156325      
269698.3109131844      295919.7107927818      -8372.533371573962     57729.26898156325      
267934.7720632606      297474.4100643486      -8148.919321313813     57729.30023156325      
266161.3627255351      299017.9363385144      -7924.942647326345     57729.33148156325      
264378.1438250901      300550.2286356867      -7700.613201762977     57729.36273156325      
262585.17660042        302071.226266294       -7475.940855540957     57729.39398156325      
260782.5226041592      303580.8688305529      -7250.935498289467     57729.42523156325      
258970.2437000572      305079.0962214172      -7025.607037825188     57729.45648156325      
257148.4020637155      306565.8486243336      -6799.965400098496     57729.48773156325      
255317.0601833788      308041.0665170496      -6574.020529142168     57729.51898156325      
253476.2808569125      309504.6906725363      -6347.782386547036     57729.55023156325      
251626.1271926025      310956.6621587867      -6121.260951410917     57729.58148156325      
249766.6626100077      312396.9223386713      -5894.46622028915      57729.61273156325      
247897.9508369407      313825.4128728341      -5667.408206670577     57729.64398156325      
246020.055910329       315242.075719539       -5440.096940928623     57729.67523156325      
244133.0421771293      316646.8531345761      -5212.542470273595     57729.70648156325      
242236.9742913096      318039.6876741325      -4984.754858228829     57729.73773156325      
240331.9172147723      319420.5221946927      -4756.744184583613     57729.76898156325      
238417.9362183269      320789.2998529956      -4528.520545346803     57729.80023156325      
236495.0968786763      322145.9641088879      -4300.09405222342      57729.83148156325      
234563.4650793978      323490.4587252761      -4071.474832568539     57729.86273156325      
232623.1070119754      324822.7277681437      -3842.673029342476     57729.89398156325      
230674.0891727877      326142.7156093846      -3613.698800587164     57729.92523156325      
228716.4783641475      327450.3669268144      -3384.562319381076     57729.95648156325      
226750.3416953902      328745.6267042494      -3155.27377379555      57729.98773156325      
224775.7465798646      330028.4402343223      -2925.843366370611     57730.01898156325      
222792.7607360283      331298.7531185588      -2696.281314070842     57730.05023156325      
220801.4521885918      332556.5112675187      -2466.597848242333     57730.08148156325      
218801.8892655104      333801.6609036005      -2236.803214087696     57730.11273156325      
216794.1405991344      335034.1485611828      -2006.907670622925     57730.14398156325      
214778.275127407       336253.921086835       -1776.921490633877     57730.17523156325      
212754.3620908561      337460.92564211        -1546.854960151301     57730.20648156325      
210722.4710337984      338655.1097037576      -1316.718378407257     57730.23773156325      
208682.6718055878      339836.421064005       -1086.522057791573     57730.26898156325      
206635.034557608       341004.8078333439      -856.2763233261503     57730.30023156325      
204579.6297445269      342160.2184408159      -625.9915126207761     57730.33148156325      
202516.5281255935      343302.6016343697      -395.6779758292232     57730.36273156325      
200445.800761631       344431.9064836425      -165.346075122332      57730.39398156325      
198367.5190163385      345548.0823803236      64.99381535670727      57730.42523156325      
196281.7545576351      346651.0790385903      295.3313095376652      57730.45648156325      
194188.5793546511      347740.846497887       525.6560099509115      57730.48773156325      
192088.0656790755      348817.3351233701      755.9575077741029      57730.51898156325      
189980.2861065443      349880.4956064269      986.2253828778812      57730.55023156325      
187865.3135136287      350930.278967455       1216.449204356297      57730.58148156325      
185743.2210792253      351966.6365563922      1446.618530573785      57730.61273156325      
183614.0822859867      352989.520053321       1676.72290921407       57730.64398156325      
181477.9709173039      353998.8814712529      1906.75187781129       57730.67523156325      
179334.9610587388      354994.6731567446      2136.694963799797      57730.70648156325      
177185.1270994908      355976.8477905944      2366.541684564963      57730.73773156325      
175028.5437293756      356945.358390631       2596.281547976643      57730.76898156325      
172865.2859402925      357900.1583124227      2825.904052441463      57730.80023156325      
170695.4290277286      358841.2012500668      3055.398686956381      57730.83148156325      
168519.0485877281      359768.441238987       3284.754931644678      57730.86273156325      
166336.2205183947      360681.8326567392      3513.962257811021      57730.89398156325      
164147.0210214271      361581.3302238957      3743.010127998714      57730.92523156325      
161951.5265990785      362466.8890068564      3971.88799652805       57730.95648156325      
159749.81405569        363338.4644187518      4200.585309555099      57730.98773156325      
157541.9604992545      364196.0122204292      4429.091505132827      57731.01898156325      
155328.0433383638      365039.4885232764      4657.39601375215       57731.05023156325      
153108.1402837693      365868.8497902277      4885.488258405276      57731.08148156325      
150882.3293499702      366684.0528368549      5113.357654650674      57731.11273156325      
148650.6888521471      367485.0548342062      5340.993611157901      57731.14398156325      
146413.2974077447      368271.813309919       5568.385529775158      57731.17523156325      
144170.2339380815      369044.2861494176      5795.522805599561      57731.20648156325      
141921.5776652662      369802.4315987714      6022.394827525321      57731.23773156325      
139667.4081137997      370546.2082659167      6248.990978316673      57731.26898156325      
137407.8051122009      371275.5751219651      6475.300634683364      57731.30023156325      
135142.8487899041      371990.4915040838      6701.313167833177      57731.33148156325      
132872.6195788749      372690.9171168283      6927.017943550141      57731.36273156325      
130597.1982152486      373376.8120335663      7152.404322276823      57731.39398156325      
128316.6657362056      374048.1366993801      7377.461659670225      57731.42523156325      
126031.1034815967      374704.8519325171      7602.179306687256      57731.45648156325      
123740.593095589       375346.9189259278      7826.546609672841      57731.48773156325      
121445.2165235161      375974.2992501972      8050.552910921295      57731.51898156325      
119145.0560140445      376586.9548549709      8274.187548716218      57731.55023156325      
116840.1941181426      377184.8480713189      8497.439857686113      57731.58148156325      
114530.7136912613      377767.941613285       8720.299168850499      57731.61273156325      
112216.6978901447      378336.1985808554      8942.754810188191      57731.64398156325      
109898.2301744595      378889.582461688       9164.796106738839      57731.67523156325      
107575.3943084409      379428.0571329372      9386.41238070988       57731.70648156325      
105248.2743576673      379951.5868642525      9607.592952049738      57731.73773156325      
102916.9546906853      380460.1363196353      9828.327138558569      57731.76898156325      
100581.5199806438      380953.6705593886      10048.60425600334      57731.80023156325      
98242.05520203318      381432.155043149       10268.41361869728      57731.83148156325      
95898.64563229647      381895.5556318719      10487.74453961966      57731.86273156325      
93551.37685344924      382343.8385899091      10706.58633053987      57731.89398156325      
91200.33474877691      382776.9705880777      10924.92830260394      57731.92523156325      
88845.60550442751      383194.9187057738      11142.75976646354      57731.95648156325      
86487.2756110114       383597.6504331827      11360.07003241023      57731.98773156325      
84125.43186025159      383985.1336743846      11576.84841096868      57732.01898156325      
81760.16134655317      384357.3367496001      11793.08421303618      57732.05023156325      
79391.55146857593      384714.2283975352      12008.7667500275       57732.08148156325      
77019.68992583358      385055.7777785241      12223.88533447544      57732.11273156325      
74644.66472023363      385381.9544769107      12438.42928018127      57732.14398156325      
72266.56415761595      385692.7285035292      12652.38790237082      57732.17523156325      
69885.47684429717      385988.0702988863      12865.75051830307      57732.20648156325      
67501.49168912848      386267.9507356158      13078.50644738271      57732.23773156325      
65114.69790221812      386532.3411214138      13290.64501157522      57732.26898156325      
62725.1849969686       386781.2132016294      13502.15553552951      57732.30023156325      
60333.04278653937      387014.5391625004      13713.02734719755      57732.33148156325      
57938.36138529005      387232.2916338586      13923.24977801288      57732.36273156325      
55541.23121021465      387434.4436919323      14132.81216307548      57732.39398156325      
53141.74297733797      387620.9688626264      14341.70384178076      57732.42523156325      
50739.98770310434      387791.8411243667      14549.91415801116      57732.45648156325      
48336.05670575742      387947.0349110439      14757.43246033444      57732.48773156325      
45930.04160166077      388086.5251153369      14964.24810264235      57732.51898156325      
43522.03430662833      388210.2870916972      15170.35044435569      57732.55023156325      
41112.12703724423      388318.2966594404      15375.72885063714      57732.58148156325      
38700.41230710143      388410.5301061089      15580.37269303936      57732.61273156325      
36286.98292806336      388486.9641905995      15784.27134972544      57732.64398156325      
33871.9320115086       388547.5761463933      15987.41420569588      57732.67523156325      
31455.35296448864      388592.3436849671      16189.79065344768      57732.70648156325      
29037.33949147867      388621.2449990587      16391.39009316251      57732.73773156325      
26617.98559272604      388634.2587660647      16592.20193318411      57732.76898156325      
24197.38556594931      388631.3641514468      16792.21559021926      57732.80023156325      
21775.63400237386      388612.5408122002      16991.42049001118      57732.83148156325      
19352.82578780519      388577.7689003156      17189.80606759596      57732.86273156325      
16929.05610367515      388527.0290663442      17387.36176756751      57732.89398156325      
14504.42042297821      388460.3024629098      17584.07704476242      57732.92523156325      
12079.01451124984      388377.5707483136      17779.94136453322      57732.95648156325      
9652.934427514258      388278.8160902435      17974.94420303057      57732.98773156325      
7226.276520114632      388164.0211693274      18169.07504789969      57733.01898156325      
4799.137427587404      388033.1691828822      18362.32339857152      57733.05023156325      
2371.614079503684      387886.2438487636      18554.67876656256      57733.08148156325      
-56.19630781435262     387723.229408964       18746.13067618372      57733.11273156325      
-2484.196229965739     387544.1106335438      18936.66866480552      57733.14398156325      
-4912.28789657147      387348.872824407       19126.28228339713      57733.17523156325      
-7340.37323002662      387137.5018193739      19314.96109680629      57733.20648156325      
-9768.353869945007     386909.9839958289      19502.69468448593      57733.23773156325      
-12196.13117256031     386666.3062747979      19689.47264082794      57733.26898156325      
-14623.60621016933     386406.4561251272      19875.28457550728      57733.30023156325      
-17050.67977570905     386130.4215671705      20060.12011422201      57733.33148156325      
-19477.25238228918     385838.1911770033      20243.96889904675      57733.36273156325      
-21903.22426277441     385529.7540907398      20426.82058879669      57733.39398156325      
-24328.49537449783     385205.1000082546      20608.66485978125      57733.42523156325      
-26752.96539837281     384864.2191976142      20789.49140613621      57733.45648156325      
-29176.53374144362     384507.1024991228      20969.28994041779      57733.48773156325      
-31599.09953610087     384133.7413298893      21148.0501939509       57733.51898156325      
-34020.56164498959     383744.12768759        21325.76191760268      57733.55023156325      
-36440.81866089148     383338.2541549961      21502.41488218393      57733.58148156325      
-38859.76890666502     382916.1139046013      21677.99887886154      57733.61273156325      
-41277.31044030914     382477.7007024134      21852.50371994653      57733.64398156325      
-43693.3410550113      382023.008912609       22025.91923931727      57733.67523156325      
-46107.75827925635     381552.033502289       22198.23529285363      57733.70648156325      
-48520.45938205526     381064.7700452931      22369.44175924         57733.73773156325      
-50931.34137260624     380561.2147271001      22539.52854037138      57733.76898156325      
-53340.30100338946     380041.3643491078      22708.48556200687      57733.80023156325      
-55747.23476995578     379505.2163336608      22876.30277419384      57733.83148156325      
-58152.03891638647     378952.7687278879      23042.97015209144      57733.86273156325      
-60554.60943576421     378384.0202086418      23208.47769644608      57733.89398156325      
-62954.84207071796     377798.9700875334      23372.81543407857      57733.92523156325      
-65352.63231906408     377197.6183147826      23535.97341872349      57733.95648156325      
-67747.87543447723     376579.9654842705      23697.9417315277       57733.98773156325      
-70140.46642723751     375946.0128386842      23858.71048156086      57734.01898156325      
-72530.3000700628      375295.7622733749      24018.2698066708       57734.05023156325      
-74917.27089843292     374629.2163416726      24176.60987396899      57734.08148156325      
-77301.27321432706     373946.3782593515      24333.72088054814      57734.11273156325      
-79682.2010867007      373247.2519100575      24489.59305398675      57734.14398156325      
-82059.9483575855      372531.8418491647      24644.21665322655      57734.17523156325      
-84434.40864326153     371800.1533090663      24797.58196912589      57734.20648156325      
-86805.47533551906     371052.1922045518      24949.67932502645      57734.23773156325      
-89173.04160796727     370287.9651366546      25100.49907764669      57734.26898156325      
-91537.00041688955     369507.4793982152      25250.03161762514      57734.30023156325      
-93897.24450549169     368710.742978429       25398.2673702847       57734.33148156325      
-96253.66640492853     367897.7645685118      25545.19679619564      57734.36273156325      
-98606.15844090408     367068.5535655203      25690.81039209125      57734.39398156325      
-100954.612735403      366223.1200778409      25835.09869147862      57734.42523156325      
-103298.9212085202     365361.4749307568      25978.05226526209      57734.45648156325      
-105638.9755852884     364483.6296702419      26119.66172267521      57734.48773156325      
-107974.667397666      363589.5965685167      26259.91771191612      57734.51898156325      
-110305.8879866254     362679.3886296845      26398.81092079561      57734.55023156325      
-112632.5285092174     361753.0195934842      26536.3320776859       57734.58148156325      
-114954.4799402834     360810.5039411288      26672.4719521487       57734.61273156325      
-117271.633077514      359851.8568998907      26807.2213557662       57734.64398156325      
-119583.8785433558     358877.0944490179      26940.57114279032      57734.67523156325      
-121891.106792402      357886.2333234213      27072.51221111167      57734.70648156325      
-124193.2081140122     356879.2910193535      27203.03550295338      57734.73773156325      
-126490.0726350449     355856.2858001588      27332.13200557706      57734.76898156325      
-128781.5903274999     354817.2366998938      27459.79275226788      57734.80023156325      
-131067.6510108936     353762.1635292888      27586.00882302367      57734.83148156325      
-133348.1443579404     352691.0868802902      27710.77134543125      57734.86273156325      
-135622.9598971384     351604.0281320788      27834.07149537564      57734.89398156325      
-137891.98702076       350501.0094545901      27955.90049804587      57734.92523156325      
-140155.1149881543     349382.0538142525      28076.24962868499      57734.95648156325      
-142412.2329291706     348247.1849797837      28195.11021335372      57734.98773156325      
-144663.2298524168     347096.4275256167      28312.47362995106      57735.01898156325      
-146907.9946483461     345929.8068379152      28428.33130896151      57735.05023156325      
-149146.4160955997     344747.3491190001      28542.67473437673      57735.08148156325      
-151378.3828643203     343549.0813934044      28655.49544446224      57735.11273156325      
-153603.7835247756     342335.0315111532      28766.78503279785      57735.14398156325      
-155822.5065513869     341105.2281534858      28876.53514908261      57735.17523156325      
-158034.4403268882     339859.7008386267      28984.73749995342      57735.20648156325      
-160239.47315123       338598.4799249392      29091.3838500385       57735.23773156325      
-162437.4932454208     337321.5966169159      29196.46602276106      57735.26898156325      
-164628.3887585663     336029.0829694158      29299.97590130208      57735.30023156325      
-166812.0477719498     334720.9718936675      29401.90542942336      57735.33148156325      
-168988.3583083167     333397.297160233       29502.24661253754      57735.36273156325      
-171157.2083366665     332058.0934046299      29600.99151856572      57735.39398156325      
-173318.4857771832     330703.3961329891      29698.13227880794      57735.42523156325      
-175472.0785108095     329333.2417248535      29793.66108902435      57735.45648156325      
-177617.874383877      327947.6674390556      29887.57021029246      57735.48773156325      
-179755.761215869      326546.7114176748      29979.85197000664      57735.51898156325      
-181885.6268042999     325130.4126919006      30070.49876275304      57735.55023156325      
-184007.3589346796     323698.8111845881      30159.50305140503      57735.58148156325      
-186120.845385607      322251.9477160271      30246.85736800826      57735.61273156325      
-188225.9739369543     320789.864007697       30332.5543147984       57735.64398156325      
-190322.6323752138     319312.602688004       30416.5865651045       57735.67523156325      
-192410.7085038552     317820.2072945622      30498.94686445453      57735.70648156325      
-194490.0901493717     316312.7222794658      30579.62803150604      57735.73773156325      
-196560.6651674733     314790.1930145735      30658.62295898759      57735.76898156325      
-198622.3214537381     313252.6657935581      30735.92461481242      57735.80023156325      
-200674.946949531      311700.1878374041      30811.52604300794      57735.83148156325      
-202718.4296509312     310132.8072977277      30885.42036476116      57735.86273156325      
-204752.6576149092     308550.5732622097      30957.60077936355      57735.89398156325      
-206777.5189703704     306953.535756312       31028.06056533194      57735.92523156325      
-208792.9019245484     305341.7457485697      31096.79308135959      57735.95648156325      
-210798.6947723572     303715.2551536124      31163.79176737415      57735.98773156325      
-212794.7859030443     302074.1168373749      31229.05014550265      57736.01898156325      
-214781.0638116217     300418.3846184407      31292.56182119671      57736.05023156325      
-216757.4171061933     298748.1132727019      31354.32048421736      57736.08148156325      
-218723.7345154318     297063.3585379985      31414.31990963002      57736.11273156325      
-220679.9049002965     295364.1771151604      31472.55395893029      57736.14398156325      
-222625.817261255      293650.6266728496      31529.01658102722      57736.17523156325      
-224561.3607483662     291922.7658499712      31583.70181331344      57736.20648156325      
-226486.4246687613     290180.6542603979      31636.60378266053      57736.23773156325      
-228400.8984987328     288424.3524935764      31687.7167065418       57736.26898156325      
-230304.6718914246     286653.9221190576      31737.0348940298       57736.30023156325      
-232197.63468732       284869.425688506       31784.55274686894      57736.33148156325      
-234079.6769221859     283070.9267400927      31830.26476048258      57736.36273156325      
-235950.6888395234     281258.4897986266      31874.16552509033      57736.39398156325      
-237810.5608991456     279432.1803793067      31916.24972672439      57736.42523156325      
-239659.1837859015     277592.0649914248      31956.51214825363      57736.45648156325      
-241496.4484223891     275738.2111381167      31994.94767049412      57736.48773156325      
-243322.2459774393     273870.6873202575      32031.55127322119      57736.51898156325      
-245136.4678772909     271989.5630376688      32066.31803623863      57736.55023156325      
-246939.005814284      270094.9087927939      32099.24314039138      57736.58148156325      
-248729.751759928      268186.796089947       32130.32186866658      57736.61273156325      
-250508.597973813      266265.2974387777      32159.54960720806      57736.64398156325      
-252275.4370151425     264330.4863549698      32186.92184637541      57736.67523156325      
-254030.1617518809     262382.4373635083      32212.43418176216      57736.70648156325      
-255772.665374105      260421.2259973068      32236.08231527443      57736.73773156325      
-257502.8414033281     258446.928800206       32257.86205614296      57736.76898156325      
-259220.5837043736     256459.6233271256      32277.76932196901      57736.80023156325      
-260925.7864949261     254459.3881468442      32295.80013973822      57736.83148156325      
-262618.3443591657     252446.3028400118      32311.95064687618      57736.86273156325      
-264298.1522578722     250420.4480011697      32326.2170922566       57736.89398156325      
-265965.1055386649     248381.9052406797      32338.59583721356      57736.92523156325      
-267619.0999498279     246330.7571822483      32349.08335657655      57736.95648156325      
-269260.0316503009     244267.0874650144      32357.67623966672      57736.98773156325      
-270887.797222082      242190.980742648       32364.37119130731      57737.01898156325      
-272502.2936804222     240102.5226851837      32369.16503281705      57737.05023156325      
-274103.4184878783     238001.7999758642      32372.05470301287      57737.08148156325      
-275691.0695646432     235888.9003126531      32373.03725919071      57737.11273156325      
-277265.1453012063     233763.9124066793      32372.10987810694      57737.14398156325      
-278825.5445688728     231626.9259834782      32369.26985695348      57737.17523156325      
-280372.166734006      229478.0317791164      32364.51461432237      57737.20648156325      
-281904.9116686624     227317.3215410939      32357.84169116443      57737.23773156325      
-283423.6797634742     225144.8880261002      32349.2487517376       57737.26898156325      
-284928.371938454      222960.8250006235      32338.73358455692      57737.30023156325      
-286418.8896573875     220765.2272363272      32326.29410331546      57737.33148156325      
-287895.1349387345     218558.1905103041      32311.9283478154       57737.36273156325      
-289357.0103686904     216339.8116021106      32295.63448487678      57737.39398156325      
-290804.4191122385     214110.1882937127      32277.41080925673      57737.42523156325      
-292237.2649276456     211869.4193640804      32257.25574452088      57737.45648156325      
-293655.4521775879     209617.6045887631      32235.16784394099      57737.48773156325      
-295058.8858423456     207354.8447361725      32211.14579135746      57737.51898156325      
-296447.471531058      205081.2415668299      32185.18840206294      57737.55023156325      
-297821.1154962733     202796.8978271561      32157.29462361702      57737.58148156325      
-299179.7246452536     200501.9172483346      32127.46353670483      57737.61273156325      
-300523.2065532522     198196.4045418159      32095.6943559475       57737.64398156325      
-301851.4694749247     195880.4653978405      32061.98643074329      57737.67523156325      
-303164.4223588795     193554.2064783966      32026.33924602001      57737.70648156325      
-304461.9748591114     191217.7354153471      31988.7524230483       57737.73773156325      
-305744.0373483102     188871.1608051305      31949.22572019392      57737.76898156325      
-307010.520929374      186514.5922065345      31907.75903370997      57737.80023156325      
-308261.337449906      184148.1401328019      31864.35239842156      57737.83148156325      
-309496.399513723      181771.9160489978      31819.00598848669      57737.86273156325      
-310715.6204941379     179386.0323658882      31771.72011808495      57737.89398156325      
-311918.9145455211     176990.6024369417      31722.49524215437      57737.92523156325      
-313106.1966176839     174585.7405495699      31671.33195700242      57737.95648156325      
-314277.3824674051     172171.5619217138      31618.23100100813      57737.98773156325      
-315432.3886716285     169748.182694886       31563.19325524113      57738.01898156325      
-316571.1326390135     167315.7199303847      31506.21974413782      57738.05023156325      
-317693.5326241443     164874.2915996548      31447.31163603107      57738.08148156325      
-318799.5077390133     162424.0165800825      31386.4702437893       57738.11273156325      
-319888.977966073      159965.0146471887      31323.69702535913      57738.14398156325      
-320961.8641697149     157497.4064700432      31258.99358437443      57738.17523156325      
-322018.088110238      155021.3136007428      31192.36167059989      57738.20648156325      
-323057.5724552301     152536.8584694018      31123.80318050079      57738.23773156325      
-324080.2407924075     150044.164375494       31053.320157703        57738.26898156325      
-325086.0176409599     147543.3554824594      30980.91479352985      57738.30023156325      
-326074.8284652124     145034.5568062985      30906.58942735396      57738.33148156325      
-327046.5996858391     142517.8942097556      30830.34654709134      57738.36273156325      
-328001.2586924261     139993.4943928092      30752.18878957386      57738.39398156325      
-328938.7338546169     137461.4848864713      30672.11894100871      57738.42523156325      
-329858.9545353997     134921.9940405008      30590.13993723225      57738.45648156325      
-330761.8511020892     132375.1510167848      30506.25486412384      57738.48773156325      
-331647.3549385441     129821.0857789806      30420.4669578857       57738.51898156325      
-332515.3984560471     127259.9290855135      30332.77960541887      57738.55023156325      
-333365.91510615       124691.8124764222      30243.19634447523      57738.58148156325      
-334198.8393913562     122116.8682659428      30151.72086398533      57738.61273156325      
-335014.1068769246     119535.2295313172      30058.35700424126      57738.64398156325      
-335811.6542014191     116947.0301049999      29963.10875718434      57738.67523156325      
-336591.4190890411     114352.404560652       29865.98026645021      57738.70648156325      
-337353.3403599452     111751.4882049427      29766.97582760689      57738.73773156325      
-338097.3579415646     109144.4170655425      29666.09988823569      57738.76898156325      
-338823.4128787601     106531.3278825561      29563.35704812648      57738.80023156325      
-339531.4473455727     103912.3580936887      29458.75205921225      57738.83148156325      
-340221.4046551076     101287.6458252854      29352.28982571288      57738.86273156325      
-340893.2292701561     98657.32988014776      29243.97540413556      57738.89398156325      
-341546.8668136531     96021.54972515017      29133.81400324703      57738.92523156325      
-342182.2640782374     93380.44548173937      29021.81098414845      57738.95648156325      
-342799.3690371808     90734.15791010883      28907.97186006646      57738.98773156325      
-343398.1308536427     88082.8283993256       28792.30229637388      57739.01898156325      
-343978.4998906665     85426.5989535891       28674.80811042916      57739.05023156325      
-344540.4277201962     82765.61218201809      28555.49527154998      57739.08148156325      
-345083.8671332748     80100.01128207485      28434.36990068773      57739.11273156325      
-345608.7721487214     77429.9400289987       28311.43827034636      57739.14398156325      
-346115.0980224346     74755.5427613541       28186.70680430938      57739.17523156325      
-346602.8012558017     72076.96437014287      28060.18207751181      57739.20648156325      
-347071.8396051038     69394.35028152229      27931.87081559394      57739.23773156325      
-347522.1720895558     66707.84644558656      27801.77989471731      57739.26898156325      
-347953.758999756      64017.59932187583      27669.91634120861      57739.30023156325      
-348366.5619059224     61323.7558647238       27536.28733117257      57739.33148156325      
-348760.54366546       58626.46351158824      27400.90019023397      57739.36273156325      
-349135.6684312902     55925.87016495909      27263.76239293945      57739.39398156325      
-349491.9016590145     53222.12418039003      27124.88156244256      57739.42523156325      
-349829.2101144397     50515.37435062289      26984.26546997254      57739.45648156325      
-350147.5618804117     47805.76989334962      26841.92203447064      57739.48773156325      
-350446.9263642217     45093.4604325366       26697.8593218701       57739.51898156325      
-350727.2743040102     42378.5959859171       26552.08554467575      57739.55023156325      
-350988.577775414      39661.32694857301      26404.60906131758      57739.58148156325      
-351230.8101976158     36941.80408018572      26255.4383756812       57739.61273156325      
-351453.9463397779     34220.17848583892      26104.58213626669      57739.64398156325      
-351657.9623266386     31496.6016030314       25952.04913566292      57739.67523156325      
-351842.8356441925     28771.22518541409      25797.84830982225      57739.70648156325      
-352008.5451451166     26044.2012864173       25641.98873730612      57739.73773156325      
-352155.0710537771     23315.68224594773      25484.47963868429      57739.76898156325      
-352282.3949713845     20585.82067063721      25325.33037554396      57739.80023156325      
-352390.4998805218     17854.76942034451      25164.55044983359      57739.83148156325      
-352479.3701496524     15122.68159075591      25002.14950296104      57739.86273156325      
-352548.9915372501     12389.71049971491      24838.13731509005      57739.89398156325      
-352599.3511958891     9656.009667109771      24672.52380403149      57739.92523156325      
-352630.4376758772     6921.732801042468      24505.31902448567      57739.95648156325      
-352642.2409287547     4187.033780747151      24336.53316706959      57739.98773156325      
-352634.7523105162     1452.066639438483      24166.17655731556      57740.01898156325      
-352607.9645846003     -1283.014449718874     23994.25965484252      57740.05023156325      
-352561.8719246051     -4018.055194067012     23820.7930521048       57740.08148156325      
-352496.469916765      -6752.901195597631     23645.78747351098      57740.11273156325      
-352411.755562149      -9487.397968964091     23469.25377427868      57740.14398156325      
-352307.7272787103     -12221.39095571676     23291.20293950937      57740.17523156325      
-352184.3849028763     -14954.72554494546     23111.64608282724      57740.20648156325      
-352041.7296910767     -17687.24708758759     22930.59444540384      57740.23773156325      
-351879.7643209203     -20418.80091395006     22748.05939475351      57740.26898156325      
-351698.4928920875     -23149.23235125402     22564.05242350276      57740.30023156325      
-351497.9209271807     -25878.38673802039     22378.58514835031      57740.33148156325      
-351278.0553718897     -28606.10944482652     22191.66930857544      57740.36273156325      
-351038.9045953127     -31332.24588871603     22003.31676495101      57740.39398156325      
-350780.4783897527     -34056.64155142417     21813.53949837569      57740.42523156325      
-350502.7879706001     -36779.14199379676     21622.34960874807      57740.45648156325      
-350205.8459753474     -39499.59287654683     21429.75931337627      57740.48773156325      
-349889.6664629471     -42217.83997463663     21235.78094580924      57740.51898156325      
-349554.2649126389     -44933.7291948005      21040.4269544284       57740.55023156325      
-349199.6582224428     -47647.10659317463     20843.70990100625      57740.58148156325      
-348825.8647078268     -50357.81838958578     20645.6424594837       57740.61273156325      
-348432.9040992954     -53065.71098818022     20446.23741426632      57740.64398156325      
-348020.7975405405     -55770.63099170523     20245.50765895886      57740.67523156325      
-347589.5675859287     -58472.42521890807     20043.4661948516       57740.70648156325      
-347139.2381977066     -61170.9407218847      19840.12612938626      57740.73773156325      
-346669.834743481      -63866.02480023696     19635.50067484078      57740.76898156325      
-346181.383992392      -66557.5250214555      19429.60314652238      57740.80023156325      
-345673.9141120789     -69245.28923495905     19222.44696141673      57740.83148156325      
-345147.4546647501     -71929.16558983363     19014.045636535        57740.86273156325      
-344602.0366037287     -74609.00254875149     18804.41278753442      57740.89398156325      
-344037.6922685152     -77284.64890806132     18593.56212683809      57740.92523156325      
-343454.4553808296     -79955.95381154949     18381.50746222342      57740.95648156325      
-342852.3610397992     -82622.76676724367     18168.26269515407      57740.98773156325      
-342231.4457168793     -85284.9376641196      17953.84181909513      57741.01898156325      
-341591.7472512613     -87942.3167856186      17738.25891806477      57741.05023156325      
-340933.3048435924     -90594.75482926329     17521.52816467246      57741.08148156325      
-340256.1590509005     -93242.10291997183     17303.66381864357      57741.11273156325      
-339560.3517805682     -95884.21262636638     17084.68022508199      57741.14398156325      
-338845.9262840493     -98520.93597696321     16864.59181271908      57741.17523156325      
-338112.9271511934     -101152.1254731798     16643.41309240832      57741.20648156325      
-337361.4003026778     -103777.6341083604     16421.1586550956       57741.23773156325      
-336591.3929838721     -106397.3153805374     16197.84317029177      57741.26898156325      
-335802.9537576585     -109011.0233081371     15973.48138427933      57741.30023156325      
-334996.132497007      -111618.612445545      15748.08811830851      57741.33148156325      
-334170.9803782799     -114219.9378955019     15521.67826704658      57741.36273156325      
-333327.5498724433     -116814.8553274322     15294.26679649497      57741.39398156325      
-332465.8947379411     -119403.220989554      15065.86874242194      57741.42523156325      
-331586.0700124316     -121984.8917238823     14836.49920852697      57741.45648156325      
-330688.1320042953     -124559.7249810711     14606.17336459665      57741.48773156325      
-329772.138284994      -127127.578832108      14374.90644492294      57741.51898156325      
-328838.1476791405     -129688.3119858446     14142.71374617927      57741.55023156325      
-327886.22025646       -132241.7838003685     13909.61062582779      57741.58148156325      
-326916.4173225244     -134787.8542972139     13675.61250025399      57741.61273156325      
-325928.8014092767     -137326.3841753925     13440.73484289645      57741.64398156325      
-324923.4362665272     -139857.2348223042     13204.99318264626      57741.67523156325      
-323900.3868509696     -142380.268330382      12968.40310169704      57741.70648156325      
-322859.7193173173     -144895.3475076496     12730.98023393877      57741.73773156325      
-321801.5010081259     -147402.3358910583     12492.74026307647      57741.76898156325      
-320725.8004434233     -149901.0977596324     12253.69892074714      57741.80023156325      
-319632.6873114362     -152391.4981445225     12013.87198491313      57741.83148156325      
-318522.2324566484     -154873.4028446917     11773.27527769971      57741.86273156325      
-317394.5078702055     -157346.6784365907     11531.92466378814      57741.89398156325      
-316249.586678921      -159811.1922865557     11289.83604853207      57741.92523156325      
-315087.5431341131     -162266.8125630003     11047.0253760737       57741.95648156325      
-313908.452601656      -164713.4082455572     10803.50862774472      57741.98773156325      
-312712.3915491839     -167150.8491397371     10559.30181990385      57742.01898156325      
-311499.4375358624     -169579.0058856717     10314.42100234213      57742.05023156325      
-310269.6692006814     -171997.7499695148     10068.88225640913      57742.08148156325      
-309023.1662505999     -174406.9537346301     9822.701693141567      57742.11273156325      
-307760.009450025      -176806.490389773      9575.895451683056      57742.14398156325      
-306480.2806072676     -179196.2340226742     9328.479697134982      57742.17523156325      
-305184.0625637823     -181576.0596078053     9080.470618985521      57742.20648156325      
-303871.4391818542     -183945.8430167439     8831.884429257745      57742.23773156325      
-302542.4953321571     -186305.4610283165     8582.737360662595      57742.26898156325      
-301197.3168827635     -188654.7913357862     8333.045665048863      57742.30023156325      
-299835.990684962      -190993.712559323      8082.825611279477      57742.33148156325      
-298458.604562071      -193322.1042527638     7832.093483695084      57742.36273156325      
-297065.247296625      -195639.846912911      7580.865580295496      57742.39398156325      
-295656.0086174548     -197946.8219886033     7329.158210928286      57742.42523156325      
-294230.9791883337     -200242.9118868889     7076.987695779346      57742.45648156325      
-292790.2505932655     -202527.9999843558     6824.370363285938      57742.48773156325      
-291333.9153249784     -204801.9706328703     6571.322548644914      57742.51898156325      
-289862.0667717176     -207064.7091677922     6317.860592038134      57742.55023156325      
-288374.7992043028     -209316.1019154349     6064.000836925858      57742.58148156325      
-286872.2077627751     -211556.0362008306     5809.759628291748      57742.61273156325      
-285354.388444745      -213784.4003526768     5555.153311194688      57742.64398156325      
-283821.4380901905     -216001.0837132799     5300.198228739346      57742.67523156325      
-282273.4543697013     -218205.9766430649     5044.910720650526      57742.70648156325      
-280710.5357709419     -220398.9705274836     4789.307121562951      57742.73773156325      
-279132.7815850523     -222579.9577836898     4533.403759323151      57742.76898156325      
-277540.2918948608     -224748.8318644676     4277.216953601454      57742.80023156325      
-275933.1675593895     -226905.4872670195     4020.763013920983      57742.83148156325      
-274311.5102020035     -229049.8195364624     3764.058238295231      57742.86273156325      
-272675.4221967094     -231181.7252716532     3507.118911581611      57742.89398156325      
-271025.0066548003     -233301.102130295      3249.961303907444      57742.92523156325      
-269360.3674110994     -235407.8488343208     2992.601669050458      57742.95648156325      
-267681.6090121362     -237501.8651726198     2735.056243132949      57742.98773156325      
-265988.8367004375     -239583.0520084575     2477.341242730881      57743.01898156325      
-264282.1564026892     -241651.3112817791     2219.472863596839      57743.05023156325      
-262561.6747159668     -243706.5460137651     1961.467279098438      57743.08148156325      
-260827.4988939516     -245748.660311162      1703.340638671655      57743.11273156325      
-259079.7368351788     -247777.559368038      1445.109066589448      57743.14398156325      
-257318.4970672576     -249793.149472086      1186.788660145894      57743.17523156325      
-255543.8887351418     -251795.3380059694     928.3954884557543      57743.20648156325      
-253756.021587405      -253784.0334508495     669.9455909705921      57743.23773156325      
-251955.0059629411     -255759.1453892372     411.4549760703376      57743.26898156325      
-250140.9527772665     -257720.5845081048     152.939619611152       57743.30023156325      
-248313.9735109682     -259668.2625995237     -105.5845362091386     57743.33148156325      
-246474.1801939576     -261602.092565672      -364.1015845714883     57743.36273156325      
-244621.6853939806     -263521.9884190819     -622.5956551368981     57743.39398156325      
-242756.6022030583     -265427.8652849854     -881.0509154320116     57743.42523156325      
-240879.0442243922     -267319.6394030147     -1139.451572157743     57743.45648156325      
-238989.12555887       -269197.228129151      -1397.78187254057      57743.48773156325      
-237086.9607938257     -271060.5499353112     -1656.026105366174     57743.51898156325      
-235172.6649874458     -272909.5244131192     -1914.168602597292     57743.55023156325      
-233246.3536576263     -274744.0722731239     -2172.193740372306     57743.58148156325      
-231308.1427686905     -276564.1153460302     -2430.085940287525     57743.61273156325      
-229358.1487181472     -278369.5765837351     -2687.829670661613     57743.64398156325      
-227396.488325786      -280160.3800580929     -2945.409447482227     57743.67523156325      
-225423.2788182922     -281936.4509637112     -3202.809835935313     57743.70648156325      
-223438.6378184654     -283697.7156163701     -3460.015451316067     57743.73773156325      
-221442.6833322419     -285444.1014533829     -3717.01096022288      57743.76898156325      
-219435.5337362385     -287175.5370333705     -3973.781081672911     57743.80023156325      
-217417.3077649009     -288891.9520362713     -4230.310588259461     57743.83148156325      
-215388.1245000791     -290593.2772612005     -4486.584306993434     57743.86273156325      
-213348.1033559787     -292279.4446281443     -4742.587120723561     57743.89398156325      
-211297.3640688893     -293950.3871754999     -4998.303968941662     57743.92523156325      
-209236.0266846486     -295606.0390594673     -5253.719848868888     57743.95648156325      
-207164.2115466577     -297246.3355528907     -5508.819816463649     57743.98773156325      
-205082.0392834972     -298871.2130443279     -5763.588987471929     57744.01898156325      
-202989.6307990571     -300480.6090350911     -6018.012538162358     57744.05023156325      
-200887.1072579061     -302074.4621399235     -6272.07570663721      57744.08148156325      
-198774.5900755964     -303652.7120837509     -6525.763793531631     57744.11273156325      
-196652.2009066411     -305215.299700193      -6779.062162992697     57744.14398156325      
-194520.0616330689     -306762.1669295604     -7031.956243580658     57744.17523156325      
-192378.2943530739     -308293.2568167199     -7284.431529152826     57744.20648156325      
-190227.02136926       -309808.5135091813     -7536.473579788413     57744.23773156325      
-188066.3651794925     -311307.8822533006     -7788.068022402687     57744.26898156325      
-185896.4484628361     -312791.3093938816     -8039.200551930116     57744.30023156325      
-183717.3940706023     -314258.7423701262     -8289.856931903596     57744.33148156325      
-181529.3250149961     -315710.1297132351     -8540.022995309409     57744.36273156325      
-179332.3644583662     -317145.4210435377     -8789.684645366557     57744.39398156325      
-177126.6357020446     -318564.5670678374     -9038.827856346958     57744.42523156325      
-174912.2621778623     -319967.519575         -9287.438674088473     57744.45648156325      
-172689.3674346333     -321354.2314347347     -9535.503217071047     57744.48773156325      
-170458.0751298752     -322724.6565929491     -9783.007676894129     57744.51898156325      
-168218.5090190679     -324078.7500686315     -10029.93831902996     57744.55023156325      
-165970.7929455617     -325416.4679503929     -10276.28148350305     57744.58148156325      
-163715.0508300373     -326737.7673931444     -10522.02358560656     57744.61273156325      
-161451.4066627158     -328042.6066131608     -10767.15111631942     57744.64398156325      
-159179.9844904244     -329330.9448861245     -11011.65064327775     57744.67523156325      
-156900.9084090245     -330602.7425419983     -11255.50881115824     57744.70648156325      
-154614.3025533273     -331857.9609613551     -11498.71234233202     57744.73773156325      
-152320.2910876457     -333096.5625713127     -11741.2480374449      57744.76898156325      
-150018.9981964582     -334318.510841383      -11983.10277598193     57744.80023156325      
-147710.5480746485     -335523.7702795225     -12224.26351687276     57744.83148156325      
-145395.0649205454     -336712.3064267046     -12464.7172988008      57744.86273156325      
-143072.6729237024     -337884.0858542199     -12704.45124105824     57744.89398156325      
-140743.4962581613     -339039.0761580924     -12943.45254382446     57744.92523156325      
-138407.6590731462     -340177.2459548333     -13181.70848871036     57744.95648156325      
-136065.2854844066     -341298.5648768442     -13419.20643923156     57744.98773156325      
-133716.4995651271     -342403.0035680087     -13655.93384132191     57745.01898156325      
-131361.4253396882     -343490.53367794       -13891.87822355714     57745.05023156325      
-129000.1867720688     -344561.1278587346     -14127.02719791511     57745.08148156325      
-126632.9077598315     -345614.7597590916     -14361.3684599704      57745.11273156325      
-124259.7121254879     -346651.4040196646     -14594.88978935101     57745.14398156325      
-121880.723608524      -347671.0362681024     -14827.57905012529     57745.17523156325      
-119496.0658575393     -348673.6331140339     -15059.42419117597     57745.20648156325      
-117105.8624219403     -349659.1721442325     -15290.41324661362     57745.23773156325      
-114710.2367465329     -350627.6319165884     -15520.53433590844     57745.26898156325      
-112309.3121606594     -351578.9919563273     -15749.77566454645     57745.30023156325      
-109903.2118730123     -352513.2327498848     -15978.12552413439     57745.33148156325      
-107492.0589637786     -353430.3357398932     -16205.57229276138     57745.36273156325      
-105075.9763774517     -354330.283319895      -16432.10443529341     57745.39398156325      
-102655.0869157539     -355213.0588290201     -16657.71050365591     57745.42523156325      
-100229.5132301036     -356078.6465468259     -16882.37913715548     57745.45648156325      
-97799.37781701935     -356927.0316871009     -17106.09906252919     57745.48773156325      
-95364.80300798215     -357758.2003936482     -17328.85909450379     57745.51898156325      
-92925.9109650552      -358572.13973402       -17550.64813582036     57745.55023156325      
-90482.82367378849     -359368.8376942349     -17771.45517750901     57745.58148156325      
-88035.66293679595     -360148.2831732683     -17991.26929909972     57745.61273156325      
-85584.55036743829     -360910.4659775154     -18210.07966882204     57745.64398156325      
-83129.60738304227     -361655.3768154046     -18427.87554384414     57745.67523156325      
-80670.95520108211     -362383.0072911266     -18644.64627024751     57745.70648156325      
-78208.71482975158     -363093.3499000768     -18860.38128349837     57745.73773156325      
-75743.00706435315     -363786.3980225383     -19075.07010840061     57745.76898156325      
-73273.9524809354      -364462.1459182256     -19288.70235929279     57745.80023156325      
-70801.67143060331     -365120.5887206353     -19501.26774018318     57745.83148156325      
-68326.28403393089     -365761.722431385      -19712.75604487619     57745.86273156325      
-65847.91017489666     -366385.5439146853     -19923.15715713614     57745.89398156325      
-63366.66949780664     -366992.0508910793     -20132.46105059837     57745.92523156325      
-60882.68139854417     -367581.2419326247     -20340.65778915929     57745.95648156325      
-58396.0650216894      -368153.1164566104     -20547.73752686747     57745.98773156325      
-55906.9392548504      -368707.674720002      -20753.69050805096     57746.01898156325      
-53415.42272366922     -369244.9178137345     -20958.50706738642     57746.05023156325      
-50921.63378692262     -369764.847657003      -21162.1776299591      57746.08148156325      
-48425.69053113649     -370267.4669916678     -21364.69271136192     57746.11273156325      
-45927.7107682007      -370752.7793760794     -21566.04291755        57746.14398156325      
-43427.81202726452     -371220.7891800718     -21766.21894515838     57746.17523156325      
-40926.11155253531     -371671.5015787836     -21965.21158134019     57746.20648156325      
-38422.72629826292     -372104.9225470754     -22163.01170383256     57746.23773156325      
-35917.77292439469     -372521.0588538314     -22359.6102809673      57746.26898156325      
-33411.36779231997     -372919.9180562688     -22554.99837167462     57746.30023156325      
-30903.62696070205     -373301.508494254      -22749.16712547885     57746.33148156325      
-28394.66618081288     -373665.8392847099     -22942.1077825316      57746.36273156325      
-25884.6008948748      -374012.9203156154     -23133.81167341387     57746.39398156325      
-23373.54622864538     -374342.7622408585     -23324.27021937996     57746.42523156325      
-20861.61698992705     -374655.3764742509     -23513.47493214507     57746.45648156325      
-18348.92766424001     -374950.775183983      -23701.41741389086     57746.48773156325      
-15835.59241115943     -375228.9712870078     -23888.0893572205      57746.51898156325      
-13321.72506073457     -375489.9784434378     -24073.48254510587     57746.55023156325      
-10807.43910998717     -375733.8110509586     -24257.58885082969     57746.58148156325      
-8292.847718902252     -375960.4842393089     -24440.40023796368     57746.61273156325      
-5778.06370942483      -376170.0138645207     -24621.90876012783     57746.64398156325      
-3263.199558677719     -376362.4165036998     -24802.10656117032     57746.67523156325      
-748.3673981090251     -376537.7094492957     -24980.98587491483     57746.70648156325      
1766.320990212349      -376695.9107036586     -25158.53902511632     57746.73773156325      
4280.754176643699      -376837.0389735645     -25334.75842536821     57746.76898156325      
6794.821086942669      -376961.113664759      -25509.63657900492     57746.80023156325      
9308.41100517015       -377068.1548765248     -25683.16607899879     57746.83148156325      
11821.41357710916      -377158.1833962909     -25855.33960789237     57746.86273156325      
14333.71881068849      -377231.2206941634     -26026.1499375257      57746.89398156325      
16845.21708218977      -377287.28891769       -26195.58992915951     57746.92523156325      
19355.79913653705      -377326.4108864313     -26363.65253319286     57746.95648156325      
21865.35609044501      -377348.6100866706     -26530.33078907708     57746.98773156325      
24373.77943491896      -377353.9106661247     -26695.61782518524     57747.01898156325      
26880.96103769026      -377342.3374286824     -26859.50685867733     57747.05023156325      
29386.79314558933      -377313.9158291682     -27021.99119536177     57747.08148156325      
31891.16838743974      -377268.6719681205     -27183.06422958977     57747.11273156325      
34393.97977397801      -377206.6325866575     -27342.71944395927     57747.14398156325      
36895.12070354303      -377127.8250612604     -27500.95040938986     57747.17523156325      
39394.48496187713      -377032.2773986869     -27657.75078481858     57747.20648156325      
41891.96672478469      -376920.0182308668     -27813.11431708046     57747.23773156325      
44387.46056015245      -376791.0768098354     -27967.03484074766     57747.26898156325      
46880.86142991272      -376645.4830026969     -28119.50627796611     57747.30023156325      
49372.06469195422      -376483.2672866165     -28270.52263828836     57747.33148156325      
51860.96610197797      -376304.4607438436     -28420.07801850345     57747.36273156325      
54347.46181588071      -376109.095056719      -28568.16660249831     57747.39398156325      
56831.44838919254      -375897.202502944      -28714.78266094479     57747.42523156325      
59312.82278225341      -375668.8159504242     -28859.92055132781     57747.45648156325      
61791.48235954983      -375423.9688525931     -29003.574717626       57747.48773156325      
64267.32489189952      -375162.6952435489     -29145.73969016278     57747.51898156325      
66740.24855800884      -374885.029733263      -29286.41008542034     57747.55023156325      
69210.15194598396      -374591.0075028235     -29425.5806058514      57747.58148156325      
71676.93405479661      -374280.6642997091     -29563.24603968818     57747.61273156325      
74140.49429570514      -373954.0364330953     -29699.40126074968     57747.64398156325      
76600.73249420471      -373611.1607691137     -29834.04122827841     57747.67523156325      
79057.54888907139      -373252.0747265441     -29967.16098661783     57747.70648156325      
81510.84413709235      -372876.8162717425     -30098.75566520197     57747.73773156325      
83960.5193120258       -372485.4239143921     -30228.82047822907     57747.76898156325      
86406.475906387        -372077.9367028968     -30357.35072449058     57747.80023156325      
88848.61583262071      -371654.3942198831     -30484.34178716707     57747.83148156325      
91286.84142423667      -371214.8365777366     -30609.78913362297     57747.86273156325      
93721.05543690705      -370759.3044141714     -30733.68831519867     57747.89398156325      
96151.16104952776      -370287.8388878315     -30856.03496700268     57747.92523156325      
98577.06186580824      -369800.4816738113     -30976.82480772899     57747.95648156325      
100998.6619130039      -369297.274959781      -31096.05363933403     57747.98773156325      
103415.8656462621      -368778.2614410069     -31213.71734699243     57748.01898156325      
105828.5779472852      -368243.4843165367     -31329.81189877079     57748.05023156325      
108236.7041257878      -367692.9872848545     -31444.33334544107     57748.08148156325      
110640.1499203563      -367126.8145396807     -31557.27782026443     57748.11273156325      
113038.8214992778      -366545.0107658062     -31668.64153877467     57748.14398156325      
115432.62546134        -365947.6211349572     -31778.42079856011     57748.17523156325      
117821.4688366001      -365334.6913016946     -31886.61197904531     57748.20648156325      
120205.2590871277      -364706.2673993449     -31993.21154127088     57748.23773156325      
122583.904108271       -364062.396035812      -32098.21602769816     57748.26898156325      
124957.31222713        -363403.1242901771     -32201.62206189032     57748.30023156325      
127325.39220654        -362728.4997078273     -32303.42634843769     57748.33148156325      
129688.0532434908      -362038.5702971129     -32403.62567263699     57748.36273156325      
132045.2049702907      -361333.3845252902     -32502.21690029351     57748.39398156325      
134396.7574551536      -360612.991314648      -32599.19697749731     57748.42523156325      
136742.6212027614      -359877.4400386625     -32694.56293039997     57748.45648156325      
139082.7071548045      -359126.7805181845     -32788.31186498962     57748.48773156325      
141416.9266905005      -358361.0630176602     -32880.44096686695     57748.51898156325      
143745.1916270962      -357580.3382413823     -32970.94750102042     57748.55023156325      
146067.4142203364      -356784.657329769      -33059.82881160022     57748.58148156325      
148383.5071654612      -355974.0718554856     -33147.08232171347     57748.61273156325      
150693.383595486       -355148.6338205464     -33232.70553311708     57748.64398156325      
152996.957084856       -354308.3956515542     -33316.69602611408     57748.67523156325      
155294.1416476862      -353453.4101968562     -33399.05145924538     57748.70648156325      
157584.8517386838      -352583.7307227894     -33479.76956908472     57748.73773156325      
159869.0022535119      -351699.4109101428     -33558.84817001139     57748.76898156325      
162146.5085291388      -350800.5048506503     -33636.28515398479     57748.80023156325      
164417.2863441687      -349887.0670435119     -33712.07849031736     57748.83148156325      
166681.2519191597      -348959.1523919442     -33786.22622544816     57748.86273156325      
168938.3219169244      -348016.8161997589     -33858.72648271668     57748.89398156325      
171188.413442818       -347060.114167971      -33929.57746213628     57748.92523156325      
173431.444045533       -346089.1023912065     -33998.77744018371     57748.95648156325      
175667.3317152724      -345103.8373552737     -34066.32476950888     57748.98773156325      
177895.9948871303      -344104.3759324978     -34132.21787880562     57749.01898156325      
180117.3524392363      -343090.7753793414     -34196.4552725204      57749.05023156325      
182331.323693502       -342063.0933329246     -34259.03553064319     57749.08148156325      
184537.8284158325      -341021.387807799      -34319.95730848159     57749.11273156325      
186736.7868163281      -339965.7171927463     -34379.21933643543     57749.14398156325      
188928.119549473       -338896.1402476029     -34436.82041977157     57749.17523156325      
191111.7477143176      -337812.716100113      -34492.7594383985      57749.20648156325      
193287.5928546477      -336715.5042428038     -34547.03534664225     57749.23773156325      
195455.5769591471      -335604.5645298896     -34599.64717302084     57749.26898156325      
197615.6224620512      -334479.9571739343     -34650.59402003273     57749.30023156325      
199767.6522412827      -333341.7427438553     -34699.87506388483     57749.33148156325      
201911.5896216046      -332189.982160329      -34747.48955434054     57749.36273156325      
204047.3583727357      -331024.7366938348     -34793.43681444824     57749.39398156325      
206174.8827099759      -329846.067961421      -34837.71624033034     57749.42523156325      
208294.0872943208      -328654.0379237522     -34880.32730096026     57749.45648156325      
210404.8972325698      -327448.7088821803     -34921.26953794013     57749.48773156325      
212507.2380774278      -326230.1434758404     -34960.54256527871     57749.51898156325      
214601.0358276016      -324998.4046787658     -34998.14606916931     57749.55023156325      
216686.21692789        -323753.5557970287     -35034.07980776866     57749.58148156325      
218762.7082692693      -322495.6604659008     -35068.34361097528     57749.61273156325      
220830.4371889739      -321224.7826470358     -35100.93738020922     57749.64398156325      
222889.3314705718      -319940.9866256748     -35131.86108819148     57749.67523156325      
224939.3193445127      -318644.3370075662     -35161.11477873009     57749.70648156325      
226980.3294862879      -317334.8987174238     -35188.69856647437     57749.73773156325      
229012.2910193586      -316012.7369943808     -35214.6126367356      57749.76898156325      
231035.1335133046      -314677.9173904809     -35238.85724524088     57749.80023156325      
233048.7869843592      -313330.505767684      -35261.43271792153     57749.83148156325      
235053.1818954642      -311970.5682951914     -35282.33945069415     57749.86273156325      
237048.2491563207      -310598.1714467905     -35301.57790924356     57749.89398156325      
239033.920123438       -309213.3819982185     -35319.14862880457     57749.92523156325      
241010.1266001809      -307816.2670245431     -35335.0522139449      57749.95648156325      
242976.8008368134      -306406.8938975639     -35349.28933834829     57749.98773156325      
244933.875530542       -304985.3302832289     -35361.86074459791     57750.01898156325      
246881.2838255568      -303551.6441390708     -35372.76724396023     57750.05023156325      
248818.9593130711      -302105.9037116582     -35382.00971616898     57750.08148156325      
250746.83603136        -300648.1775340667     -35389.5891092096      57750.11273156325      
252664.848466243       -299178.5344230199     -35395.50643910532     57750.14398156325      
254572.9315493368      -297697.0434777635     -35399.7627896968      57750.17523156325      
256471.0206607702      -296203.774075531      -35402.35931243599     57750.20648156325      
258359.0516274311      -294698.7958704424     -35403.29722616574     57750.23773156325      
260236.9607234491      -293182.1787907139     -35402.57781690752     57750.26898156325      
262104.6846702296      -291653.993036221      -35400.20243764739     57750.30023156325      
263962.1606364886      -290114.3090760779     -35396.17250812275     57750.33148156325      
265809.3262382872      -288563.1976462313     -35390.4895146089      57750.36273156325      
267646.1195390661      -287000.7297470676     -35383.15500970607     57750.39398156325      
269472.4790496802      -285426.9766410337     -35374.17061212705     57750.42523156325      
271288.3437284346      -283842.0098502733     -35363.53800648407     57750.45648156325      
273093.6529811195      -282245.9011542742     -35351.25894307715     57750.48773156325      
274888.3466610468      -280638.7225875294     -35337.33523768143     57750.51898156325      
276672.3650690875      -279020.5464372115     -35321.76877133601     57750.55023156325      
278445.6489537087      -277391.4452408583     -35304.56149013166     57750.58148156325      
280208.1395110126      -275751.4917840721     -35285.71540499953     57750.61273156325      
281959.7783851829      -274100.7590978431     -35265.23259149527     57750.64398156325      
283700.507666896       -272439.3204578122     -35243.11518960673     57750.67523156325      
285430.2698958098      -270767.2493796971     -35219.36540351465     57750.70648156325      
287149.0080589728      -269084.6196185712     -35193.98550140054     57750.73773156325      
288856.6655912769      -267391.5051662361     -35166.97781523108     57750.76898156325      
290553.1863755026      -265687.9802489862     -35138.34474054765     57750.80023156325      
292238.5147423654      -263974.1193253836     -35108.08873625592     57750.83148156325      
293912.5954705637      -262249.9970840445     -35076.21232441504     57750.86273156325      
295575.373786828       -260515.6884414339     -35042.7180900274      57750.89398156325      
297226.7953659712      -258771.2685396697     -35007.60868082842     57750.92523156325      
298866.8063309409      -257016.8127443367     -34970.88680707582     57750.95648156325      
300495.3532528727      -255252.3966423091     -34932.55524133996     57750.98773156325      
302112.3831511443      -253478.0960395815     -34892.61681829276     57751.01898156325      
303717.8434934333      -251693.9869591092     -34851.07443449835     57751.05023156325      
305311.6821957738      -249900.1456386553     -34807.93104820201     57751.08148156325      
306893.8476226162      -248096.6485286471     -34763.18967912026     57751.11273156325      
308464.2885868879      -246283.5722900397     -34716.85340823041     57751.14398156325      
310022.9543500554      -244460.9937921861     -34668.92537756011     57751.17523156325      
311569.7946225473      -242628.9901102895     -34619.40878996528     57751.20648156325      
313104.759562381       -240787.6385249959     -34568.30690896578     57751.23773156325      
314627.7997773908      -238937.0165177273     -34515.62305846586     57751.26898156325      
316138.866323852       -237077.2017702843     -34461.360622589       57751.30023156325      
317637.9107069129      -235208.2721623265     -34405.5230454555      57751.33148156325      
319124.8848806642      -233330.3057692836     -34348.11383097171     57751.36273156325      
320599.7412482129      -231443.3808602721     -34289.13654261877     57751.39398156325      
322062.4326617543      -229547.5758960199     -34228.59480324095     57751.42523156325      
323512.9124226478      -227642.9695267939     -34166.49229483449     57751.45648156325      
324951.1342814923      -225729.6405903345     -34102.83275833564     57751.48773156325      
326377.052438204       -223807.6681097952     -34037.61999340863     57751.51898156325      
327790.6215420942      -221877.1312916866     -33970.85785823369     57751.55023156325      
329191.7966919492      -219938.1095238258     -33902.55026929444     57751.58148156325      
330580.5334361109      -217990.6823732906     -33832.70120116526     57751.61273156325      
331956.7877725579      -216034.9295843768     -33761.31468629833     57751.64398156325      
333320.5161489882      -214070.9310765619     -33688.39481481028     57751.67523156325      
334671.6754629031      -212098.7669424717     -33613.94573426916     57751.70648156325      
336010.2230616903      -210118.5174458498     -33537.97164947978     57751.73773156325      
337336.1167427101      -208130.2630195342     -33460.47682227037     57751.76898156325      
338649.3147533798      -206134.0842634336     -33381.4655712774      57751.80023156325      
339949.7757912612      -204130.0619425099     -33300.94227173136     57751.83148156325      
341237.4590041466      -202118.2769847633     -33218.91135524094     57751.86273156325      
342512.3239901468      -200098.8104792203     -33135.37730957805     57751.89398156325      
343774.3307980703      -198071.743673452      -33050.34467844163     57751.92523156325      
345023.4399263398      -196037.1579734579     -32963.81806132062     57751.95648156325      
346259.6123248437      -193995.1349388314     -32875.80211315876     57751.98773156325      
347482.8093938456      -191945.7562826451     -32786.301544216       57752.01898156325      
348692.9929843689      -189889.1038689819     -32695.3211198316      57752.05023156325      
349890.1253982849      -187825.2597109398     -32602.86566020543     57752.08148156325      
351074.1693884023      -185754.3059686381     -32508.94004018017     57752.11273156325      
352245.088158555       -183676.3249472271     -32413.54918902174     57752.14398156325      
353402.8453636905      -181591.3990948984     -32316.6980902003      57752.17523156325      
354547.405109958       -179499.6110008982     -32218.39178116986     57752.20648156325      
355678.7319547961      -177401.0433935419     -32118.63535314814     57752.23773156325      
356796.790907019       -175295.7791382305     -32017.43395089537     57752.26898156325      
357901.5474269044      -173183.9012354689     -31914.79277249289     57752.30023156325      
358992.9674262786      -171065.4928188856     -31810.71706912121     57752.33148156325      
360071.017268601       -168940.6371532533     -31705.21214483719     57752.36273156325      
361135.66376905        -166809.417632512      -31598.28335635117     57752.39398156325      
362186.8741946042      -164671.9177777921     -31489.93611280313     57752.42523156325      
363224.6162641266      -162528.2212354396     -31380.17587553845     57752.45648156325      
364248.858148445       -160378.4117750422     -31269.00815788319     57752.48773156325      
365259.5684704314      -158222.5732874562     -31156.43852491849     57752.51898156325      
366256.7163050813      -156060.7897828342     -31042.47259325451     57752.55023156325      
367240.2711795909      -153893.1453886545     -30927.11603080435     57752.58148156325      
368210.203073433       -151719.724347751      -30810.37455655589     57752.61273156325      
369166.4824184305      -149540.611016343      -30692.2539403447      57752.64398156325      
370109.08009883        -147355.8898620672     -30572.76000262528     57752.67523156325      
371037.9674513717      -145165.6454620091     -30451.89861424181     57752.70648156325      
371953.1162653583      -142969.9625007357     -30329.67569619883     57752.73773156325      
372854.4987827229      -140768.925768329      -30206.09721943016     57752.76898156325      
373742.0876980921      -138562.620158419      -30081.16920456839     57752.80023156325      
374615.8561588512      -136351.1306662186     -29954.89772171307     57752.83148156325      
375475.7777652022      -134134.5423865572     -29827.28889019812     57752.86273156325      
376321.8265702234      -131912.9405119166     -29698.34887835896     57752.89398156325      
377153.9770799258      -129686.4103304664     -29568.08390329849     57752.92523156325      
377972.2042533045      -127455.0372240989     -29436.50023065327     57752.95648156325      
378776.4835023911      -125218.9066664661     -29303.60417435772     57752.98773156325      
379566.7906923008      -122978.1042210157     -29169.40209640881     57753.01898156325      
380343.1021414574      -120732.7155385045     -29033.90040659775     57753.05023156325      
381105.3946209156      -118482.8263571277     -28897.10556239908     57753.08148156325      
381853.6453554854      -116228.5224974195     -28759.02406854388     57753.11273156325      
382587.8320230414      -113969.8898623803     -28619.66247690671     57753.14398156325      
383307.9327547398      -111707.0144349928     -28479.02738623541     57753.17523156325      
384013.9261350477      -109439.9822762594     -28337.12544191041     57753.20648156325      
384705.7912017707      -107168.879523241      -28193.96333570455     57753.23773156325      
385383.5074460756      -104893.792387095      -28049.54780554162     57753.26898156325      
386047.0548125115      -102614.8071511142     -27903.88563525376     57753.30023156325      
386696.4136990259      -100332.0101687663     -27756.98365433917     57753.33148156325      
387331.5649569779      -98045.48786173208     -27608.84873771828     57753.36273156325      
387952.4898911478      -95755.32671794583     -27459.48780548925     57753.39398156325      
388559.1702597429      -93461.61328963473     -27308.90782268325     57753.42523156325      
389151.5882743988      -91164.43419135903     -27157.11579901868     57753.45648156325      
389729.7266001784      -88863.87609805267     -27004.11878865449     57753.48773156325      
390293.568355565       -86560.02574306363     -26849.92388994325     57753.51898156325      
390843.0971124535      -84252.9699161951      -26694.53824518317     57753.55023156325      
391378.2968961353      -81942.79546174762     -26537.96904036938     57753.58148156325      
391899.1521852817      -79629.58927656        -26380.22350494468     57753.61273156325      
392405.64791192        -77313.43830805238     -26221.30891154945     57753.64398156325      
392897.7694614085      -74994.42955226875     -26061.23257577099     57753.67523156325      
393375.5026724046      -72672.65005192009     -25900.00185589188     57753.70648156325      
393838.8338368299      -70348.18689442877     -25737.62415263795     57753.73773156325      
394287.7496998316      -68021.12720997244     -25574.10690892507     57753.76898156325      
394722.2374597367      -65691.55816952907     -25409.45760960602     57753.80023156325      
395142.2847680048      -63359.56698292314     -25243.68378121579     57753.83148156325      
395547.8797291748      -61025.24089687128     -25076.79299171669     57753.86273156325      
395939.0109008063      -58688.66719302989     -24908.79285024272     57753.89398156325      
396315.6672934182      -56349.9331860427      -24739.69100684306     57753.92523156325      
396677.8383704212      -54009.12622158972     -24569.49515222508     57753.95648156325      
397025.5140480458      -51666.33367443652     -24398.21301749641     57753.98773156325      
397358.6846952662      -49321.64294648494     -24225.85237390679     57754.01898156325      
397677.3411337182      -46975.14146482424     -24052.42103258861     57754.05023156325      
397981.4746376137      -44626.91667978386     -23877.9268442973      57754.08148156325      
398271.076933649       -42277.05606298691     -23702.3776991507      57754.11273156325      
398546.1402009087      -39925.64710540447     -23525.7815263683      57754.14398156325      
398806.6570707657      -37572.77731541172     -23348.14629400917     57754.17523156325      
399052.6206267743      -35218.5342168451      -23169.48000870945     57754.20648156325      
399284.0244045594      -32863.00534706025     -22989.79071541945     57754.23773156325      
399500.8623917013      -30506.27825499202     -22809.0864971401      57754.26898156325      
399703.1290276143      -28148.44049921541     -22627.3754746582      57754.30023156325      
399890.8192034209      -25789.57964600824     -22444.66580628188     57754.33148156325      
400063.9282618209      -23429.78326741503     -22260.96568757469     57754.36273156325      
400222.4519969557      -21069.13893931287     -22076.28335108972     57754.39398156325      
400366.3866542666      -18707.73423947844     -21890.62706610249     57754.42523156325      
400495.7289303495      -16345.65674565724     -21704.00513834393     57754.45648156325      
400610.4759728035      -13982.99403363428     -21516.42590973202     57754.48773156325      
400710.6253800742      -11619.83367530647     -21327.89775810349     57754.51898156325      
400796.1752012934      -9256.263236757455     -21138.42909694472     57754.55023156325      
400867.1239361121      -6892.370276333357     -20948.0283751219      57754.58148156325      
400923.4705345295      -4528.242342722107     -20756.7040766108      57754.61273156325      
400965.2143967161      -2163.966973033115     -20564.46472022621     57754.64398156325      
400992.3553728334      200.368309119789       -20371.31885935018     57754.67523156325      
401004.8937628464      2564.675995533376      -20177.27508166063     57754.70648156325      
401002.8303163327      4928.868595328393      -19982.34200885858     57754.73773156325      
400986.1662322864      7292.858636859619      -19786.52829639547     57754.76898156325      
400954.9031589163      9656.558669624668      -19589.84263319985     57754.80023156325      
400909.04319344        12019.88126616917      -19392.29374140299     57754.83148156325      
400848.5888818729      14382.73902399079      -19193.89037606516     57754.86273156325      
400773.5432188119      16745.04456743918      -18994.64132490028     57754.89398156325      
400683.909647215       19106.71054961441      -18794.55540800077     57754.92523156325      
400579.6920581754      21467.64965426271      -18593.64147756181     57754.95648156325      
400460.8947907207      23827.77459711912      -18391.90841765198     57754.98773156325      
400327.5226314637      26186.99812999547      -18189.36514374876     57755.01898156325      
400179.5808145284      28545.23303937029      -17986.02060274303     57755.05023156325      
400017.0750211993      30902.39215047139      -17781.883772474       57755.08148156325      
399840.0113796972      33258.38832860683      -17576.96366149804     57755.11273156325      
399648.3964649263      35613.13448104325      -17371.26930881053     57755.14398156325      
399442.2372982164      37966.54355888109      -17164.80978356685     57755.17523156325      
399221.5413470601      40318.52855892613      -16957.59418480346     57755.20648156325      
398986.3165248461      42669.00252555826      -16749.63164115847     57755.23773156325      
398736.5711905881      45017.87855259683      -16540.9313105917      57755.26898156325      
398472.3141486498      47365.06978516298      -16331.50238010441     57755.30023156325      
398193.5546484648      49710.48942153822      -16121.35406545903     57755.33148156325      
397900.3023842528      52054.05071502009      -15910.49561089803     57755.36273156325      
397592.5674947327      54395.66697577373      -15698.93628886301     57755.39398156325      
397270.3605628301      56735.25157268074      -15486.6853997129      57755.42523156325      
396933.6926153816      59072.71793518416      -15273.75227144246     57755.45648156325      
396582.5751228356      61407.97955512952      -15060.14625939997     57755.48773156325      
396217.0199989493      63740.94998860323      -14845.87674600504     57755.51898156325      
395837.0396004806      66071.54285776618      -14630.95314046597     57755.55023156325      
395442.6467268786      68399.67185268454      -14415.38487849668     57755.58148156325      
395033.8546199691      70725.2507331566       -14199.18142203368     57755.61273156325      
394610.6769636367      73048.19333053571      -13982.35225895282     57755.64398156325      
394173.1278835042      75368.41354954944      -13764.90690278544     57755.67523156325      
393721.2219466084      77685.82537011537      -13546.85489243465     57755.70648156325      
393254.974161072       80000.34284915235      -13328.20579189127     57755.73773156325      
392774.3999757741      82311.88012238863      -13108.96918994957     57755.76898156325      
392279.5152800157      84620.35140616549      -12889.15469992279     57755.80023156325      
391770.336403184       86925.67099923723      -12668.77195935851     57755.83148156325      
391246.8801144129      89227.75328456781      -12447.83062975387     57755.86273156325      
390709.1636222403      91526.51273112193      -12226.34039627064     57755.89398156325      
390157.2045742649      93821.86389565431      -12004.31096744992     57755.92523156325      
389591.0210567978      96113.7214244933       -11781.752074927       57755.95648156325      
389010.631594514       98402.00005532138      -11558.67347314584     57755.98773156325      
388416.0551500993      100686.6146189513      -11335.08493907365     57756.01898156325      
387807.3111238981      102967.4800410984      -11110.99627191502     57756.05023156325      
387184.419353555       105244.5113441492      -10886.41729282623     57756.08148156325      
386547.4001138086      107517.6236483965      -10661.35784468181     57756.11273156325      
385896.2741155341      109786.7321759162      -10435.82779157874     57756.14398156325      
385231.0625062712      112051.7522491479      -10209.83701886485     57756.17523156325      
384551.7868692713      114312.5992947653      -9983.39543264305      57756.20648156325      
383858.4692232786      116569.188844895       -9756.512959537482     57756.23773156325      
383151.1320221641      118821.4365388611      -9529.199546407122     57756.26898156325      
382429.7981545577      121069.2581249254      -9301.465160059441     57756.30023156325      
381694.4909434796      123312.5694620247      -9073.319786963937     57756.33148156325      
380945.2341459696      125551.2865215027      -8844.773432965518     57756.36273156325      
380182.0519527171      127785.3253888397      -8615.836122998142     57756.39398156325      
379404.9689876882      130014.6022653775      -8386.51790079811      57756.42523156325      
378614.0103077546      132239.0334700404      -8156.828828617377     57756.45648156325      
377809.2014023186      134458.535441053       -7926.778986937028     57756.48773156325      
376990.5681929415      136673.024737654       -7696.378474180576     57756.51898156325      
376158.1370329683      138882.4180418061      -7465.637406427111     57756.55023156325      
375311.9347071538      141086.6321599029      -7234.565917124852     57756.58148156325      
374451.9884312879      143285.5840244712      -7003.174156804149     57756.61273156325      
373578.3258518224      145479.1906958707      -6771.472292791024     57756.64398156325      
372690.9750454959      147667.3693639897      -6539.470508920293     57756.67523156325      
371789.96451896        149850.0373499375      -6307.179005248825     57756.70648156325      
370875.3232084059      152027.1121077331      -6074.607997768919     57756.73773156325      
369947.0804791914      154198.5112259917      -5841.767718121559     57756.76898156325      
369005.2661256893      156364.1524291025      -5608.668413364054     57756.80023156325      
368049.9103700353      158523.9535809242      -5375.320345466083     57756.83148156325      
367081.0438630728      160677.8326834359      -5141.733791348865     57756.86273156325      
366098.6976831095      162825.7078804276      -4907.919042381242     57756.89398156325      
365102.9033357664      164967.4974586666      -4673.886404147565     57756.92523156325      
364093.69275361        167103.1198495636      -4439.646196160797     57756.95648156325      
363071.0982957867      169232.4936308385      -4205.208751576111     57756.98773156325      
362665.9865003548      170066.7385986929      -4113.119299771731     57756.99999999999      
