-77308716.79953928     113641679.2438665      49177986.47432373      57727                  
-77310221.63199104     113640836.700625       49177625.60449448      57727.00069444445      
-77314161.48609151     113638630.7356333      49176680.76957805      57727.00251260376      
-77324773.67746563     113632688.3325368      49174135.60069469      57727.00740997888      
-77351880.42450264     113617506.143102       49167633.08207943      57727.01991984153      
-77403793.57082903     113588416.1318756      49155174.29207146      57727.04387989068      
-77471493.23675925     113550452.2606062      49138915.82479817      57727.07512989068      
-77539183.56273283     113512462.1776934      49122647.09238585      57727.10637989068      
-77606864.58996138     113474445.8107532      49106368.0548272       57727.13762989068      
-77674536.35912547     113436403.0871032      49090078.67194626      57727.16887989068      
-77742198.91032633     113398333.9337915      49073778.90341104      57727.20012989068      
-77809852.28303765     113360238.2776265      49057468.70874666      57727.23137989068      
-77877496.51619917     113322116.0451263      49041148.04731388      57727.26262989068      
-77945131.64816858     113283967.162548       49024816.87832214      57727.29387989068      
-78012757.7166732      113245791.5559172      49008475.16084237      57727.32512989068      
-78080374.75890379     113207589.1509774      48992122.85378574      57727.35637989068      
-78147982.81146631     113169359.8732195      48975759.91591647      57727.38762989068      
-78215581.91033387     113131103.6479111      48959386.3058648       57727.41887989068      
-78283172.09095603     113092820.4000371      48943001.98210178      57727.45012989068      
-78350753.38813215     113054510.0543731      48926606.9029712       57727.48137989068      
-78418325.83612071     113016172.5354266      48910201.02666445      57727.51262989068      
-78485889.46859114     112977807.7674658      48893784.31123333      57727.54387989068      
-78553444.31857608     112939415.674549       48877356.71460295      57727.57512989068      
-78620990.41856483     112900996.1804741      48860918.19455038      57727.60637989068      
-78688527.80045539     112862549.2088079      48844468.70871738      57727.63762989068      
-78756056.49550661     112824074.6829153      48828008.21462347      57727.66887989068      
-78823576.53443174     112785572.5259085      48811536.6696443       57727.70012989068      
-78891087.94735046     112747042.6606765      48795054.0310246       57727.73137989068      
-78958590.76374118     112708485.0099145      48778560.25589106      57727.76262989068      
-79026085.01253441     112669899.4960726      48762055.3012308       57727.79387989068      
-79093570.72206508     112631286.0413855      48745539.12390416      57727.82512989068      
-79161047.9200246      112592644.5679018      48729011.68065781      57727.85637989068      
-79228516.63357027     112553974.9974239      48712472.92809903      57727.88762989068      
-79295976.88919877     112515277.2515823      48695922.82272806      57727.91887989068      
-79363428.71285555     112476551.2517751      48679361.32091241      57727.95012989068      
-79430872.12988704     112437796.9191976      48662788.37889978      57727.98137989068      
-79498307.16502845     112399014.1748448      48646203.9528362       57728.01262989068      
-79565733.842439       112360202.9395041      48629607.99873573      57728.04387989068      
-79633152.18561345     112321363.1338162      48613000.4724877       57728.07512989068      
-79700562.21744797     112282494.6782182      48596381.32988598      57728.10637989068      
-79767963.96028347     112243597.4929293      48579750.52659977      57728.13762989068      
-79835357.43585822     112204671.497981       48563108.01818668      57728.16887989068      
-79902742.66525984     112165716.6132464      48546453.76010562      57728.20012989068      
-79970119.66901912     112126732.7583885      48529787.70769487      57728.23137989068      
-80037488.46706209     112087719.8528893      48513109.81618509      57728.26262989068      
-80104849.07866263     112048677.8160802      48496420.0407122       57728.29387989068      
-80172201.5225358      112009606.5670894      48479718.33629549      57728.32512989068      
-80239545.8167903      111970506.0248715      48463004.65785046      57728.35637989068      
-80306881.97888069     111931376.1082375      48446278.96020186      57728.38762989068      
-80374210.02571684     111892216.7357931      48429541.19805773      57728.41887989068      
-80441529.97353765     111853027.8260142      48412791.32604182      57728.45012989068      
-80508841.83802044     111813809.2971853      48396029.29866761      57728.48137989068      
-80576145.63423316     111774561.0674289      48379255.07035126      57728.51262989068      
-80643441.37658688     111735283.054736       48362468.59542458      57728.54387989068      
-80710729.07892932     111695975.1769127      48345669.8281129       57728.57512989068      
-80778008.75449713     111656637.3516104      48328858.722548        57728.60637989068      
-80845280.41586843     111617269.4963554      48312035.23278112      57728.63762989068      
-80912544.07505623     111577871.5284966      48295199.31276073      57728.66887989068      
-80979799.74346076     111538443.3652345      48278350.91634548      57728.70012989068      
-81047047.43182206     111498984.9236515      48261489.99731719      57728.73137989068      
-81114287.15031329     111459496.1206592      48244616.50935866      57728.76262989068      
-81181518.90849321     111419976.8730278      48227730.40606643      57728.79387989068      
-81248742.7152586      111380427.097416       48210831.64096405      57728.82512989068      
-81315958.57893771     111340846.7103182      48193920.16747952      57728.85637989068      
-81383166.50724259     111301235.628094       48176995.93895832      57728.88762989068      
-81450366.50722173     111261593.7669986      48160058.90867651      57728.91887989068      
-81517558.5853532      111221921.0431291      48143109.02981822      57728.95012989068      
-81584742.74749725     111182217.3724544      48126146.25548867      57728.98137989068      
-81651918.99883132     111142482.670857       48109170.53873019      57729.01262989068      
-81719087.34398799     111102716.8540509      48092181.83249076      57729.04387989068      
-81786247.78694828     111062919.8376455      48075180.08965355      57729.07512989068      
-81853400.33109535     111023091.5371189      48058165.26301991      57729.10637989068      
-81920544.97919151     110983231.8678322      48041137.30531813      57729.13762989068      
-81987681.7333307      110943340.745059       48024096.16921656      57729.16887989068      
-82054810.59503163     110903418.0839321      48007041.80730096      57729.20012989068      
-82121931.56519042     110863463.7994733      47989974.17208748      57729.23137989068      
-82189044.64403287     110823477.8066237      47972893.21603587      57729.26262989068      
-82256149.8312078      110783460.0201897      47955798.89152662      57729.29387989068      
-82323247.12573935     110743410.3548728      47938691.15087418      57729.32512989068      
-82390336.52597968     110703328.7253002      47921569.94633991      57729.35637989068      
-82457418.02970186     110663215.0459707      47904435.23010937      57729.38762989068      
-82524491.63405243     110623069.2312845      47887286.95430545      57729.41887989068      
-82591557.33550386     110582891.1955738      47870125.0710014       57729.45012989068      
-82658615.12994768     110542680.8530482      47852949.53219802      57729.48137989068      
-82725665.01264673     110502438.1178252      47835760.28983679      57729.51262989068      
-82792706.97818793     110462162.9039602      47818557.29581292      57729.54387989068      
-82859741.02057497     110421855.1253925      47801340.50195254      57729.57512989068      
-82926767.13318089     110381514.6959752      47784109.86002577      57729.60637989068      
-82993785.30870065     110341141.5295055      47766865.32175986      57729.63762989068      
-83060795.53924385     110300735.5396705      47749606.83881625      57729.66887989068      
-83127797.81628728     110260296.6400773      47732334.36280367      57729.70012989068      
-83194792.13062736     110219824.7442832      47715047.84529135      57729.73137989068      
-83261778.47247304     110179319.7657413      47697747.23778596      57729.76262989068      
-83328756.8313981      110138781.6178308      47680432.49174482      57729.79387989068      
-83395727.19629371     110098210.2138874      47663103.55858902      57729.82512989068      
-83462689.55546117     110057605.4671484      47645760.38968039      57729.85637989068      
-83529643.89656429     110016967.2907832      47628402.93633462      57729.88762989068      
-83596590.20658192     109976295.5979239      47611031.14983459      57729.91887989068      
-83663528.47190048     109935590.3016101      47593644.98140706      57729.95012989068      
-83730458.67826657     109894851.3148195      47576244.38223603      57729.98137989068      
-83797380.81073919     109854078.5504987      47558829.30347591      57730.01262989068      
-83864294.8537825      109813271.9215075      47541399.69622827      57730.04387989068      
-83931200.79121818     109772431.3406502      47523955.51155517      57730.07512989068      
-83998098.60617773     109731556.7207056      47506496.70049238      57730.10637989068      
-84053287.86185434     109697806.605902       47492080.91134943      57730.13216332972      
-84102298.94570912     109667812.289773       47479269.28614414      57730.15506261112      
-84150709.90168731     109638164.5472887      47466605.6329794       57730.17768350891      
-84194698.46982276     109611207.2801346      47455091.12492395      57730.19823970304      
-84234467.38138877     109586821.2448431      47444674.84149867      57730.21682544575      
-84270838.52958147     109564506.4726536      47435143.23679022      57730.23382445362      
-84305334.99980676     109543331.0631473      47426098.26314934      57730.24994833193      
-84338697.11815429     109522841.9439         47417346.39645775      57730.26554298068      
-84370624.38129865     109503224.7887331      47408966.94973366      57730.28046782486      
-84399861.56245559     109485252.5680364      47401290.10222951      57730.29413592431      
-84427380.91190456     109468329.3621017      47394061.31263877      57730.30700162883      
-84453551.34701189     109452229.4258417      47387184.15741787      57730.31923730367      
-84479851.54454052     109436043.5107557      47380270.24842368      57730.33153424504      
-84506597.41428009     109419576.986246       47373236.44639338      57730.34404018048      
-84532575.82811284     109403576.840547       47366401.8328725       57730.35618786062      
-84559321.93227041     109387097.5673148      47359362.52514049      57730.36869513088      
-84590184.72496051     109368073.8883713      47351236.30651756      57730.38312826048      
-84620921.02940175     109349119.6885524      47343139.72394145      57730.39750306251      
-84651077.87920494     109330514.5786128      47335192.21785785      57730.4116076659       
-84682724.04289794     109310981.8528422      47326848.41738151      57730.42640968852      
-84718821.03898731     109288690.9654584      47317326.35223888      57730.44329459259      
-84757717.26508032     109264658.3255537      47307060.18393166      57730.46149015742      
-84797657.94979715     109239966.13033        47296512.18764159      57730.48017570149      
-84836923.4290729      109215677.2919906      47286136.41393804      57730.49854673222      
-84878790.02454174     109189764.0614137      47275066.63430836      57730.51813623893      
-84930543.31334825     109157709.4842234      47261373.21730059      57730.54235390247      
-84990429.52086519     109120587.171328       47245514.71407994      57730.57038028532      
-85054300.53067534     109080958.6880056      47228585.34320881      57730.60027504842      
-85121058.72400166     109039498.9607856      47210873.38351928      57730.63152504842      
-85187808.38633601     108998003.6343879      47193145.92026793      57730.66277504842      
-85254549.48852822     108956472.6209549      47175402.9039719       57730.69402504842      
-85321282.00081097     108914905.8325869      47157644.28511933      57730.72527504842      
-85388005.89275168     108873303.1813723      47139870.01418298      57730.75652504842      
-85454721.13320509     108831664.5794195      47122080.04163374      57730.78777504842      
-85521427.69040482     108789989.9388007      47104274.31791694      57730.81902504842      
-85588125.53191577     108748279.1715828      47086452.79346597      57730.85027504842      
-85654814.6245863      108706532.1898592      47068615.41871583      57730.88152504842      
-85721494.93463992     108664748.9056931      47050762.14407943      57730.91277504842      
-85788166.42762758     108622929.2311493      47032892.91996121      57730.94402504842      
-85854829.06837973     108581073.0783253      47015007.69677082      57730.97527504842      
-85921482.82107742     108539180.3593123      46997106.42489751      57731.00652504842      
-85988127.64919533     108497250.9862343      46979189.05472307      57731.03777504842      
-86054763.51560773     108455284.8711517      46961255.53664888      57731.06902504842      
-86121390.38248318     108413281.9261685      46943305.8210549       57731.10027504842      
-86188008.21130943     108371242.0634036      46925339.85831982      57731.13152504842      
-86254616.96284544     108329165.1950219      46907357.59883481      57731.16277504842      
-86321216.59721316     108287051.2331784      46889358.99297968      57731.19402504842      
-86387807.07384939     108244900.0900494      46871343.99113661      57731.22527504842      
-86454388.35145791     108202711.6778648      46853312.54370406      57731.25652504842      
-86520960.38810092     108160485.908851       46835264.60107279      57731.28777504842      
-86587523.14115116     108118222.695263       46817200.11363982      57731.31902504842      
-86654076.56724377     108075921.9494162      46799119.03182221      57731.35027504842      
-86720620.6223678      108033583.5836298      46781021.30603319      57731.38152504842      
-86787155.26181819     107991207.5102586      46762906.88669606      57731.41277504842      
-86853680.44014768     107948793.6417252      46744775.72425812      57731.44402504842      
-86920196.11125822     107906341.8904631      46726627.76916677      57731.47527504842      
-86986702.2283529      107863852.168949       46708462.97188343      57731.50652504842      
-87053198.7438878      107821324.3897347      46690281.28289759      57731.53777504842      
-87119685.6096634      107778758.4653901      46672082.65270283      57731.56902504842      
-87186162.7767764      107736154.3085362      46653867.03181082      57731.60027504842      
-87252630.19557165     107693511.8318763      46635634.37076547      57731.63152504842      
-87319087.81573334     107650830.9481402      46617384.62011888      57731.66277504842      
-87385535.58623682     107608111.5701156      46599117.73044547      57731.69402504842      
-87451973.45530067     107565353.6106813      46580833.65235615      57731.72527504842      
-87518401.37047754     107522556.9827496      46562532.33647427      57731.75652504842      
-87584819.27860624     107479721.5992995      46544213.73344979      57731.78777504842      
-87651227.12576345     107436847.3734084      46525877.79397363      57731.81902504842      
-87717624.85735485     107393934.218196       46507524.46875346      57731.85027504842      
-87784012.41805142     107350982.0468663      46489153.70853233      57731.88152504842      
-87850389.75181861     107307990.7726906      46470765.46408165      57731.91277504842      
-87916756.8018527      107264960.3090506      46452359.68621974      57731.94402504842      
-87983113.51067175     107221890.5693806      46433936.32578788      57731.97527504842      
-88049459.82007599     107178781.4671955      46415495.33366144      57732.00652504842      
-88115795.6711033      107135632.9161203      46397036.66076327      57732.03777504842      
-88182121.00405592     107092444.829877       46378560.25806209      57732.06902504842      
-88248435.75853476     107049217.1222614      46360066.07655779      57732.10027504842      
-88314739.87336063     107005949.7071974      46341554.06730688      57732.13152504842      
-88381033.28666504     106962642.4986794      46323024.18139832      57732.16277504842      
-88447315.93584177     106919295.410806       46304476.36996801      57732.19402504842      
-88513587.75749891     106875908.3578126      46285910.58421359      57732.22527504842      
-88579848.68754935     106832481.254015       46267326.7753701       57732.25652504842      
-88646098.66116272     106789014.0138418      46248724.89472477      57732.28777504842      
-88712337.61271714     106745506.5518691      46230104.89363171      57732.31902504842      
-88778565.47588977     106701958.7827621      46211466.7234877       57732.35027504842      
-88844782.18360867     106658370.6213094      46192810.33574703      57732.38152504842      
-88910987.6680045      106614741.9824563      46174135.68193626      57732.41277504842      
-88977181.86050124     106571072.7812477      46155442.71363002      57732.44402504842      
-89043364.69175242     106527362.9328721      46136731.38247035      57732.47527504842      
-89109536.0916699      106483612.3526442      46118001.64015973      57732.50652504842      
-89175695.98936054     106439820.95605        46099253.43848052      57732.53777504842      
-89241844.31321645     106395988.6586884      46080486.72927066      57732.56902504842      
-89307980.99086672     106352115.3763058      46061701.46443875      57732.60027504842      
-89374105.94912951     106308201.0248305      46042897.59597913      57732.63152504842      
-89440219.11410217     106264245.5203148      46024075.07594762      57732.66277504842      
-89506320.41111332     106220248.7789691      46005233.85647666      57732.69402504842      
-89572409.76467438     106176210.7171972      45986373.88979055      57732.72527504842      
-89638487.09857024     106132131.2515379      45967495.12818117      57732.75652504842      
-89704552.3358108      106088010.2987001      45948597.52402326      57732.78777504842      
-89770605.39858308     106043847.7755972      45929681.02978973      57732.81902504842      
-89836646.20834139     105999643.5992894      45910745.59802739      57732.85027504842      
-89902674.68574384     105955397.6870292      45891791.18137678      57732.88152504842      
-89968690.75068107     105911109.9562444      45872817.73256551      57732.91277504842      
-90034694.3222129      105866780.3245836      45853825.20442814      57732.94402504842      
-90100685.31865846     105822408.7098587      45834813.54988203      57732.97527504842      
-90166663.65754811     105777995.0300797      45815782.72194274      57733.00652504842      
-90232629.25557552     105733539.2034902      45796732.67373972      57733.03777504842      
-90298582.0286877      105689041.1485095      45777663.35849204      57733.06902504842      
-90364521.89203711     105644500.783768       45758574.72952405      57733.10027504842      
-90430448.75993352     105599918.0281428      45739466.74028112      57733.13152504842      
-90496362.54593436     105555292.8007001      45720339.34430537      57733.16277504842      
-90562263.16279662     105510625.0207304      45701192.49525149      57733.19402504842      
-90628150.52242899     105465914.6077846      45682026.14690261      57733.22527504842      
-90694024.53598189     105421161.481616       45662840.25314604      57733.25652504842      
-90759885.11378442     105376365.5622269      45643634.76799363      57733.28777504842      
-90825732.16537298     105331526.7698522      45624409.64557549      57733.31902504842      
-90891565.59942819     105286645.025006       45605164.84016038      57733.35027504842      
-90957385.32386503     105241720.248424       45585900.30613162      57733.38152504842      
-91023191.24578492     105196752.3610995      45566615.99800313      57733.41277504842      
-91088983.2714282      105151741.2843198      45547311.87043554      57733.44402504842      
-91154761.306264       105106686.9396086      45527987.87821208      57733.47527504842      
-91220525.25494269     105061589.2487621      45508643.97625478      57733.50652504842      
-91286275.02124815     105016448.1338861      45489280.11964074      57733.53777504842      
-91352010.50818795     104971263.5173379      45469896.263578        57733.56902504842      
-91417731.61793044     104926035.3217736      45450492.36342638      57733.60027504842      
-91483438.25183363     104880763.4701327      45431068.37469138      57733.63152504842      
-91549130.31038238     104835447.8856849      45411624.25304517      57733.66277504842      
-91614807.69327864     104790088.4919732      45392159.95430245      57733.69402504842      
-91680470.29939391     104744685.2128504      45372675.43443695      57733.72527504842      
-91746118.02672182     104699237.9725164      45353170.64959814      57733.75652504842      
-91811750.77246845     104653746.6954609      45333645.55608705      57733.78777504842      
-91877368.4330049      104608211.3065002      45314100.11037295      57733.81902504842      
-91942970.90381996     104562631.7308152      45294534.2691102       57733.85027504842      
-92008558.07961048     104517007.8938933      45274947.98911405      57733.88152504842      
-92074129.85421889     104471339.7215769      45255341.22738209      57733.91277504842      
-92139686.12066224     104425627.140048       45235713.94108839      57733.94402504842      
-92205226.77107009     104379870.0758768      45216066.08760493      57733.97527504842      
-92270751.69677904     104334068.4559574      45196397.62448394      57734.00652504842      
-92336260.78828773     104288222.207543       45176708.50947732      57734.03777504842      
-92401753.93517745     104242331.2583327      45156998.70050771      57734.06902504842      
-92467231.02624407     104196395.5363514      45137268.15570384      57734.10027504842      
-92532691.94943576     104150414.9700113      45117516.83339562      57734.13152504842      
-92598136.59180641     104104389.4881504      45097744.69213148      57734.16277504842      
-92663564.83960596     104058319.0199749      45077951.69065424      57734.19402504842      
-92728976.57821865     104012203.495108       45058137.78792312      57734.22527504842      
-92794371.69219264     103966042.8435757      45038302.94310807      57734.25652504842      
-92859750.06517811     103919836.9958561      45018447.11561195      57734.28777504842      
-92925111.5800181      103873585.8828215      44998570.2650464       57734.31902504842      
-92990456.11870201     103827289.4357779      44978672.3512494       57734.35027504842      
-93055783.56231937     103780947.5865037      44958753.33430301      57734.38152504842      
-93121093.79115058     103734560.2671923      44938813.17450926      57734.41277504842      
-93186386.68460548     103688127.4105019      44918851.83241251      57734.44402504842      
-93251662.12125349     103641648.9495413      44898869.26879403      57734.47527504842      
-93316919.97876225     103595124.81792        44878865.44469448      57734.50652504842      
-93382160.13398865     103548554.9496907      44858840.32138994      57734.53777504842      
-93447382.46293296     103501939.2793887      44838793.86040978      57734.56902504842      
-93512586.84069315     103455277.742072       44818726.02355467      57734.60027504842      
-93577773.14155591     103408570.2732637      44798636.77287263      57734.63152504842      
-93642941.23893586     103361816.8090024      44778526.07068174      57734.66277504842      
-93708091.0054061      103315017.2858285      44758393.87956487      57734.69402504842      
-93773222.31263764     103268171.6408348      44738240.16239259      57734.72527504842      
-93838335.0314905      103221279.8116093      44718064.88229924      57734.75652504842      
-93903429.03196889     103174341.736275       44697868.00270107      57734.78777504842      
-93968504.18317568     103127357.3535312      44677649.48731475      57734.81902504842      
-94033560.35340427     103080326.6025949      44657409.30013333      57734.85027504842      
-94098597.41007827     103033249.423253       44637147.40544933      57734.88152504842      
-94163615.21978271     102986125.7558482      44616863.76784978      57734.91277504842      
-94228613.64820394     102938955.5413307      44596558.35223936      57734.94402504842      
-94293592.56022169     102891738.7212007      44576231.12381652      57734.97527504842      
-94358551.81986339     102844475.2375485      44555882.04809592      57735.00652504842      
-94423491.29025981     102797165.0330953      44535511.09092855      57735.03777504842      
-94488410.83374339     102749808.0511414      44515118.21844992      57735.06902504842      
-94553310.31178048     102702404.2356112      44494703.39713961      57735.10027504842      
-94618189.58500624     102654953.5310418      44474266.59380289      57735.13152504842      
-94683048.51316565     102607455.8826359      44453807.77559437      57735.16277504842      
-94747886.95520569     102559911.2362038      44433326.9099941       57735.19402504842      
-94812704.76923177     102512319.5382056      44412823.96482649      57735.22527504842      
-94877501.81246422     102464680.7357921      44392298.90827934      57735.25652504842      
-94942277.94133094     102416994.7767478      44371751.7088799       57735.28777504842      
-95007033.01140884     102369261.6095434      44351182.33551873      57735.31902504842      
-95071766.87745635     102321481.1833226      44330590.75744491      57735.35027504842      
-95136479.39335538     102273653.4479552      44309976.94429001      57735.38152504842      
-95201170.41220421     102225778.3539791      44289340.86604419      57735.41277504842      
-95265839.78627461     102177855.852643       44268682.49307542      57735.44402504842      
-95330487.36696962     102129885.8959482      44248001.79614875      57735.47527504842      
-95395113.00491649     102081868.4365908      44227298.74640244      57735.50652504842      
-95459716.54990952     102033803.4280158      44206573.31537211      57735.53777504842      
-95524297.85094304     101985690.8244032      44185825.47498605      57735.56902504842      
-95588856.7561547      101937530.580722       44165055.19758955      57735.60027504842      
-95653393.11291878     101889322.6526724      44144262.45592084      57735.63152504842      
-95717906.76778966     101841066.9967396      44123447.22313561      57735.66277504842      
-95782397.56653546     101792763.5701806      44102609.47280216      57735.69402504842      
-95846865.35408165     101744412.3310783      44081749.17892607      57735.72527504842      
-95911309.97460525     101696013.2382833      44060866.31592605      57735.75652504842      
-95975731.27149357     101647566.2514572      44039960.85865363      57735.78777504842      
-96040129.08730362     101599071.3311155      44019032.7824129       57735.81902504842      
-96104503.26385632     101550528.4385693      43998082.06293647      57735.85027504842      
-96168853.64218108     101501937.5359799      43977108.67641004      57735.88152504842      
-96233180.06255038     101453298.5863456      43956112.59946788      57735.91277504842      
-96297482.36442471     101404611.5535565      43935093.80921751      57735.94402504842      
-96361760.38654736     101355876.4023357      43914052.28321557      57735.97527504842      
-96426013.96690467     101307093.0982833      43892987.99948777      57736.00652504842      
-96490242.94268636     101258261.6079192      43871900.93654869      57736.03777504842      
-96554447.15038082     101209381.8986251      43850791.07337773      57736.06902504842      
-96618626.42572086     101160453.9386993      43829658.38944385      57736.10027504842      
-96682780.60371931     101111477.6973433      43808502.86470104      57736.13152504842      
-96746909.51861539     101062453.144717       43787324.47961326      57736.16277504842      
-96811013.00397028     101013380.2518799      43766123.21513017      57736.19402504842      
-96875090.89261375     100964258.9908463      43744899.05271205      57736.22527504842      
-96939143.01668046     100915089.3345718      43723651.97432519      57736.25652504842      
-97003169.20755695     100865871.2570089      43702381.96246698      57736.28777504842      
-97067169.29597789     100816604.7330475      43681089.00014147      57736.31902504842      
-97131143.11197345     100767289.7385705      43659773.07088442      57736.35027504842      
-97195090.48490629     100717926.2504405      43638434.1587586       57736.38152504842      
-97259011.24341923     100668514.2465548      43617072.24837901      57736.41277504842      
-97322905.21553229     100619053.7057865      43595687.32488825      57736.44402504842      
-97386772.22860558     100569544.608028       43574279.37397663      57736.47527504842      
-97450612.10930265     100519986.9342354      43552848.38190248      57736.50652504842      
-97514424.68368772     100470380.6663686      43531394.33546735      57736.53777504842      
-97578209.77717456     100420725.7874467      43509917.2220412       57736.56902504842      
-97641967.21456467     100371022.2815346      43488417.02955764      57736.60027504842      
-97705696.8199963      100321270.1337986      43466893.74653909      57736.63152504842      
-97769398.41704266     100271469.330446       43445347.36207195      57736.66277504842      
-97833071.82866131     100221619.858781       43423777.86583176      57736.69402504842      
-97896716.87723312     100171721.7071906      43402185.2480783       57736.72527504842      
-97960333.38451241     100121774.8652004      43380569.49968082      57736.75652504842      
-98023921.17172539     100071779.3234138      43358930.61209292      57736.78777504842      
-98087480.05952068     100021735.0735682      43337268.5773778       57736.81902504842      
-98151009.86800885     99971642.10851987      43315583.38820316      57736.85027504842      
-98214510.41671349     99921500.42230034      43293875.03786644      57736.88152504842      
-98277981.52467024     99871310.01005518      43272143.52026945      57736.91277504842      
-98341423.01039301     99821070.86808771      43250388.82993855      57736.94402504842      
-98404834.69184029     99770782.9939031       43228610.96204469      57736.97527504842      
-98468216.38650468     99720446.38615794      43206809.91237573      57737.00652504842      
-98531567.91136056     99670061.04472025      43184985.67736094      57737.03777504842      
-98594889.08298066     99619626.97057281      43163138.25408168      57737.06902504842      
-98658179.71739107     99569144.16597429      43141267.6402752       57737.10027504842      
-98721439.63020779     99518612.63435787      43119373.83431691      57737.13152504842      
-98784668.63658945     99468032.3803867       43097456.83524542      57737.16277504842      
-98847866.55127899     99417403.40993854      43075516.64275702      57737.19402504842      
-98911033.18855709     99366725.73016118      43053553.25723069      57737.22527504842      
-98974168.36234283     99315999.34940982      43031566.67970198      57737.25652504842      
-99037271.88614775     99265224.27730219      43009556.91188794      57737.28777504842      
-99100343.57311778     99214400.52470288      42987523.95618131      57737.31902504842      
-99163383.23598781     99163528.10377829      42965467.81567545      57737.35027504842      
-99226390.68718298     99112607.02793355      42943388.49413784      57737.38152504842      
-99289365.73877333     99061637.3118673       42921285.99603491      57737.41277504842      
-99352308.20251681     99010618.97155546      42899160.3265259       57737.44402504842      
-99415217.8898145      98959552.02430601      42877011.49148772      57737.47527504842      
-99478094.61181247     98908436.48869504      42854839.49748797      57737.50652504842      
-99540938.17935739     98857272.38462128      42832644.3518097       57737.53777504842      
-99603748.40304022     98806059.73328924      42810426.0624449       57737.56902504842      
-99666525.09315209     98754798.55726379      42788184.63811916      57737.60027504842      
-99729268.05978702     98703488.8804052       42765920.08826439      57737.63152504842      
-99791977.11279817     98652130.72792351      42743632.42304321      57737.66277504842      
-99854652.06184219     98600724.12636086      42721321.65334227      57737.69402504842      
-99917292.7163361      98549269.10364576      42698987.79079657      57737.72527504842      
-99979898.88556036     98497765.68902725      42676630.84776178      57737.75652504842      
-100042470.378616      98446213.91312885      42654250.83733846      57737.78777504842      
-100105007.0044695     98394613.80793026      42631847.7733649       57737.81902504842      
-100167508.5719108     98342965.406821        42609421.67044125      57737.85027504842      
-100229974.8896566     98291268.7445339       42586972.54390143      57737.88152504842      
-100292405.766308      98239523.8571983       42564500.4098369       57737.91277504842      
-100354801.0103966     98187730.78232114      42542005.28508931      57737.94402504842      
-100417160.430343      98135889.55884025      42519487.18727425      57737.97527504842      
-100479483.8345828     98084000.22703071      42496946.13475865      57738.00652504842      
-100541771.0315348     98032062.8285474       42474382.14668676      57738.03777504842      
-100604021.8294804     97980077.40659541      42451795.2429278       57738.06902504842      
-100666236.0367376     97928044.00573736      42429185.44415694      57738.10027504842      
-100728413.4616859     97875962.6719161       42406552.7718046       57738.13152504842      
-100790553.912725      97823833.45250666      42383897.24807987      57738.16277504842      
-100852657.1983222     97771656.39629583      42361218.89596205      57738.19402504842      
-100914723.1269715     97719431.55353405      42338517.73922391      57738.22527504842      
-100976751.5072991     97667158.97586571      42315793.80240184      57738.25652504842      
-101038742.1480227     97614838.71638067      42293047.11081882      57738.28777504842      
-101100694.857999      97562470.82959287      42270277.6905756       57738.31902504842      
-101162609.4461845     97510055.37149145      42247485.56857347      57738.35027504842      
-101224485.7217396     97457592.39947008      42224670.77248391      57738.38152504842      
-101286323.4939902     97405081.97237778      42201833.33077111      57738.41277504842      
-101348122.5724745     97352524.15049636      42178973.27268272      57738.44402504842      
-101409882.7669046     97299918.99559113      42156090.6282721       57738.47527504842      
-101471603.8872712     97247266.57083891      42133185.4283675       57738.50652504842      
-101533285.7438051     97194566.94087805      42110257.70459408      57738.53777504842      
-101594928.1470249     97141820.17178509      42087307.48936414      57738.56902504842      
-101656530.9076986     97089026.33112447      42064334.81589895      57738.60027504842      
-101718093.8369491     97036185.48787542      42041339.71819732      57738.63152504842      
-101779616.7462153     96983297.71248141      42018322.23105715      57738.66277504842      
-101841099.4473009     96930363.07682543      41995282.39006516      57738.69402504842      
-101902541.7523359     96877381.65427914      41972220.23161821      57738.72527504842      
-101963943.4738821     96824353.51962851      41949135.79289121      57738.75652504842      
-102025304.4248952     96771278.74912231      41926029.11185838      57738.78777504842      
-102086624.4187587     96718157.42045885      41902900.22728752      57738.81902504842      
-102147903.2693179     96664989.61277241      41879749.17873415      57738.85027504842      
-102209140.7908418     96611775.40668122      41856576.00656255      57738.88152504842      
-102270336.7981292     96558514.8842116       41833380.75191264      57738.91277504842      
-102331491.1064707     96505208.12884527      41810163.45672067      57738.94402504842      
-102392603.531697      96451855.22549254      41786924.16370741      57738.97527504842      
-102453673.8901417     96398456.26053926      41763662.91639864      57739.00652504842      
-102514701.9987465     96345011.3217698       41740379.75909135      57739.03777504842      
-102575687.6750241     96291520.49841349      41717074.73687397      57739.06902504842      
-102636630.7371058     96237983.88111648      41693747.89561401      57739.10027504842      
-102697531.0037052     96184401.5619882       41670399.28197794      57739.13152504842      
-102758388.2942227     96130773.63452259      41647028.94339676      57739.16277504842      
-102819202.4287084     96077100.1936439       41623636.92808579      57739.19402504842      
-102879973.2279103     96023381.33567749      41600223.2850315       57739.22527504842      
-102940700.5132372     95969617.15839508      41576788.0640111       57739.25652504842      
-103001384.1068635     95915807.76093505      41553331.31555733      57739.28777504842      
-103062023.8316918     95861953.24384703      41529853.09097769      57739.31902504842      
-103122619.5113872     95808053.70907426      41506353.44234622      57739.35027504842      
-103183170.9704102     95754109.25993517      41482832.42249513      57739.38152504842      
-103243678.0339803     95700120.00116779      41459290.08503368      57739.41277504842      
-103304140.5281798     95646086.03884809      41435726.48431217      57739.44402504842      
-103364558.2799169     95592007.48043382      41412141.67544038      57739.47527504842      
-103424931.1169726     95537884.43473248      41388535.7142733       57739.50652504842      
-103485258.8679645     95483717.01194495      41364908.65742936      57739.53777504842      
-103545541.3624495     95429505.32358235      41341260.56225375      57739.56902504842      
-103605778.4308869     95375249.48250906      41317591.4868365       57739.60027504842      
-103665969.9046855     95320949.60290967      41293901.48999731      57739.63152504842      
-103726115.6161662     95266605.80033143      41270190.63130353      57739.66277504842      
-103786215.3986647     95212218.19160016      41246458.97103271      57739.69402504842      
-103846269.0864944     95157786.89486213      41222706.57019006      57739.72527504842      
-103906276.5149785     95103312.0295627       41198933.49049845      57739.75652504842      
-103966237.5204826     95048793.71642444      41175139.79438805      57739.78777504842      
-104026151.940377      94994232.07748863      41151325.5450135       57739.81902504842      
-104086019.6131385     94939627.23602948      41127490.80621577      57739.85027504842      
-104145840.3783127     94884979.31659503      41103635.64253899      57739.88152504842      
-104205614.0765594     94830288.44497161      41079760.11921416      57739.91277504842      
-104265340.5496149     94775554.74822451      41055864.3021758       57739.94402504842      
-104325019.6403929     94720778.35461092      41031948.25802307      57739.97527504842      
-104384651.1929778     94665959.39358988      41008012.05402514      57740.00652504842      
-104444235.05267       94611097.99578471      40984055.75810459      57740.03777504842      
-104503771.065781      94556194.29318389      40960079.4389092       57740.06902504842      
-104563259.0798956     94501248.41889377      40936083.16572183      57740.10027504842      
-104622698.9438613     94446260.50715588      40912067.00845999      57740.13152504842      
-104682090.5077484     94391230.6933862       40888031.03769171      57740.16277504842      
-104741433.6228948     94336159.11413708      40863975.32461788      57740.19402504842      
-104800728.141866      94281045.90713635      40839899.94108804      57740.22527504842      
-104859973.9185544     94225891.21119745      40815804.95955998      57740.25652504842      
-104919170.8081394     94170695.16625805      40791690.45311534      57740.28777504842      
-104978318.6671169     94115457.91335398      40767556.49544698      57740.31902504842      
-105037417.353328      94060179.59459309      40743403.16084624      57740.35027504842      
-105096466.7259191     94004860.35319331      40719230.52421828      57740.38152504842      
-105155466.6454391     93949500.33339155      40695038.66104091      57740.41277504842      
-105214416.9737991     93894099.68048139      40670827.64737979      57740.44402504842      
-105273317.5743004     93838658.54078598      40646597.55987512      57740.47527504842      
-105332168.311662      93783177.06163101      40622348.47572841      57740.50652504842      
-105390969.0519798     93727655.39138174      40598080.47271731      57740.53777504842      
-105449719.6628227     93672093.67935099      40573793.62915393      57740.56902504842      
-105508420.0131904     93616492.07583573      40549488.02389929      57740.60027504842      
-105567069.9735544     93560850.73207648      40525163.73634417      57740.63152504842      
-105625669.4158158     93505169.80029362      40500820.84642345      57740.66277504842      
-105684218.2133999     93449449.4335947       40476459.43457403      57740.69402504842      
-105742716.241214      93393689.78601043      40452079.58174903      57740.72527504842      
-105801163.3756726     93337891.01246621      40427681.36940379      57740.75652504842      
-105859559.4947232     93282053.26875329      40403264.87948168      57740.78777504842      
-105917904.4778032     93226176.71156485      40378830.19442818      57740.81902504842      
-105976198.2059324     93170261.49840191      40354377.39714821      57740.85027504842      
-106034440.5616697     93114307.78760898      40329906.5710201       57740.88152504842      
-106092631.4291374     93058315.7383448       40305417.799881        57740.91277504842      
-106150770.6940446     93002285.51055282      40280911.16801246      57740.94402504842      
-106208858.2436437     92946217.26499672      40256386.76015412      57740.97527504842      
-106266893.966826      92890111.16316392      40231844.66145041      57741.00652504842      
-106324877.7540793     92833967.36730023      40207284.95746011      57741.03777504842      
-106382809.4974855     92777786.04037811      40182707.7342109       57741.06902504842      
-106440689.0907256     92721567.34611733      40158113.07811618      57741.10027504842      
-106498516.4291498     92665311.44889496      40133501.07596751      57741.13152504842      
-106556291.4097324     92609018.5137803       40108871.81494815      57741.16277504842      
-106614013.9310931     92552688.70650439      40084225.38261805      57741.19402504842      
-106671683.8935179     92496322.19342969      40059561.86689859      57741.22527504842      
-106729301.198913      92439919.14158498      40034881.35608619      57741.25652504842      
-106786865.7508919     92383479.7185691       40010183.93880834      57741.28777504842      
-106844377.4547289     92327004.0925858       39985469.70403698      57741.31902504842      
-106901836.2173785     92270492.43241303      39960738.74107327      57741.35027504842      
-106959241.9474951     92213944.90737192      39935991.13953218      57741.38152504842      
-107016594.5553853     92157361.68736179      39911226.98935593      57741.41277504842      
-107073893.9530933     92100742.94276328      39886446.38076972      57741.44402504842      
-107131140.0543529     92044088.84447317      39861649.40429516      57741.47527504842      
-107188332.7746055     91987399.56387326      39836836.15073477      57741.50652504842      
-107245472.0310179     91930675.2727994       39812006.71115644      57741.53777504842      
-107302557.7424335     91873916.14357619      39787161.17690692      57741.56902504842      
-107359589.829456      91817122.34891993      39762299.6395673       57741.60027504842      
-107416568.2143993     91760294.06197332      39737422.19096638      57741.63152504842      
-107473492.8213049     91703431.45627445      39712528.92316516      57741.66277504842      
-107530363.5759575     91646534.7057254       39687619.92844127      57741.69402504842      
-107587180.4058348     91589603.98462734      39662695.29930233      57741.72527504842      
-107643943.2401896     91532639.46758312      39637755.12844148      57741.75652504842      
-107700652.0099984     91475641.32953212      39612799.50875075      57741.78777504842      
-107757306.647977      91418609.74571922      39587828.5333055       57741.81902504842      
-107813907.0885946     91361544.89166358      39562842.29534885      57741.85027504842      
-107870453.2680223     91304446.94319375      39537840.88830527      57741.88152504842      
-107926945.1242133     91247316.07635026      39512824.40573586      57741.91277504842      
-107983382.5968506     91190152.4674208       39487792.94135198      57741.94402504842      
-108039765.6273602     91132956.29290926      39462746.5889997       57741.97527504842      
-108096094.1589244     91075727.72950451      39437685.44264437      57742.00652504842      
-108152368.136429      91018466.95411623      39412609.59638421      57742.03777504842      
-108208587.5065413     90961174.14377712      39387519.14440577      57742.06902504842      
-108264752.2176566     90903849.47567871      39362414.18099767      57742.10027504842      
-108320862.2199103     90846493.12714057      39337294.80053519      57742.13152504842      
-108376917.4651892     90789105.27557933      39312161.09746494      57742.16277504842      
-108432917.9070778     90731686.09854501      39287013.16631874      57742.19402504842      
-108488863.5009346     90674235.77362336      39261851.10166909      57742.22527504842      
-108544754.203837      90616754.4784721       39236674.9981432       57742.25652504842      
-108600589.9745924     90559242.39079054      39211484.95040775      57742.28777504842      
-108656370.773735      90501699.68830247      39186281.05315958      57742.31902504842      
-108712096.5635356     90444126.54872583      39161063.40111057      57742.35027504842      
-108767767.3079464     90386523.14980942      39135832.08900194      57742.38152504842      
-108823382.9726752     90328889.66923578      39110587.21155982      57742.41277504842      
-108878943.5251293     90271226.28465818      39085328.8635096       57742.44402504842      
-108934448.9344249     90213533.17367058      39060057.13956114      57742.47527504842      
-108989899.1713947     90155810.51377796      39034772.13439371      57742.50652504842      
-109045294.2085322     90098058.48243342      39009473.9426708       57742.53777504842      
-109100634.0200643     90040277.2569418       38984162.65899578      57742.56902504842      
-109155918.5818938     89982467.01449695      38958838.37792668      57742.60027504842      
-109211147.8716077     89924627.9321526       38933501.19396165      57742.63152504842      
-109266321.8684838     89866760.18679301      38908151.20152426      57742.66277504842      
-109321440.5534338     89808863.95517105      38882788.49497858      57742.69402504842      
-109376503.9090741     89750939.41381204      38857413.16858525      57742.72527504842      
-109431511.9196682     89692986.73905197      38832025.31651656      57742.75652504842      
-109486464.5711328     89635006.10700892      38806625.03284223      57742.78777504842      
-109541361.8510312     89576997.69356789      38781212.41152106      57742.81902504842      
-109596203.748579      89518961.67435227      38755787.54638679      57742.85027504842      
-109650990.2545862     89460898.22476299      38730350.53116362      57742.88152504842      
-109705721.3615258     89402807.51988283      38704901.45942263      57742.91277504842      
-109760397.0634755     89344689.73451594      38679440.42459744      57742.94402504842      
-109815017.3561229     89286545.04315986      38653967.51997039      57742.97527504842      
-109869582.2368087     89228373.61992605      38628482.83866724      57743.00652504842      
-109924091.7044851     89170175.63855758      38602986.47367664      57743.03777504842      
-109978545.7594939     89111951.27271785      38577478.51774409      57743.06902504842      
-110032944.4038783     89053700.69553901      38551959.0634691       57743.10027504842      
-110087287.6412496     88995424.07977709      38526428.20326159      57743.13152504842      
-110141575.4767785     88937121.5977983       38500886.02933455      57743.16277504842      
-110195807.9171981     88878793.42155248      38475332.63369073      57743.19402504842      
-110249984.9707451     88820439.72261409      38449768.10813925      57743.22527504842      
-110304106.6472254     88762060.67208786      38424192.54425278      57743.25652504842      
-110358172.9579546     88703656.44065046      38398606.03338428      57743.28777504842      
-110412183.9157607     88645227.19852419      38373008.6666541       57743.31902504842      
-110466139.5349746     88586773.11546469      38347400.53494316      57743.35027504842      
-110520039.8314325     88528294.36073501      38321781.72888023      57743.38152504842      
-110573884.8224155     88469791.10314803      38296152.33885904      57743.41277504842      
-110627674.5267152     88411263.51097296      38270512.45499606      57743.44402504842      
-110681408.9645727     88352711.75197802      38244862.16714778      57743.47527504842      
-110735088.1576808     88294135.9934053       38219201.56489841      57743.50652504842      
-110788712.1291862     88235536.40194586      38193530.7375476       57743.53777504842      
-110842280.9036286     88176913.14378299      38167849.77412815      57743.56902504842      
-110895794.5070047     88118266.38449958      38142158.76336415      57743.60027504842      
-110949252.9667078     88059596.28912167      38116457.79368874      57743.63152504842      
-111002656.3115287     88000903.02209432      38090746.95323239      57743.66277504842      
-111056004.5716454     87942186.74727122      38065026.32981697      57743.69402504842      
-111109297.7786232     87883447.62789053      38039296.01094417      57743.72527504842      
-111162535.9653549     87824685.82661979      38013556.08381378      57743.75652504842      
-111215719.1661232     87765901.50546373      37987806.63528229      57743.78777504842      
-111268847.4165398     87707094.82580948      37962047.75188139      57743.81902504842      
-111321920.7535461     87648265.94840316      37936279.51980676      57743.85027504842      
-111374939.2154021     87589415.03334072      37910502.02491272      57743.88152504842      
-111427902.8416863     87530542.24004488      37884715.35270125      57743.91277504842      
-111480811.6732353     87471647.72731112      37858919.58834087      57743.94402504842      
-111533665.7522056     87412731.65321657      37833114.81662582      57743.97527504842      
-111586465.1219915     87353794.17519301      37807301.12199502      57744.00652504842      
-111639209.8272172     87294835.4500156       37781478.58852155      57744.03777504842      
-111691899.9138792     87235855.6335969       37755647.29990818      57744.06902504842      
-111744535.4291475     87176854.88121979      37729807.33947651      57744.10027504842      
-111797116.421378      87117833.34748994      37703958.79018659      57744.13152504842      
-111849642.9401745     87058791.18624558      37678101.73459664      57744.16277504842      
-111902115.0363276     86999728.55060489      37652236.25488275      57744.19402504842      
-111954532.761814      86940645.59294492      37626362.43282881      57744.22527504842      
-112006896.1697853     86881542.46489432      37600480.34982237      57744.25652504842      
-112059205.314567      86822419.31731258      37574590.08684469      57744.28777504842      
-112111460.2515984     86763276.30033828      37548691.72449095      57744.31902504842      
-112163661.0374926     86704113.5632998       37522785.34293033      57744.35027504842      
-112215807.7299759     86644931.25476369      37496871.02192643      57744.38152504842      
-112267900.3878877     86585729.52251473      37470948.84082762      57744.41277504842      
-112319939.0711678     86526508.51354983      37445018.87856356      57744.44402504842      
-112371923.8408446     86467268.37407175      37419081.21364174      57744.47527504842      
-112423854.7590345     86408009.24946962      37393135.9241382       57744.50652504842      
-112475731.888881      86348731.28436846      37367183.08771837      57744.53777504842      
-112527555.2946155     86289434.62254077      37341222.78159773      57744.56902504842      
-112579325.041496      86230119.40695649      37315255.08256288      57744.60027504842      
-112631041.1958074     86170785.77976382      37289280.0669626       57744.63152504842      
-112682703.8248485     86111433.8822843       37263297.81070483      57744.66277504842      
-112734312.9969325     86052063.85499412      37237308.38924791      57744.69402504842      
-112785868.781326      85992675.83757457      37211311.87762208      57744.72527504842      
-112837371.2483091     85933269.96882461      37185308.3503905       57744.75652504842      
-112888820.4691151     85873846.38671169      37159297.88167088      57744.78777504842      
-112940216.5159301     85814405.22835359      37133280.54512706      57744.81902504842      
-112991559.4618812     85754946.63001451      37107256.41396648      57744.85027504842      
-113042849.3810237     85695470.72710077      37081225.56093803      57744.88152504842      
-113094086.3483413     85635977.6541435       37055188.05832361      57744.91277504842      
-113145270.4396862     85576467.54484989      37029143.97796041      57744.94402504842      
-113196401.7318386     85516940.53201702      37003093.39120225      57744.97527504842      
-113247480.3024468     85457396.74758351      36977036.36894204      57745.00652504842      
-113298506.2300271     85397836.32261255      36950972.98160365      57745.03777504842      
-113349479.5939522     85338259.3872887       36924903.29914021      57745.06902504842      
-113400400.4744504     85278666.07090111      36898827.3910261       57745.10027504842      
-113451268.9525472     85219056.50189607      36872745.32627971      57745.13152504842      
-113502085.1101237     85159430.80779104      36846657.17342532      57745.16277504842      
-113552849.029858      85099789.11522762      36820563.00051577      57745.19402504842      
-113603560.7952252     85040131.54995507      36794462.87512503      57745.22527504842      
-113654220.4904853     84980458.23682813      36768356.86434674      57745.25652504842      
-113704828.200672      84920769.2998047       36742245.03479284      57745.28777504842      
-113755384.0115928     84861064.86192976      36716127.45258625      57745.31902504842      
-113805888.0097702     84801345.04538924      36690004.18338396      57745.35027504842      
-113856340.2825009     84741609.97142452      36663875.29233949      57745.38152504842      
-113906740.9177976     84681859.76038636      36637740.844126        57745.41277504842      
-113957090.0043887     84622094.53171949      36611600.90292931      57745.44402504842      
-114007387.631708      84562314.40396093      36585455.5324469       57745.47527504842      
-114057633.8898823     84502519.49473873      36559304.79588702      57745.50652504842      
-114107828.8697331     84442709.92075659      36533148.7559618       57745.53777504842      
-114157972.6627176     84382885.79784861      36506987.47491083      57745.56902504842      
-114208065.3609887     84323047.24089445      36480821.01446391      57745.60027504842      
-114258107.0573368     84263194.36387426      36454649.43586476      57745.63152504842      
-114308097.8451906     84203327.27985364      36428472.79986434      57745.66277504842      
-114358037.8186063     84143446.10098314      36402291.16672032      57745.69402504842      
-114407927.072257      84083550.93849741      36376104.59619656      57745.72527504842      
-114457765.7014331     84023641.90270077      36349913.14755667      57745.75652504842      
-114507553.8019859     83963719.10302249      36323716.8795879       57745.78777504842      
-114557291.4703862     83903782.64793274      36297515.85056436      57745.81902504842      
-114606978.8036676     83843832.6449981       36271310.11827103      57745.85027504842      
-114656615.8994274     83783869.20086746      36245099.73999753      57745.88152504842      
-114706202.8558168     83723892.42127176      36218884.77253787      57745.91277504842      
-114755739.77153       83663902.41102415      36192665.27219038      57745.94402504842      
-114805226.7458058     83603899.27400599      36166441.29475149      57745.97527504842      
-114854663.8783528     83543883.11324692      36140212.89554475      57746.00652504842      
-114904051.2693993     83483854.03085206      36113980.12938636      57746.03777504842      
-114953389.019779      83423812.12787916      36087743.05057549      57746.06902504842      
-115002677.2307516     83363757.50455375      36061501.71293157      57746.10027504842      
-115051916.0040605     83303690.2601852       36035256.16977846      57746.13152504842      
-115101105.4419222     83243610.49316706      36009006.47394479      57746.16277504842      
-115150245.6470171     83183518.30097793      35982752.67776412      57746.19402504842      
-115199336.7224913     83123413.780168        35956494.83306907      57746.22527504842      
-115248378.7719012     83063297.02641574      35930232.99121609      57746.25652504842      
-115297371.899273      83003168.13444489      35903967.20304917      57746.28777504842      
-115346316.2090471     82943027.19808125      35877697.51892463      57746.31902504842      
-115395211.8060809     82882874.31023969      35851423.98870546      57746.35027504842      
-115444058.7956389     82822709.562925        35825146.66176172      57746.38152504842      
-115492857.2833842     82762533.04723324      35798865.5869711       57746.41277504842      
-115541607.3753804     82702344.85333873      35772580.81271327      57746.44402504842      
-115590309.1780376     82642145.07055114      35746292.38689493      57746.47527504842      
-115638962.7981712     82581933.78723301      35720000.35691369      57746.50652504842      
-115687568.3429481     82521711.09085684      35693704.76968315      57746.53777504842      
-115736125.9198889     82461477.06799254      35667405.67162748      57746.56902504842      
-115784635.63686       82401231.80430885      35641103.10868201      57746.60027504842      
-115833097.6020639     82340975.3845748       35614797.126294        57746.63152504842      
-115881511.924032      82280707.89266115      35588487.76942342      57746.66277504842      
-115929878.7116264     82220429.41152816      35562175.08253745      57746.69402504842      
-115978198.0739871     82160140.02328303      35535859.10963593      57746.72527504842      
-116026470.1205912     82099839.8090976       35509539.89421532      57746.75652504842      
-116074694.9611996     82039528.84926601      35483217.47929406      57746.78777504842      
-116122872.7058602     81979207.22319257      35456891.90740735      57746.81902504842      
-116171003.4648999     81918875.00939341      35430563.22060803      57746.85027504842      
-116219087.3489167     81858532.28549847      35404231.46046743      57746.88152504842      
-116267124.4687718     81798179.12825315      35377896.6680764       57746.91277504842      
-116315114.9355818     81737815.6135204       35351558.88404619      57746.94402504842      
-116363058.8607221     81677441.81626859      35325218.14850333      57746.97527504842      
-116410956.3557837     81617057.81061438      35298874.50112072      57747.00652504842      
-116458807.5326362     81556663.66973433      35272527.98108406      57747.03777504842      
-116506612.5033092     81496259.46603546      35246178.62707646      57747.06902504842      
-116554371.380082      81435845.27099834      35219826.47732626      57747.10027504842      
-116602084.275444      81375421.15523334      35193471.56958834      57747.13152504842      
-116649751.3020876     81314987.18848246      35167113.94114529      57747.16277504842      
-116697372.5729011     81254543.43962172      35140753.62880851      57747.19402504842      
-116744948.2009725     81194089.97664906      35114390.66891316      57747.22527504842      
-116792478.2995383     81133626.86674303      35088025.09734386      57747.25652504842      
-116839962.9820427     81073154.17618053      35061656.94949905      57747.28777504842      
-116887402.3620869     81012671.97039536      35035286.26031666      57747.31902504842      
-116934796.5534327     80952180.31396648      35008913.0642692       57747.35027504842      
-116982145.6699963     80891679.27062029      34982537.39536488      57747.38152504842      
-117029449.8258411     80831168.90323295      34956159.2871489       57747.41277504842      
-117076709.1351716     80770649.2738328       34929778.77270461      57747.44402504842      
-117123923.7123263     80710120.44360273      34903395.88465474      57747.47527504842      
-117171093.6717827     80649582.47286843      34877010.65515652      57747.50652504842      
-117218219.1281064     80589035.42115724      34850623.1159275       57747.53777504842      
-117265300.1960111     80528479.34711595      34824233.29820994      57747.56902504842      
-117312336.9903082     80467914.3085698       34797841.23279666      57747.60027504842      
-117359329.6259114     80407340.36251053      34771446.95002613      57747.63152504842      
-117406278.2178306     80346757.56509925      34745050.47978382      57747.66277504842      
-117453182.8811661     80286165.97166863      34718651.85150349      57747.69402504842      
-117500043.7311022     80225565.63672556      34692251.09416843      57747.72527504842      
-117546860.8829013     80164956.61395364      34665848.23631285      57747.75652504842      
-117593634.4519088     80104338.95620158      34639443.30601696      57747.78777504842      
-117640364.5535039     80043712.71554224      34613036.330933        57747.81902504842      
-117687051.3031591     79983077.94319044      34586627.33824953      57747.85027504842      
-117733694.8163905     79922434.6895621       34560216.35471754      57747.88152504842      
-117780295.2087636     79861783.00426249      34533803.40664545      57747.91277504842      
-117826852.5958873     79801122.93608907      34507388.5199006       57747.94402504842      
-117873367.0934085     79740454.53303388      34480971.71991055      57747.97527504842      
-117919838.8170065     79679777.84228624      34454553.03166439      57748.00652504842      
-117966267.8823875     79619092.91023533      34428132.4797142       57748.03777504842      
-118012654.4052793     79558399.78247277      34401710.08817632      57748.06902504842      
-118058998.5014367     79497698.50378115      34375285.88072659      57748.10027504842      
-118105300.2865932     79436989.11819318      34348859.88062634      57748.13152504842      
-118151559.8765202     79376271.66890949      34322432.11068683      57748.16277504842      
-118197777.386979      79315546.19835779      34296002.59329528      57748.19402504842      
-118243952.9337262     79254812.7481814       34269571.35041001      57748.22527504842      
-118290086.6325087     79194071.35924187      34243138.40356189      57748.25652504842      
-118336178.5990589     79133322.07162161      34216703.77385569      57748.28777504842      
-118382228.9490891     79072564.9246266       34190267.48197144      57748.31902504842      
-118428237.7982873     79011799.95678885      34163829.54816589      57748.35027504842      
-118474205.2623121     78951027.20586929      34137389.99227378      57748.38152504842      
-118520131.4567981     78890246.70884606      34110948.83370316      57748.41277504842      
-118566016.4973089     78829458.50197393      34084506.09146138      57748.44402504842      
-118611860.4993966     78768662.62070182      34058061.78411946      57748.47527504842      
-118657663.5785535     78707859.09973228      34031615.92983828      57748.50652504842      
-118703425.8502192     78647047.97300987      34005168.54636356      57748.53777504842      
-118749147.4297753     78586229.27372371      33978719.65102747      57748.56902504842      
-118794828.4325411     78525403.03431037      33952269.26074987      57748.60027504842      
-118840468.9737691     78464569.28645623      33925817.39203978      57748.63152504842      
-118886069.1686404     78403728.06110033      33899364.0609967       57748.66277504842      
-118931629.1322603     78342879.38843688      33872909.28331204      57748.69402504842      
-118977148.9796647     78282023.29790379      33846453.07426429      57748.72527504842      
-119022628.8257731     78221159.81824191      33819995.4487451       57748.75652504842      
-119068068.785448      78160288.9774127       33793536.42122368      57748.78777504842      
-119113468.9734485     78099410.80265757      33767076.00577275      57748.81902504842      
-119158829.504436      78038525.32048617      33740614.21606386      57748.85027504842      
-119204150.4929707     77977632.55667916      33714151.0653687       57748.88152504842      
-119249432.0535071     77916732.53629078      33687686.56656045      57748.91277504842      
-119294674.30039       77855825.28365137      33661220.73211525      57748.94402504842      
-119339877.3478504     77794910.82237011      33634753.57411345      57748.97527504842      
-119385041.310022      77733989.1753079       33608285.10423618      57749.00652504842      
-119430166.3009465     77673060.36456667      33581815.33376464      57749.03777504842      
-119475252.4344157     77612124.41171303      33555344.27361748      57749.06902504842      
-119520299.8241748     77551181.3374839       33528871.93429974      57749.10027504842      
-119565308.5838044     77490231.16195056      33502398.32594603      57749.13152504842      
-119610278.8267787     77429273.90443587      33475923.45828484      57749.16277504842      
-119655210.6664202     77368309.58357368      33449447.34066457      57749.19402504842      
-119700104.2159062     77307338.2172972       33422969.9820488       57749.22527504842      
-119744959.5882651     77246359.82284154      33396491.39101751      57749.25652504842      
-119789776.8963726     77185374.4167463       33370011.5757685       57749.28777504842      
-119834556.2529482     77124382.01485793      33343530.54411866      57749.31902504842      
-119879297.7705512     77063382.63233258      33317048.30350541      57749.35027504842      
-119924001.5615772     77002376.2836383       33290564.86098794      57749.38152504842      
-119968667.7382545     76941362.98255777      33264080.2232486       57749.41277504842      
-120013296.4126404     76880342.74219073      33237594.3965942       57749.44402504842      
-120057887.6966282     76819315.5749424       33211107.38695116      57749.47527504842      
-120102441.701902      76758281.49258256      33184619.19989156      57749.50652504842      
-120146958.5399955     76697240.50616314      33158129.84059735      57749.53777504842      
-120191438.3222467     76636192.62607725      33131639.31388646      57749.56902504842      
-120235881.1598055     76575137.86204766      33105147.62420787      57749.60027504842      
-120280287.1636296     76514076.22312921      33078654.77564292      57749.63152504842      
-120324656.4444814     76453007.71771124      33052160.77190666      57749.66277504842      
-120368989.1129244     76391932.35352014      33025665.61634914      57749.69402504842      
-120413285.2793201     76330850.13762175      32999169.31195668      57749.72527504842      
-120457545.0538245     76269761.07642385      32972671.86135323      57749.75652504842      
-120501768.5463849     76208665.1756787       32946173.26680159      57749.78777504842      
-120545955.8667361     76147562.44048527      32919673.53020481      57749.81902504842      
-120590107.124398      76086452.87529193      32893172.65310739      57749.85027504842      
-120634222.4286819     76025336.48388439      32866670.63669039      57749.88152504842      
-120678301.8886462     75964213.26944542      32840167.48179752      57749.91277504842      
-120722345.6131555     75903083.23447149      32813663.18889925      57749.94402504842      
-120766353.7108352     75841946.38083239      32787157.75811889      57749.97527504842      
-120810326.2900665     75780802.70978163      32760651.18922517      57750.00652504842      
-120854263.4589767     75719652.22196816      32734143.48163255      57750.03777504842      
-120898165.3255355     75658494.91727319      32707634.63442061      57750.06902504842      
-120942031.9974243     75597330.79502591      32681124.64631197      57750.10027504842      
-120985863.5820804     75536159.85392655      32654613.51568219      57750.13152504842      
-121029660.186694      75474982.09204878      32628101.24056114      57750.16277504842      
-121073421.918205      75413797.50684206      32601587.81863413      57750.19402504842      
-121117148.8833002     75352606.09513427      32575073.2472433       57750.22527504842      
-121160841.1884101     75291407.85313369      32548557.52338878      57750.25652504842      
-121204498.9397059     75230202.77643168      32522040.64373003      57750.28777504842      
-121248122.2431066     75168990.8599907       32495522.60458082      57750.31902504842      
-121291711.2042354     75107772.09820361      32469003.40193529      57750.35027504842      
-121335265.9284779     75046546.48481064      32442483.03143209      57750.38152504842      
-121378786.5209383     74985314.0129586       32415961.4883803       57750.41277504842      
-121422273.0864463     74924074.67518915      32389438.76775459      57750.44402504842      
-121465725.7295552     74862828.46344101      32362914.86419639      57750.47527504842      
-121509144.5545376     74801575.36905234      32336389.77201517      57750.50652504842      
-121552529.6653837     74740315.38276307      32309863.48518966      57750.53777504842      
-121595881.1657977     74679048.49471727      32283335.99736911      57750.56902504842      
-121639199.1591954     74617774.6944654       32256807.3018745       57750.60027504842      
-121682483.7487009     74556493.97096676      32230277.39169983      57750.63152504842      
-121725735.037144      74495206.31259157      32203746.25951328      57750.66277504842      
-121768953.1270576     74433911.70712364      32177213.89765852      57750.69402504842      
-121812138.1206743     74372610.14176236      32150680.2981559       57750.72527504842      
-121855290.119924      74311301.60312515      32124145.45270367      57750.75652504842      
-121898409.2264313     74249986.07724981      32097609.35267926      57750.78777504842      
-121941495.5415123     74188663.54959673      32071071.98914047      57750.81902504842      
-121984549.1661818     74127334.00503697      32044533.35282053      57750.85027504842      
-122027570.201111      74065997.42791162      32017993.43415404      57750.88152504842      
-122070558.7466845     74004653.80194853      31991452.22324114      57750.91277504842      
-122113514.9029575     73943303.1103216       31964909.70987344      57750.94402504842      
-122156438.7696631     73881945.33563885      31938365.88352905      57750.97527504842      
-122199330.4462097     73820580.45994471      31911820.73337384      57751.00652504842      
-122242190.0316782     73759208.46472234      31885274.24826264      57751.03777504842      
-122285017.6248195     73697829.33089581      31858726.41674047      57751.06902504842      
-122327813.3240515     73636443.03883255      31832177.22704376      57751.10027504842      
-122370577.2274567     73575049.56834544      31805626.66710161      57751.13152504842      
-122413309.4327793     73513648.89869533      31779074.72453691      57751.16277504842      
-122456010.037423      73452241.00859307      31752521.38666773      57751.19402504842      
-122498679.1384478     73390825.87620202      31725966.64050836      57751.22527504842      
-122541316.8325678     73329403.47914009      31699410.47277067      57751.25652504842      
-122583923.2161484     73267973.79448226      31672852.86986528      57751.28777504842      
-122626498.3852036     73206536.79876275      31646293.81790277      57751.31902504842      
-122669042.4353936     73145092.46797734      31619733.30269492      57751.35027504842      
-122711555.4620223     73083640.77758554      31593171.30975596      57751.38152504842      
-122754037.5600341     73022181.70251296      31566607.82430373      57751.41277504842      
-122796488.8240122     72960715.21715368      31540042.83126099      57751.44402504842      
-122838909.3481854     72899241.29535802      31513476.31525037      57751.47527504842      
-122881299.226386      72837759.91049223      31486908.2606204       57751.50652504842      
-122923658.5521066     72776271.03535484      31460338.6514096       57751.53777504842      
-122965987.4184585     72714774.64223617      31433767.47137247      57751.56902504842      
-123008285.9181781     72653270.70290639      31407194.70397448      57751.60027504842      
-123050554.1436254     72591759.18861774      31380620.33239336      57751.63152504842      
-123092792.1867807     72530240.07010679      31354044.33952031      57751.66277504842      
-123135000.1392427     72468713.31759681      31327466.7079612       57751.69402504842      
-123177178.0922254     72407178.90080002      31300887.42003785      57751.72527504842      
-123219326.1365564     72345636.78891993      31274306.45778923      57751.75652504842      
-123261444.3626734     72284086.95065351      31247723.80297271      57751.78777504842      
-123303532.8606228     72222529.35419366      31221139.43706528      57751.81902504842      
-123345591.7200565     72160963.96723138      31194553.34126481      57751.85027504842      
-123387621.0302297     72099390.75695813      31167965.49649125      57751.88152504842      
-123429620.8799985     72037809.69006817      31141375.88338794      57751.91277504842      
-123471591.3578174     71976220.73276079      31114784.48232277      57751.94402504842      
-123513532.5517368     71914623.85074264      31088191.27338945      57751.97527504842      
-123555444.5493704     71853019.00928222      31061596.23640965      57752.00652504842      
-123597327.4378791     71791406.17323506      31034999.35093435      57752.03777504842      
-123639181.3041953     71729785.30665874      31008400.59623919      57752.06902504842      
-123681006.2347306     71668156.37331088      30981799.95133365      57752.10027504842      
-123722802.3154799     71606519.33646819      30955197.3949593       57752.13152504842      
-123764569.6320202     71544874.1589288       30928592.90559106      57752.16277504842      
-123806308.2695074     71483220.80301465      30901986.46143839      57752.19402504842      
-123848018.3126742     71421559.23057371      30875378.04044665      57752.22527504842      
-123889699.8458277     71359889.40298241      30848767.62029824      57752.25652504842      
-123931352.952857      71298211.28113377      30822155.17840779      57752.28777504842      
-123972977.7171916     71236524.82549688      30795540.69194809      57752.31902504842      
-124014574.2218577     71174829.99603345      30768924.13781427      57752.35027504842      
-124056142.5494368     71113126.75225733      30742305.49264982      57752.38152504842      
-124097682.7820732     71051415.05322275      30715684.73284164      57752.41277504842      
-124139195.0014718     70989694.85752654      30689061.83452135      57752.44402504842      
-124180679.2888955     70927966.12331055      30662436.77356656      57752.47527504842      
-124222135.7251632     70866228.80826409      30635809.52560213      57752.50652504842      
-124263564.3906474     70804482.86962624      30609180.06600145      57752.53777504842      
-124304965.365272      70742728.26418823      30582548.36988778      57752.56902504842      
-124346338.7285099     70680964.948296        30555914.41213542      57752.60027504842      
-124387684.559381      70619192.87785234      30529278.16737113      57752.63152504842      
-124429002.9364495     70557412.0083195       30502639.60997533      57752.66277504842      
-124470293.9378224     70495622.29472151      30475998.71408342      57752.69402504842      
-124511557.6411464     70433823.69164667      30449355.45358709      57752.72527504842      
-124552794.1236065     70372016.15324979      30422709.80213561      57752.75652504842      
-124594003.4619232     70310199.63325489      30396061.73313713      57752.78777504842      
-124635185.7323506     70248374.08495736      30369411.21975996      57752.81902504842      
-124676341.0106742     70186539.46122657      30342758.23493395      57752.85027504842      
-124717469.3722086     70124695.71450819      30316102.75135171      57752.88152504842      
-124758570.8917955     70062842.79682675      30289444.74147         57752.91277504842      
-124799645.6438013     70000980.659788        30262784.17751098      57752.94402504842      
-124840693.7021153     69939109.25458139      30236121.0314636       57752.97527504842      
-124881715.1401664     69877228.53194809      30209455.27508474      57753.00652504842      
-124922710.0309293     69815338.44216955      30182786.87990052      57753.03777504842      
-124963678.4467795     69753438.93532395      30156115.8172085       57753.06902504842      
-125004620.4596752     69691529.96096124      30129442.05807789      57753.10027504842      
-125045536.1410867     69629611.46822731      30102765.57335129      57753.13152504842      
-125086425.5619945     69567683.40586652      30076086.33364604      57753.16277504842      
-125127288.7928871     69505745.72222418      30049404.30935555      57753.19402504842      
-125168125.9037589     69443798.36524898      30022719.47065066      57753.22527504842      
-125208936.9641082     69381841.2824956       29996031.78748096      57753.25652504842      
-125249722.0429351     69319874.42112707      29969341.22957616      57753.28777504842      
-125290481.2087396     69257897.72791739      29942647.76644747      57753.31902504842      
-125331214.5295196     69195911.14925399      29915951.36738886      57753.35027504842      
-125371922.0727685     69133914.63114041      29889252.00147857      57753.38152504842      
-125412603.9054738     69071908.1191985       29862549.63758033      57753.41277504842      
-125453260.0941145     69009891.55867134      29835844.24434482      57753.44402504842      
-125493890.7046596     68947864.89442542      29809135.79021098      57753.47527504842      
-125534495.802566      68885828.07095353      29782424.24340741      57753.50652504842      
-125575075.4527763     68823781.03237703      29755709.57195378      57753.53777504842      
-125615629.719717      68761723.72244857      29728991.74366213      57753.56902504842      
-125656158.6672969     68699656.08455464      29702270.72613831      57753.60027504842      
-125696662.3589046     68637578.06171806      29675546.48678338      57753.63152504842      
-125737140.8574069     68575489.59660068      29648818.99279492      57753.66277504842      
-125777594.2251469     68513390.63150585      29622088.21116849      57753.69402504842      
-125818022.523942      68451281.10838108      29595354.10869903      57753.72527504842      
-125858425.8150821     68389160.96882063      29568616.65198221      57753.75652504842      
-125898804.1593278     68327030.15406807      29541875.80741586      57753.78777504842      
-125939157.6169084     68264888.60501894      29515131.54120136      57753.81902504842      
-125979486.24752       68202736.26222333      29488383.81934509      57753.85027504842      
-126019790.1103238     68140573.06588851      29461632.60765976      57753.88152504842      
-126060069.2639443     68078398.9558816       29434877.87176592      57753.91277504842      
-126100323.7664675     68016213.87173212      29408119.57709328      57753.94402504842      
-126140553.6754388     67954017.75263463      29381357.68888222      57753.97527504842      
-126180759.0478618     67891810.53745146      29354592.17218516      57754.00652504842      
-126220939.9401959     67829592.1647153       29327822.99186796      57754.03777504842      
-126261096.4083548     67767362.57263188      29301050.11261143      57754.06902504842      
-126301228.5077049     67705121.69908254      29274273.4989127       57754.10027504842      
-126341336.2930634     67642869.48162706      29247493.11508666      57754.13152504842      
-126381419.8186965     67580605.85750616      29220708.92526742      57754.16277504842      
-126421479.1383179     67518330.76364426      29193920.89340975      57754.19402504842      
-126461514.305087      67456044.13665216      29167128.98329048      57754.22527504842      
-126501525.371607      67393745.91282973      29140333.15851001      57754.25652504842      
-126541512.3899236     67331436.02816854      29113533.38249369      57754.28777504842      
-126581475.4115231     67269114.4183546       29086729.61849336      57754.31902504842      
-126621414.4873309     67206781.01877116      29059921.8295887       57754.35027504842      
-126661329.6677096     67144435.76450112      29033109.97868877      57754.38152504842      
-126701221.0024577     67082078.59033007      29006294.02853341      57754.41277504842      
-126741088.5408077     67019709.43074884      28979473.94169478      57754.44402504842      
-126780932.3314249     66957328.2199562       28952649.68057872      57754.47527504842      
-126820752.4224052     66894934.89186163      28925821.20742631      57754.50652504842      
-126860548.8612741     66832529.38008805      28898988.48431527      57754.53777504842      
-126900321.694985      66770111.6179745       28872151.4731615       57754.56902504842      
-126940070.9699174     66707681.53857897      28845310.1357205       57754.60027504842      
-126979796.7318757     66645239.07468101      28818464.43358886      57754.63152504842      
-127019499.0260875     66582784.15878456      28791614.32820575      57754.66277504842      
-127059177.897202      66520316.72312067      28764759.78085441      57754.69402504842      
-127098833.3892888     66457836.69965027      28737900.7526636       57754.72527504842      
-127138465.5458362     66395344.02006686      28711037.20460913      57754.75652504842      
-127178074.4097498     66332838.61579934      28684169.09751528      57754.78777504842      
-127217660.0233511     66270320.4180147       28657296.39205638      57754.81902504842      
-127257222.428376      66207789.35762085      28630419.04875825      57754.85027504842      
-127296761.6659732     66145245.36526933      28603537.02799968      57754.88152504842      
-127336277.7767032     66082688.37135808      28576650.29001396      57754.91277504842      
-127375770.8005367     66020118.30603427      28549758.79489037      57754.94402504842      
-127415240.7768531     65957535.09919699      28522862.50257567      57754.97527504842      
-127454687.7444663     65894938.68044683      28495961.37287707      57755.00652504842      
-127494111.7416357     65832328.97906483      28469055.36546453      57755.03777504842      
-127533512.8058622     65769705.92441171      28442144.43986111      57755.06902504842      
-127572890.9741459     65707069.44542398      28415228.55545849      57755.10027504842      
-127612246.2828892     65644419.47080398      28388307.67151336      57755.13152504842      
-127651578.7678951     65581755.92902252      28361381.74714895      57755.16277504842      
-127690888.4643662     65519078.74832185      28334450.74135649      57755.19402504842      
-127730175.4069036     65456387.85671829      28307514.61299679      57755.22527504842      
-127769439.6295052     65393683.18200504      28280573.32080171      57755.25652504842      
-127808681.1655648     65330964.65175502      28253626.82337569      57755.28777504842      
-127847900.0478707     65268232.1933236       28226675.07919727      57755.31902504842      
-127887096.3086045     65205485.73385146      28199718.04662062      57755.35027504842      
-127926269.97934       65142725.20026723      28172755.68387701      57755.38152504842      
-127965421.0910419     65079950.5192905       28145787.94907641      57755.41277504842      
-128004549.6740647     65017161.61743446      28118814.80020895      57755.44402504842      
-128043655.7581516     64954358.42100871      28091836.19514647      57755.47527504842      
-128082739.372433      64891540.85612211      28064852.09164402      57755.50652504842      
-128121800.5454258     64828708.84868557      28037862.44734144      57755.53777504842      
-128160839.305032      64765862.3244148       28010867.21976482      57755.56902504842      
-128199855.6785377     64703001.2088332       27983866.36632806      57755.60027504842      
-128238849.6926121     64640125.42727455      27956859.84433441      57755.63152504842      
-128277821.3733059     64577234.90488592      27929847.61097798      57755.66277504842      
-128316770.746051      64514329.56663039      27902829.62334526      57755.69402504842      
-128355697.835659      64451409.33728994      27875805.83841667      57755.72527504842      
-128394602.6663108     64388474.14148285      27848776.21307438      57755.75652504842      
-128433485.2615925     64325523.90360791      27821740.70407867      57755.78777504842      
-128472345.6444395     64262558.54793514      27794699.2681072       57755.81902504842      
-128511183.8371719     64199577.99855         27767651.86173138      57755.85027504842      
-128549999.8614843     64136582.17937084      27740598.44142424      57755.88152504842      
-128588793.7384451     64073571.01415177      27713538.96356186      57755.91277504842      
-128627565.4884954     64010544.42648531      27686473.38442502      57755.94402504842      
-128666315.1314477     63947502.33980544      27659401.66020064      57755.97527504842      
-128705042.6864747     63884444.67741103      27632323.7469849       57756.00652504842      
-128743748.172104      63821371.36247735      27605239.60078537      57756.03777504842      
-128782431.6062959     63758282.31790462      27578149.17751125      57756.06902504842      
-128821093.0063406     63695177.46651949      27551052.43298946      57756.10027504842      
-128859732.3888954     63632056.73100413      27523949.32296078      57756.13152504842      
-128898349.7699838     63568920.03389885      27496839.80308137      57756.16277504842      
-128936945.1649945     63505767.29760505      27469723.8289243       57756.19402504842      
-128975518.5886803     63442598.44438803      27442601.3559811       57756.22527504842      
-129014070.0551579     63379413.39637973      27415472.33966325      57756.25652504842      
-129052599.5779063     63316212.07558157      27388336.73530379      57756.28777504842      
-129091107.1697664     63252994.40386728      27361194.49815876      57756.31902504842      
-129129592.8429402     63189760.30298569      27334045.58340883      57756.35027504842      
-129168056.6089897     63126509.69456353      27306889.94616073      57756.38152504842      
-129206498.4788362     63063242.50010823      27279727.54144886      57756.41277504842      
-129244918.4627598     62999958.64101076      27252558.3242368       57756.44402504842      
-129283316.570398      62936658.0385484       27225382.24941882      57756.47527504842      
-129321692.8107457     62873340.61388755      27198199.27182142      57756.50652504842      
-129360047.1921446     62810006.28810129      27171009.34621122      57756.53777504842      
-129398379.722319      62746654.98211314      27143812.42727114      57756.56902504842      
-129436690.408321      62683286.61678845      27116608.46963987      57756.60027504842      
-129474979.2565656     62619901.11287808      27089397.4278882       57756.63152504842      
-129513246.2728212     62556498.39103603      27062179.25652673      57756.66277504842      
-129551491.4622084     62493078.37182219      27034953.91000751      57756.69402504842      
-129589714.8291998     62429640.97570515      27007721.3427255       57756.72527504842      
-129627916.3776193     62366186.12306501      26980481.50902014      57756.75652504842      
-129666096.1106409     62302713.7341961       26953234.36317686      57756.78777504842      
-129704254.0307885     62239223.72930985      26925979.85942858      57756.81902504842      
-129742390.1399351     62175716.02853752      26898717.95195727      57756.85027504842      
-129780504.4393021     62112190.55193301      26871448.59489546      57756.88152504842      
-129818596.9294586     62048647.21947567      26844171.74232776      57756.91277504842      
-129856667.6103208     61985085.951073        26816887.34829238      57756.94402504842      
-129894716.4811513     61921506.6665635       26789595.36678269      57756.97527504842      
-129924805.2333988     61871190.01610667      26767996.58647283      57757.00000000001      
