400730.1610641142      3.637978807091713e-11  0                      57727                  
400730.7239134078      6.548361852765083e-11  -1.455191522836685e-11 57727.00069444445      
400732.1959107172      -2.182787284255028e-11 0                      57727.00251260376      
400736.1491542227      -3.637978807091713e-11 0                      57727.00740997888      
400746.1696739532      0                      1.455191522836685e-11  57727.01991984153      
400765.0494806655      7.275957614183426e-12  0                      57727.04387989068      
400789.0540146503      2.91038304567337e-11   -1.455191522836685e-11 57727.07512989068      
400812.3533325218      -6.548361852765083e-11 1.455191522836685e-11  57727.10637989068      
400834.9432244104      -7.275957614183426e-12 0                      57727.13762989068      
400856.8194722372      7.275957614183426e-12  -1.455191522836685e-11 57727.16887989068      
400877.9778502986      2.182787284255028e-11  -1.455191522836685e-11 57727.20012989068      
400898.4141258589      -7.275957614183426e-12 1.455191522836685e-11  57727.23137989068      
400918.1240597916      -2.182787284255028e-11 1.455191522836685e-11  57727.26262989068      
400937.1034071803      -1.455191522836685e-11 0                      57727.29387989068      
400955.3479179265      -7.275957614183426e-12 0                      57727.32512989068      
400972.8533374017      1.455191522836685e-11  1.455191522836685e-11  57727.35637989068      
400989.6154070627      -7.275957614183426e-12 0                      57727.38762989068      
401005.6298650751      1.455191522836685e-11  0                      57727.41887989068      
401020.892446978       1.455191522836685e-11  0                      57727.45012989068      
401035.3988862967      -3.637978807091713e-11 -2.91038304567337e-11  57727.48137989068      
401049.1449152145      -7.275957614183426e-12 0                      57727.51262989068      
401062.1262652122      1.455191522836685e-11  1.455191522836685e-11  57727.54387989068      
401074.3386677138      -4.365574568510056e-11 0                      57727.57512989068      
401085.7778547632      2.182787284255028e-11  0                      57727.60637989068      
401096.4395596768      7.275957614183426e-12  0                      57727.63762989068      
401106.3195177024      7.275957614183426e-12  0                      57727.66887989068      
401115.4134667041      2.182787284255028e-11  1.455191522836685e-11  57727.70012989068      
401123.7171478273      1.455191522836685e-11  2.91038304567337e-11   57727.73137989068      
401131.22630617        1.455191522836685e-11  1.455191522836685e-11  57727.76262989068      
401137.9366914749      -2.182787284255028e-11 -1.455191522836685e-11 57727.79387989068      
401143.8440588062      -2.182787284255028e-11 0                      57727.82512989068      
401148.9441692334      2.91038304567337e-11   0                      57727.85637989068      
401153.2327905301      -7.275957614183426e-12 -1.455191522836685e-11 57727.88762989068      
401156.7056978584      1.455191522836685e-11  1.455191522836685e-11  57727.91887989068      
401159.3586744718      -7.275957614183426e-12 -1.455191522836685e-11 57727.95012989068      
401161.1875124113      2.182787284255028e-11  0                      57727.98137989068      
401162.1880132073      1.455191522836685e-11  -1.455191522836685e-11 57728.01262989068      
401162.3559885866      3.637978807091713e-11  0                      57728.04387989068      
401161.6872611786      0                      0                      57728.07512989068      
401160.1776652276      2.546585164964199e-11  0                      57728.10637989068      
401157.8230473046      0                      0                      57728.13762989068      
401154.6192670229      1.455191522836685e-11  0                      57728.16887989068      
401150.5621977596      -3.637978807091713e-12 0                      57728.20012989068      
401145.6477273719      1.091393642127514e-11  -7.275957614183426e-12 57728.23137989068      
401139.8717589219      -2.182787284255028e-11 -7.275957614183426e-12 57728.26262989068      
401133.2302114065      0                      1.455191522836685e-11  57728.29387989068      
401125.719020477       1.455191522836685e-11  7.275957614183426e-12  57728.32512989068      
401117.3341391729      -3.637978807091713e-12 0                      57728.35637989068      
401108.0715386595      1.091393642127514e-11  0                      57728.38762989068      
401097.9272089486      -4.001776687800884e-11 0                      57728.41887989068      
401086.8971596508      1.455191522836685e-11  -7.275957614183426e-12 57728.45012989068      
401074.977420698       7.275957614183426e-12  0                      57728.48137989068      
401062.1640430887      1.091393642127514e-11  7.275957614183426e-12  57728.51262989068      
401048.4530996394      -7.275957614183426e-12 0                      57728.54387989068      
401033.840685709       1.091393642127514e-11  -7.275957614183426e-12 57728.57512989068      
401018.3229199522      1.818989403545856e-11  -1.455191522836685e-11 57728.60637989068      
401001.8959450771      -3.637978807091713e-12 0                      57728.63762989068      
400984.5559285713      -7.275957614183426e-12 7.275957614183426e-12  57728.66887989068      
400966.2990634608      -7.275957614183426e-12 -1.455191522836685e-11 57728.70012989068      
400947.1215690735      -1.091393642127514e-11 -7.275957614183426e-12 57728.73137989068      
400927.0196917661      3.637978807091713e-12  7.275957614183426e-12  57728.76262989068      
400905.9897056883      -1.091393642127514e-11 7.275957614183426e-12  57728.79387989068      
400884.0279135517      -7.275957614183426e-12 0                      57728.82512989068      
400861.1306473571      0                      0                      57728.85637989068      
400837.2942691619      0                      7.275957614183426e-12  57728.88762989068      
400812.515171857       3.637978807091713e-12  0                      57728.91887989068      
400786.7897798894      1.818989403545856e-11  0                      57728.95012989068      
400760.1145500377      2.182787284255028e-11  0                      57728.98137989068      
400732.4859721903      -3.637978807091713e-12 0                      57729.01262989068      
400703.9005700618      7.275957614183426e-12  -7.275957614183426e-12 57729.04387989068      
400674.3549020049      -7.275957614183426e-12 3.637978807091713e-12  57729.07512989068      
400643.8455617256      3.637978807091713e-12  0                      57729.10637989068      
400612.3691790636      -1.091393642127514e-11 -3.637978807091713e-12 57729.13762989068      
400579.9224207776      -1.818989403545856e-12 -1.091393642127514e-11 57729.16887989068      
400546.5019912634      3.637978807091713e-12  -3.637978807091713e-12 57729.20012989068      
400512.1046333376      -1.818989403545856e-12 0                      57729.23137989068      
400476.7271290257      -1.818989403545856e-12 -3.637978807091713e-12 57729.26262989068      
400440.3663002772      -7.275957614183426e-12 3.637978807091713e-12  57729.29387989068      
400403.0190097511      3.637978807091713e-12  7.275957614183426e-12  57729.32512989068      
400364.6821616068      1.818989403545856e-12  3.637978807091713e-12  57729.35637989068      
400325.3527022143      1.818989403545856e-12  0                      57729.38762989068      
400285.0276209433      7.275957614183426e-12  -3.637978807091713e-12 57729.41887989068      
400243.703950954       5.456968210637569e-12  3.637978807091713e-12  57729.45012989068      
400201.3787699044      3.637978807091713e-12  0                      57729.48137989068      
400158.0492007388      -7.275957614183426e-12 0                      57729.51262989068      
400113.7124124817      -5.456968210637569e-12 1.818989403545856e-12  57729.54387989068      
400068.3656209389      -1.818989403545856e-12 0                      57729.57512989068      
400022.0060894865      6.366462912410498e-12  1.818989403545856e-12  57729.60637989068      
399974.6311298664      -9.094947017729282e-13 -1.818989403545856e-12 57729.63762989068      
399926.2381028802      2.728484105318785e-12  3.637978807091713e-12  57729.66887989068      
399876.8244191802      -3.637978807091713e-12 1.818989403545856e-12  57729.70012989068      
399826.3875400632      -9.094947017729282e-13 1.818989403545856e-12  57729.73137989068      
399774.9249781589      -9.094947017729282e-13 1.818989403545856e-12  57729.76262989068      
399722.4342982207      4.547473508864641e-13  2.728484105318785e-12  57729.79387989068      
399668.9131179184      -9.094947017729282e-13 0                      57729.82512989068      
399614.3591085201      -4.547473508864641e-13 1.818989403545856e-12  57729.85637989068      
399558.7699956812      0                      -4.547473508864641e-13 57729.88762989068      
399502.1435602375      -4.547473508864641e-13 4.547473508864641e-13  57729.91887989068      
399444.4776388777      5.684341886080801e-13  -2.273736754432321e-13 57729.95012989068      
399385.7701249326      2.273736754432321e-13  6.821210263296962e-13  57729.98137989068      
399326.018969165       3.126388037344441e-13  -4.547473508864641e-13 57730.01262989068      
399265.2221804354      -1.364242052659392e-12 6.821210263296962e-13  57730.04387989068      
399203.3778264876      0                      0                      57730.07512989068      
399140.4840347379      2.046363078989089e-12  0                      57730.10637989068      
399087.8008367834      4.547473508864641e-13  9.094947017729282e-13  57730.13216332972      
399040.4099990609      1.364242052659392e-12  -9.094947017729282e-13 57730.15506261112      
398993.0396332148      9.094947017729282e-13  -9.094947017729282e-13 57730.17768350891      
398949.5134802533      -4.547473508864641e-12 1.818989403545856e-12  57730.19823970304      
398909.7662060073      -9.094947017729282e-13 0                      57730.21682544575      
398873.0848984899      3.637978807091713e-12  9.094947017729282e-13  57730.23382445362      
398838.0026888081      0                      0                      57730.24994833193      
398803.8038323557      -2.728484105318785e-12 0                      57730.26554298068      
398770.8267544043      9.094947017729282e-13  -1.818989403545856e-12 57730.28046782486      
398740.4143679968      -4.547473508864641e-12 -1.818989403545856e-12 57730.29413592431      
398711.6019464225      -7.275957614183426e-12 1.818989403545856e-12  57730.30700162883      
398684.0335546526      4.547473508864641e-12  -1.818989403545856e-12 57730.31923730367      
398656.1630976074      -5.456968210637569e-12 -1.818989403545856e-12 57730.33153424504      
398627.6502312271      -5.456968210637569e-12 -1.818989403545856e-12 57730.34404018048      
398599.7911749062      4.547473508864641e-12  -1.818989403545856e-12 57730.35618786062      
398570.9395402902      2.728484105318785e-12  1.818989403545856e-12  57730.36869513088      
398537.4335276604      1.818989403545856e-12  1.818989403545856e-12  57730.38312826048      
398503.8372105489      -4.547473508864641e-12 1.818989403545856e-12  57730.39750306251      
398470.6533385175      4.547473508864641e-12  -3.637978807091713e-12 57730.4116076659       
398435.5951975643      2.728484105318785e-12  -3.637978807091713e-12 57730.42640968852      
398395.3117476077      0                      -1.818989403545856e-12 57730.44329459259      
398351.552729325       3.637978807091713e-12  -1.818989403545856e-12 57730.46149015742      
398306.2387299425      3.637978807091713e-12  -3.637978807091713e-12 57730.48017570149      
398261.31520326        -1.818989403545856e-12 7.275957614183426e-12  57730.49854673222      
398213.0052353927      5.456968210637569e-12  -3.637978807091713e-12 57730.51813623893      
398152.7009346738      -5.456968210637569e-12 0                      57730.54235390247      
398082.1105053027      3.637978807091713e-12  -3.637978807091713e-12 57730.57038028532      
398005.8650350766      0                      0                      57730.60027504842      
397925.1150070126      9.094947017729282e-12  -3.637978807091713e-12 57730.63152504842      
397843.2929942061      5.456968210637569e-12  3.637978807091713e-12  57730.66277504842      
397760.3983815362      -5.456968210637569e-12 -7.275957614183426e-12 57730.69402504842      
397676.4306277789      3.637978807091713e-12  -3.637978807091713e-12 57730.72527504842      
397591.389266359       -9.094947017729282e-12 -3.637978807091713e-12 57730.75652504842      
397505.2739061053      -9.094947017729282e-12 0                      57730.78777504842      
397418.0842318221      -3.637978807091713e-12 -3.637978807091713e-12 57730.81902504842      
397329.8200050347      -2.000888343900442e-11 0                      57730.85027504842      
397240.481064737       -3.637978807091713e-12 7.275957614183426e-12  57730.88152504842      
397150.0673279481      -3.637978807091713e-12 0                      57730.91277504842      
397058.5787904508      -3.637978807091713e-12 1.091393642127514e-11  57730.94402504842      
396966.0155275299      -7.275957614183426e-12 0                      57730.97527504842      
396872.3776945151      -7.275957614183426e-12 7.275957614183426e-12  57731.00652504842      
396777.6655275094      -7.275957614183426e-12 1.455191522836685e-11  57731.03777504842      
396681.8793441196      1.455191522836685e-11  7.275957614183426e-12  57731.06902504842      
396585.019543983       7.275957614183426e-12  -1.455191522836685e-11 57731.10027504842      
396487.0866094861      3.637978807091713e-12  0                      57731.13152504842      
396388.0811064861      1.091393642127514e-11  -7.275957614183426e-12 57731.16277504842      
396288.0036848199      -1.091393642127514e-11 -7.275957614183426e-12 57731.19402504842      
396186.8550790143      -1.091393642127514e-11 -7.275957614183426e-12 57731.22527504842      
396084.6361089954      7.275957614183426e-12  -7.275957614183426e-12 57731.25652504842      
395981.3476805814      7.275957614183426e-12  0                      57731.28777504842      
395876.9907861814      0                      -7.275957614183426e-12 57731.31902504842      
395771.5665054931      1.455191522836685e-11  -1.455191522836685e-11 57731.35027504842      
395665.0760059784      3.637978807091713e-12  1.455191522836685e-11  57731.38152504842      
395557.5205435493      -3.637978807091713e-12 0                      57731.41277504842      
395448.9014632549      -3.637978807091713e-12 0                      57731.44402504842      
395339.2201997364      3.637978807091713e-12  0                      57731.47527504842      
395228.4782779017      -1.818989403545856e-11 1.455191522836685e-11  57731.50652504842      
395116.6773135983      7.275957614183426e-12  -7.275957614183426e-12 57731.53777504842      
395003.81901405        -2.91038304567337e-11  7.275957614183426e-12  57731.56902504842      
394889.9051785158      -2.546585164964199e-11 -7.275957614183426e-12 57731.60027504842      
394774.9376989513      0                      7.275957614183426e-12  57731.63152504842      
394658.9185604223      0                      0                      57731.66277504842      
394541.8498417514      1.818989403545856e-11  7.275957614183426e-12  57731.69402504842      
394423.733716163       1.455191522836685e-11  -7.275957614183426e-12 57731.72527504842      
394304.5724516764      1.091393642127514e-11  -7.275957614183426e-12 57731.75652504842      
394184.3684117358      1.091393642127514e-11  -7.275957614183426e-12 57731.78777504842      
394063.1240558411      -1.818989403545856e-11 0                      57731.81902504842      
393940.8419399162      -1.091393642127514e-11 -1.455191522836685e-11 57731.85027504842      
393817.5247169542      0                      0                      57731.88152504842      
393693.1751374844      -7.275957614183426e-12 7.275957614183426e-12  57731.91277504842      
393567.7960502079      1.818989403545856e-11  -7.275957614183426e-12 57731.94402504842      
393441.3904023356      -2.91038304567337e-11  -1.455191522836685e-11 57731.97527504842      
393313.9612401793      -7.275957614183426e-12 0                      57732.00652504842      
393185.5117097408      7.275957614183426e-12  0                      57732.03777504842      
393056.0450570246      -2.91038304567337e-11  1.455191522836685e-11  57732.06902504842      
392925.5646286103      1.455191522836685e-11  0                      57732.10027504842      
392794.0738722227      -7.275957614183426e-12 1.455191522836685e-11  57732.13152504842      
392661.5763370179      1.455191522836685e-11  -1.455191522836685e-11 57732.16277504842      
392528.0756741366      -3.637978807091713e-11 -1.455191522836685e-11 57732.19402504842      
392393.5756372523      1.455191522836685e-11  1.455191522836685e-11  57732.22527504842      
392258.0800828323      -7.275957614183426e-12 -2.91038304567337e-11  57732.25652504842      
392121.592970668       -2.91038304567337e-11  2.91038304567337e-11   57732.28777504842      
391984.1183644027      3.637978807091713e-11  1.455191522836685e-11  57732.31902504842      
391845.6604317637      0                      -2.91038304567337e-11  57732.35027504842      
391706.2234450709      0                      0                      57732.38152504842      
391565.8117817407      -3.637978807091713e-11 1.455191522836685e-11  57732.41277504842      
391424.4299244899      2.91038304567337e-11   1.455191522836685e-11  57732.44402504842      
391282.0824618527      2.182787284255028e-11  -1.455191522836685e-11 57732.47527504842      
391138.7740884958      1.455191522836685e-11  0                      57732.50652504842      
390994.5096057205      2.91038304567337e-11   0                      57732.53777504842      
390849.2939216302      7.275957614183426e-12  2.91038304567337e-11   57732.56902504842      
390703.1320515786      0                      -1.455191522836685e-11 57732.60027504842      
390556.0291186153      0                      0                      57732.63152504842      
390407.9903536144      -3.637978807091713e-11 0                      57732.66277504842      
390259.0210957004      -2.91038304567337e-11  0                      57732.69402504842      
390109.1267926673      -4.365574568510056e-11 0                      57732.72527504842      
389958.3130010742      4.365574568510056e-11  0                      57732.75652504842      
389806.5853866419      -2.182787284255028e-11 -1.455191522836685e-11 57732.78777504842      
389653.9497246443      -4.365574568510056e-11 0                      57732.81902504842      
389500.4118999682      7.275957614183426e-12  1.455191522836685e-11  57732.85027504842      
389345.9779075177      -2.182787284255028e-11 -2.91038304567337e-11  57732.88152504842      
389190.6538523933      7.275957614183426e-12  -1.455191522836685e-11 57732.91277504842      
389034.4459502779      1.455191522836685e-11  -1.455191522836685e-11 57732.94402504842      
388877.3605274486      4.365574568510056e-11  1.455191522836685e-11  57732.97527504842      
388719.4040211025      7.275957614183426e-12  -2.91038304567337e-11  57733.00652504842      
388560.5829796742      0                      0                      57733.03777504842      
388400.9040628108      -1.455191522836685e-11 0                      57733.06902504842      
388240.374041663       7.275957614183426e-12  -1.455191522836685e-11 57733.10027504842      
388078.9997991709      1.455191522836685e-11  0                      57733.13152504842      
387916.788329997       7.275957614183426e-12  -1.455191522836685e-11 57733.16277504842      
387753.7467407853      -2.182787284255028e-11 0                      57733.19402504842      
387589.8822504092      -4.365574568510056e-11 -1.455191522836685e-11 57733.22527504842      
387425.202189866       7.275957614183426e-12  0                      57733.25652504842      
387259.7140025362      1.455191522836685e-11  1.455191522836685e-11  57733.28777504842      
387093.4252442033      0                      0                      57733.31902504842      
386926.3435832899      2.182787284255028e-11  0                      57733.35027504842      
386758.4768006956      -7.275957614183426e-12 1.455191522836685e-11  57733.38152504842      
386589.8327899668      7.275957614183426e-12  0                      57733.41277504842      
386420.4195574568      -3.637978807091713e-11 0                      57733.44402504842      
386250.2452221182      -1.455191522836685e-11 -2.91038304567337e-11  57733.47527504842      
386079.3180156332      -2.182787284255028e-11 0                      57733.50652504842      
385907.6462825327      7.275957614183426e-12  -2.91038304567337e-11  57733.53777504842      
385735.238479942       2.91038304567337e-11   0                      57733.56902504842      
385562.1031777103      2.182787284255028e-11  0                      57733.60027504842      
385388.2490582848      -2.182787284255028e-11 0                      57733.63152504842      
385213.684916813       -1.455191522836685e-11 -1.455191522836685e-11 57733.66277504842      
385038.4196608241      -7.275957614183426e-12 1.455191522836685e-11  57733.69402504842      
384862.4623102592      -7.275957614183426e-11 0                      57733.72527504842      
384685.8219974883      0                      -2.91038304567337e-11  57733.75652504842      
384508.5079669423      0                      -4.365574568510056e-11 57733.78777504842      
384330.5295750962      7.275957614183426e-12  0                      57733.81902504842      
384151.8962904401      0                      2.91038304567337e-11   57733.85027504842      
383972.6176930591      0                      -1.455191522836685e-11 57733.88152504842      
383792.7034746112      7.275957614183426e-12  -1.455191522836685e-11 57733.91277504842      
383612.1634380393      2.182787284255028e-11  0                      57733.94402504842      
383431.0074975181      -7.275957614183426e-12 -1.455191522836685e-11 57733.97527504842      
383249.245677962       -2.182787284255028e-11 -1.455191522836685e-11 57734.00652504842      
383066.888114896       -2.91038304567337e-11  -2.91038304567337e-11  57734.03777504842      
382883.9450543086      2.91038304567337e-11   1.455191522836685e-11  57734.06902504842      
382700.4268521054      7.275957614183426e-12  1.455191522836685e-11  57734.10027504842      
382516.3439739269      3.637978807091713e-11  0                      57734.13152504842      
382331.7069949488      8.003553375601768e-11  -2.91038304567337e-11  57734.16277504842      
382146.5265992795      -1.455191522836685e-11 1.455191522836685e-11  57734.19402504842      
381960.8135797658      -2.91038304567337e-11  -2.91038304567337e-11  57734.22527504842      
381774.5788375231      -7.275957614183426e-12 2.91038304567337e-11   57734.25652504842      
381587.8333817065      2.91038304567337e-11   2.91038304567337e-11   57734.28777504842      
381400.5883288286      2.91038304567337e-11   0                      57734.31902504842      
381212.8549024478      3.637978807091713e-11  -1.455191522836685e-11 57734.35027504842      
381024.6444328392      -7.275957614183426e-12 1.455191522836685e-11  57734.38152504842      
380835.9683562517      -1.455191522836685e-11 1.455191522836685e-11  57734.41277504842      
380646.838214582       -2.182787284255028e-11 0                      57734.44402504842      
380457.2656547668      4.365574568510056e-11  0                      57734.47527504842      
380267.2624284175      -4.365574568510056e-11 0                      57734.50652504842      
380076.8403909947      7.275957614183426e-12  -2.91038304567337e-11  57734.53777504842      
379886.0115013575      3.637978807091713e-11  0                      57734.56902504842      
379694.7878212946      -2.91038304567337e-11  2.91038304567337e-11   57734.60027504842      
379503.181514633       2.182787284255028e-11  0                      57734.63152504842      
379311.2048467707      1.455191522836685e-11  0                      57734.66277504842      
379118.8701839207      2.182787284255028e-11  2.91038304567337e-11   57734.69402504842      
378926.189992602       -5.093170329928398e-11 0                      57734.72527504842      
378733.1768386606      -1.455191522836685e-11 -2.91038304567337e-11  57734.75652504842      
378539.8433866707      0                      -2.91038304567337e-11  57734.78777504842      
378346.2023993178      0                      2.91038304567337e-11   57734.81902504842      
378152.2667363503      -7.275957614183426e-12 -2.91038304567337e-11  57734.85027504842      
377958.0493539617      7.275957614183426e-12  -2.91038304567337e-11  57734.88152504842      
377763.5633038789      -1.455191522836685e-11 5.820766091346741e-11  57734.91277504842      
377568.8217326989      -7.275957614183426e-12 0                      57734.94402504842      
377373.8378807498      -2.182787284255028e-11 0                      57734.97527504842      
377178.6250813372      2.91038304567337e-11   0                      57735.00652504842      
376983.1967599668      2.182787284255028e-11  -2.91038304567337e-11  57735.03777504842      
376787.5664331352      -2.182787284255028e-11 0                      57735.06902504842      
376591.747707552       -1.455191522836685e-11 0                      57735.10027504842      
376395.7542790643      -1.455191522836685e-11 0                      57735.13152504842      
376199.5999318331      0                      0                      57735.16277504842      
376003.2985370268      1.455191522836685e-11  0                      57735.19402504842      
375806.8640519041      0                      0                      57735.22527504842      
375610.3105188708      7.275957614183426e-12  -2.91038304567337e-11  57735.25652504842      
375413.6520641031      0                      0                      57735.28777504842      
375216.9028966017      -7.275957614183426e-12 0                      57735.31902504842      
375020.0773069487      0                      2.91038304567337e-11   57735.35027504842      
374823.1896663142      -2.91038304567337e-11  0                      57735.38152504842      
374626.2544249793      3.637978807091713e-12  0                      57735.41277504842      
374429.2861112489      -1.091393642127514e-11 0                      57735.44402504842      
374232.2993303369      0                      2.91038304567337e-11   57735.47527504842      
374035.3087628172      7.275957614183426e-12  2.91038304567337e-11   57735.50652504842      
373838.3291635057      -1.091393642127514e-11 0                      57735.53777504842      
373641.3753600436      -1.091393642127514e-11 -2.91038304567337e-11  57735.56902504842      
373444.46225173        7.275957614183426e-12  5.820766091346741e-11  57735.60027504842      
373247.6048078721      -7.275957614183426e-12 2.91038304567337e-11   57735.63152504842      
373050.818066568       1.091393642127514e-11  0                      57735.66277504842      
372854.1171331888      2.91038304567337e-11   0                      57735.69402504842      
372657.5171791116      7.275957614183426e-12  2.91038304567337e-11   57735.72527504842      
372461.0334399692      2.546585164964199e-11  0                      57735.75652504842      
372264.6812142861      -1.091393642127514e-11 2.91038304567337e-11   57735.78777504842      
372068.475862089       -1.455191522836685e-11 -2.91038304567337e-11  57735.81902504842      
371872.4328030823      -2.546585164964199e-11 2.91038304567337e-11   57735.85027504842      
371676.5675152538      2.546585164964199e-11  -2.91038304567337e-11  57735.88152504842      
371480.8955331817      1.455191522836685e-11  -2.91038304567337e-11  57735.91277504842      
371285.4324465912      -7.275957614183426e-12 5.820766091346741e-11  57735.94402504842      
371090.1938984283      1.455191522836685e-11  2.91038304567337e-11   57735.97527504842      
370895.1955833212      3.637978807091713e-12  2.91038304567337e-11   57736.00652504842      
370700.4532460138      -1.091393642127514e-11 0                      57736.03777504842      
370505.9826793682      -3.637978807091713e-12 2.91038304567337e-11   57736.06902504842      
370311.7997227939      -3.637978807091713e-12 0                      57736.10027504842      
370117.9202603823      -1.091393642127514e-11 2.91038304567337e-11   57736.13152504842      
369924.3602192872      -7.275957614183426e-12 2.91038304567337e-11   57736.16277504842      
369731.1355676284      3.637978807091713e-12  2.91038304567337e-11   57736.19402504842      
369538.2623128236      -3.637978807091713e-12 0                      57736.22527504842      
369345.7564996254      5.456968210637569e-12  0                      57736.25652504842      
369153.6342084028      7.275957614183426e-12  2.91038304567337e-11   57736.28777504842      
368961.9115529513      -5.456968210637569e-12 5.820766091346741e-11  57736.31902504842      
368770.604678727       -3.637978807091713e-12 0                      57736.35027504842      
368579.7297607893      7.275957614183426e-12  0                      57736.38152504842      
368389.3030019859      3.637978807091713e-12  0                      57736.41277504842      
368199.3406306719      1.091393642127514e-11  0                      57736.44402504842      
368009.8588988049      -3.637978807091713e-12 0                      57736.47527504842      
367820.8740800178      5.456968210637569e-12  0                      57736.50652504842      
367632.402467292       1.818989403545856e-12  0                      57736.53777504842      
367444.4603709705      -1.818989403545856e-12 -5.820766091346741e-11 57736.56902504842      
367257.0641165701      3.637978807091713e-12  2.91038304567337e-11   57736.60027504842      
367070.2300428228      1.818989403545856e-12  -2.91038304567337e-11  57736.63152504842      
366883.9744992402      -3.637978807091713e-12 2.91038304567337e-11   57736.66277504842      
366698.3138440944      -1.818989403545856e-12 0                      57736.69402504842      
366513.2644421169      0                      -2.91038304567337e-11  57736.72527504842      
366328.8426624365      9.094947017729282e-13  0                      57736.75652504842      
366145.0648760664      -9.094947017729282e-13 -2.91038304567337e-11  57736.78777504842      
365961.9474538027      9.094947017729282e-13  2.91038304567337e-11   57736.81902504842      
365779.5067638453      0                      -2.91038304567337e-11  57736.85027504842      
365597.7591696558      4.547473508864641e-13  2.91038304567337e-11   57736.88152504842      
365416.7210273717      4.547473508864641e-13  2.91038304567337e-11   57736.91277504842      
365236.4086835852      -2.273736754432321e-13 2.91038304567337e-11   57736.94402504842      
365056.8384731016      -2.273736754432321e-13 -2.91038304567337e-11  57736.97527504842      
364878.0267163027      -1.70530256582424e-13  0                      57737.00652504842      
364699.9897169137      2.273736754432321e-13  -2.91038304567337e-11  57737.03777504842      
364522.7437595017      -1.13686837721616e-13  2.91038304567337e-11   57737.06902504842      
364346.305107206       -1.818989403545856e-12 2.91038304567337e-11   57737.10027504842      
364170.6899990407      -3.637978807091713e-12 -2.91038304567337e-11  57737.13152504842      
363995.9146475947      3.637978807091713e-12  0                      57737.16277504842      
363821.9952364703      3.183231456205249e-12  0                      57737.19402504842      
363648.94791795        2.273736754432321e-12  2.91038304567337e-11   57737.22527504842      
363476.788810247       -1.818989403545856e-12 0                      57737.25652504842      
363305.5339951453      -1.818989403545856e-12 2.91038304567337e-11   57737.28777504842      
363135.1995153866      0                      5.820766091346741e-11  57737.31902504842      
362965.8013722834      8.185452315956354e-12  0                      57737.35027504842      
362797.3555229232      1.818989403545856e-12  5.820766091346741e-11  57737.38152504842      
362629.8778777613      1.818989403545856e-12  2.91038304567337e-11   57737.41277504842      
362463.3842979626      5.456968210637569e-12  -2.91038304567337e-11  57737.44402504842      
362297.89059297        0                      2.91038304567337e-11   57737.47527504842      
362133.4125176744      3.637978807091713e-12  0                      57737.50652504842      
361969.9657699664      -1.091393642127514e-11 -2.91038304567337e-11  57737.53777504842      
361807.5659880458      -1.091393642127514e-11 2.91038304567337e-11   57737.56902504842      
361646.2287479543      1.091393642127514e-11  2.91038304567337e-11   57737.60027504842      
361485.9695607218      -1.2732925824821e-11   2.91038304567337e-11   57737.63152504842      
361326.8038698868      -7.275957614183426e-12 2.91038304567337e-11   57737.66277504842      
361168.7470487857      5.456968210637569e-12  0                      57737.69402504842      
361011.8143980586      9.094947017729282e-12  -2.91038304567337e-11  57737.72527504842      
360856.0211427849      1.818989403545856e-12  0                      57737.75652504842      
360701.3824299835      -1.637090463191271e-11 -2.91038304567337e-11  57737.78777504842      
360547.913325891       1.455191522836685e-11  2.91038304567337e-11   57737.81902504842      
360395.6288134558      -3.637978807091713e-12 0                      57737.85027504842      
360244.5437894711      -1.455191522836685e-11 2.91038304567337e-11   57737.88152504842      
360094.6730620691      -3.637978807091713e-12 -2.91038304567337e-11  57737.91277504842      
359946.0313480009      7.275957614183426e-12  -2.91038304567337e-11  57737.94402504842      
359798.6332701272      -2.546585164964199e-11 0                      57737.97527504842      
359652.4933545658      -2.182787284255028e-11 -2.91038304567337e-11  57738.00652504842      
359507.6260281897      0                      2.91038304567337e-11   57738.03777504842      
359364.0456159209      -3.637978807091713e-12 0                      57738.06902504842      
359221.7663382325      -1.455191522836685e-11 -2.91038304567337e-11  57738.10027504842      
359080.8023083225      1.091393642127514e-11  2.91038304567337e-11   57738.13152504842      
358941.1675296281      -1.091393642127514e-11 2.91038304567337e-11   57738.16277504842      
358802.8758931484      0                      2.91038304567337e-11   57738.19402504842      
358665.9411749702      0                      0                      57738.22527504842      
358530.3770334809      2.546585164964199e-11  2.91038304567337e-11   57738.25652504842      
358396.1970069138      -2.182787284255028e-11 2.91038304567337e-11   57738.28777504842      
358263.414510713       3.637978807091713e-12  -2.91038304567337e-11  57738.31902504842      
358132.0428350956      -3.637978807091713e-12 0                      57738.35027504842      
358002.0951423187      -7.275957614183426e-12 2.91038304567337e-11   57738.38152504842      
357873.5844642696      1.455191522836685e-11  0                      57738.41277504842      
357746.5236998855      -1.818989403545856e-11 -2.91038304567337e-11  57738.44402504842      
357620.9256127679      1.455191522836685e-11  2.91038304567337e-11   57738.47527504842      
357496.8028285168      3.637978807091713e-12  2.91038304567337e-11   57738.50652504842      
357374.1678323798      -2.546585164964199e-11 -2.91038304567337e-11  57738.53777504842      
357253.0329667418      -1.818989403545856e-11 0                      57738.56902504842      
357133.4104288038      1.455191522836685e-11  0                      57738.60027504842      
357015.3122680014      -1.091393642127514e-11 2.91038304567337e-11   57738.63152504842      
356898.7503837245      0                      0                      57738.66277504842      
356783.7365228926      3.637978807091713e-12  0                      57738.69402504842      
356670.2822777126      -1.091393642127514e-11 0                      57738.72527504842      
356558.3990831941      4.365574568510056e-11  2.91038304567337e-11   57738.75652504842      
356448.0982149563      -7.275957614183426e-12 -2.91038304567337e-11  57738.78777504842      
356339.3907869263      -7.275957614183426e-12 -2.91038304567337e-11  57738.81902504842      
356232.2877490655      2.546585164964199e-11  -2.91038304567337e-11  57738.85027504842      
356126.7998852471      7.275957614183426e-12  2.91038304567337e-11   57738.88152504842      
356022.9378109125      1.455191522836685e-11  0                      57738.91277504842      
355920.7119710065      0                      0                      57738.94402504842      
355820.1326377935      -2.182787284255028e-11 0                      57738.97527504842      
355721.209908845       7.275957614183426e-12  1.455191522836685e-11  57739.00652504842      
355623.9537048261      0                      1.455191522836685e-11  57739.03777504842      
355528.3737675481      -2.182787284255028e-11 0                      57739.06902504842      
355434.4796579133      1.455191522836685e-11  -1.455191522836685e-11 57739.10027504842      
355342.2807540289      0                      -1.455191522836685e-11 57739.13152504842      
355251.7862491343      1.455191522836685e-11  0                      57739.16277504842      
355163.005149785       -7.275957614183426e-12 4.365574568510056e-11  57739.19402504842      
355075.9462739413      0                      -1.455191522836685e-11 57739.22527504842      
354990.6182492177      1.455191522836685e-11  0                      57739.25652504842      
354907.0295109672      1.455191522836685e-11  0                      57739.28777504842      
354825.1883006078      -1.455191522836685e-11 1.455191522836685e-11  57739.31902504842      
354745.1026638855      7.275957614183426e-12  -1.455191522836685e-11 57739.35027504842      
354666.7804491803      2.91038304567337e-11   -1.455191522836685e-11 57739.38152504842      
354590.229305944       -1.455191522836685e-11 -1.455191522836685e-11 57739.41277504842      
354515.4566829958      -5.093170329928398e-11 0                      57739.44402504842      
354442.4698270445      2.91038304567337e-11   0                      57739.47527504842      
354371.2757811442      -2.182787284255028e-11 0                      57739.50652504842      
354301.8813832952      7.275957614183426e-12  0                      57739.53777504842      
354234.2932649222      -3.637978807091713e-11 0                      57739.56902504842      
354168.5178495647      1.455191522836685e-11  0                      57739.60027504842      
354104.5613515139      2.91038304567337e-11   -4.365574568510056e-11 57739.63152504842      
354042.4297745862      -3.637978807091713e-11 -1.455191522836685e-11 57739.66277504842      
353982.1289107946      7.275957614183426e-12  0                      57739.69402504842      
353923.6643392172      -7.275957614183426e-12 1.455191522836685e-11  57739.72527504842      
353867.0414248368      0                      0                      57739.75652504842      
353812.2653174321      -7.275957614183426e-12 0                      57739.78777504842      
353759.3409505814      2.182787284255028e-11  -1.455191522836685e-11 57739.81902504842      
353708.273040586       0                      0                      57739.85027504842      
353659.0660855736      -1.455191522836685e-11 -2.91038304567337e-11  57739.88152504842      
353611.7243645743      -7.275957614183426e-12 0                      57739.91277504842      
353566.2519367164      7.275957614183426e-12  -1.455191522836685e-11 57739.94402504842      
353522.6526403609      -2.182787284255028e-11 0                      57739.97527504842      
353480.9300924005      -7.275957614183426e-12 1.455191522836685e-11  57740.00652504842      
353441.0876875516      -2.182787284255028e-11 0                      57740.03777504842      
353403.1285977028      -3.637978807091713e-11 1.455191522836685e-11  57740.06902504842      
353367.0557713579      -3.637978807091713e-11 0                      57740.10027504842      
353332.8719330435      6.548361852765083e-11  1.455191522836685e-11  57740.13152504842      
353300.5795828584      2.182787284255028e-11  -1.455191522836685e-11 57740.16277504842      
353270.180996024       7.275957614183426e-12  -2.91038304567337e-11  57740.19402504842      
353241.6782225312      -5.093170329928398e-11 0                      57740.22527504842      
353215.0730867703      4.365574568510056e-11  1.455191522836685e-11  57740.25652504842      
353190.3671872859      -7.275957614183426e-12 0                      57740.28777504842      
353167.561896549       0                      0                      57740.31902504842      
353146.6583607843      0                      -1.455191522836685e-11 57740.35027504842      
353127.6574998769      5.093170329928398e-11  0                      57740.38152504842      
353110.5600072821      1.455191522836685e-11  -1.455191522836685e-11 57740.41277504842      
353095.3663500401      -2.182787284255028e-11 0                      57740.44402504842      
353082.0767688171      -1.455191522836685e-11 1.455191522836685e-11  57740.47527504842      
353070.6912780053      -2.91038304567337e-11  1.455191522836685e-11  57740.50652504842      
353061.2096659016      -1.455191522836685e-11 1.455191522836685e-11  57740.53777504842      
353053.6314949127      -7.275957614183426e-12 1.455191522836685e-11  57740.56902504842      
353047.9561018081      4.365574568510056e-11  -1.455191522836685e-11 57740.60027504842      
353044.1825980329      1.455191522836685e-11  1.455191522836685e-11  57740.63152504842      
353042.3098700831      4.365574568510056e-11  1.455191522836685e-11  57740.66277504842      
353042.3365799253      2.91038304567337e-11   0                      57740.69402504842      
353044.2611654785      -2.91038304567337e-11  1.455191522836685e-11  57740.72527504842      
353048.0818411438      0                      1.455191522836685e-11  57740.75652504842      
353053.79659839        -2.182787284255028e-11 0                      57740.78777504842      
353061.4032063818      2.91038304567337e-11   0                      57740.81902504842      
353070.8992126773      0                      0                      57740.85027504842      
353082.2819439612      -2.182787284255028e-11 0                      57740.88152504842      
353095.5485068376      0                      1.455191522836685e-11  57740.91277504842      
353110.6957886752      -7.275957614183426e-12 0                      57740.94402504842      
353127.7204584863      -5.820766091346741e-11 1.455191522836685e-11  57740.97527504842      
353146.6189678907      -7.275957614183426e-12 1.455191522836685e-11  57741.00652504842      
353167.3875520956      -7.275957614183426e-12 0                      57741.03777504842      
353190.0222309472      7.275957614183426e-12  0                      57741.06902504842      
353214.5188100009      1.455191522836685e-11  0                      57741.10027504842      
353240.8728816939      7.275957614183426e-12  -2.91038304567337e-11  57741.13152504842      
353269.0798265137      4.365574568510056e-11  1.455191522836685e-11  57741.16277504842      
353299.1348142385      -7.275957614183426e-12 0                      57741.19402504842      
353331.0328052297      -2.182787284255028e-11 -1.455191522836685e-11 57741.22527504842      
353364.7685517313      2.546585164964199e-11  -1.455191522836685e-11 57741.25652504842      
353400.3365992905      1.818989403545856e-11  0                      57741.28777504842      
353437.7312881503      7.275957614183426e-12  0                      57741.31902504842      
353476.9467547227      -7.275957614183426e-12 -7.275957614183426e-12 57741.35027504842      
353517.976933109       -2.91038304567337e-11  1.455191522836685e-11  57741.38152504842      
353560.8155566156      1.091393642127514e-11  1.455191522836685e-11  57741.41277504842      
353605.4561594074      2.546585164964199e-11  0                      57741.44402504842      
353651.892078109       -3.637978807091713e-11 7.275957614183426e-12  57741.47527504842      
353700.1164534953      -1.455191522836685e-11 -7.275957614183426e-12 57741.50652504842      
353750.122232223       -7.275957614183426e-12 -7.275957614183426e-12 57741.53777504842      
353801.9021685465      2.546585164964199e-11  0                      57741.56902504842      
353855.4488261868      1.091393642127514e-11  -7.275957614183426e-12 57741.60027504842      
353910.7545801245      -3.637978807091713e-12 -7.275957614183426e-12 57741.63152504842      
353967.8116184888      -1.455191522836685e-11 -7.275957614183426e-12 57741.66277504842      
354026.6119444838      2.91038304567337e-11   -7.275957614183426e-12 57741.69402504842      
354087.1473782838      7.275957614183426e-12  -7.275957614183426e-12 57741.72527504842      
354149.4095591009      0                      7.275957614183426e-12  57741.75652504842      
354213.3899471493      0                      -7.275957614183426e-12 57741.78777504842      
354279.0798257136      1.818989403545856e-11  -7.275957614183426e-12 57741.81902504842      
354346.4703032497      -7.275957614183426e-12 7.275957614183426e-12  57741.85027504842      
354415.552315441       0                      -7.275957614183426e-12 57741.88152504842      
354486.3166274414      2.182787284255028e-11  -7.275957614183426e-12 57741.91277504842      
354558.7538359935      1.818989403545856e-11  0                      57741.94402504842      
354632.8543716528      -2.182787284255028e-11 -1.455191522836685e-11 57741.97527504842      
354708.6085010433      -1.091393642127514e-11 7.275957614183426e-12  57742.00652504842      
354786.0063290535      -3.637978807091713e-12 0                      57742.03777504842      
354865.0378012327      -1.091393642127514e-11 0                      57742.06902504842      
354945.6927060407      7.275957614183426e-12  7.275957614183426e-12  57742.10027504842      
355027.960677208       3.637978807091713e-12  0                      57742.13152504842      
355111.8311961226      3.637978807091713e-12  7.275957614183426e-12  57742.16277504842      
355197.2935941431      7.275957614183426e-12  -3.637978807091713e-12 57742.19402504842      
355284.3370551278      -7.275957614183426e-12 3.637978807091713e-12  57742.22527504842      
355372.9506177923      -7.275957614183426e-12 3.637978807091713e-12  57742.25652504842      
355463.1231781823      9.094947017729282e-12  0                      57742.28777504842      
355554.8434921494      0                      0                      57742.31902504842      
355648.100177865       -7.275957614183426e-12 0                      57742.35027504842      
355742.8817182439      3.637978807091713e-12  3.637978807091713e-12  57742.38152504842      
355839.1764636028      5.456968210637569e-12  3.637978807091713e-12  57742.41277504842      
355936.972634116       1.818989403545856e-12  0                      57742.44402504842      
356036.2583223961      5.456968210637569e-12  7.275957614183426e-12  57742.47527504842      
356137.0214960896      1.818989403545856e-12  0                      57742.50652504842      
356239.2500003686      -5.456968210637569e-12 0                      57742.53777504842      
356342.931560669       5.456968210637569e-12  0                      57742.56902504842      
356448.0537852063      -3.637978807091713e-12 -3.637978807091713e-12 57742.60027504842      
356554.6041676184      -5.456968210637569e-12 -1.818989403545856e-12 57742.63152504842      
356662.5700896195      -1.818989403545856e-12 3.637978807091713e-12  57742.66277504842      
356771.9388235375      -9.094947017729282e-13 0                      57742.69402504842      
356882.6975351098      -9.094947017729282e-13 1.818989403545856e-12  57742.72527504842      
356994.8332860359      -9.094947017729282e-13 -1.818989403545856e-12 57742.75652504842      
357108.3330366598      -1.818989403545856e-12 0                      57742.78777504842      
357223.1836486341      -9.094947017729282e-13 1.818989403545856e-12  57742.81902504842      
357339.3718876151      2.273736754432321e-12  -1.818989403545856e-12 57742.85027504842      
357456.884425824       -1.818989403545856e-12 0                      57742.88152504842      
357575.7078448846      1.364242052659392e-12  9.094947017729282e-13  57742.91277504842      
357695.8286383894      4.547473508864641e-13  4.547473508864641e-13  57742.94402504842      
357817.233214603       0                      0                      57742.97527504842      
357939.907899168       1.13686837721616e-13   0                      57743.00652504842      
358063.8389376643      3.268496584496461e-13  2.557953848736361e-13  57743.03777504842      
358189.0124984563      2.273736754432321e-13  2.273736754432321e-13  57743.06902504842      
358315.414675249       -2.728484105318785e-12 -4.547473508864641e-13 57743.10027504842      
358443.0314897859      -1.364242052659392e-12 4.547473508864641e-13  57743.13152504842      
358571.8488945134      9.094947017729282e-13  0                      57743.16277504842      
358701.8527752709      9.094947017729282e-13  -2.728484105318785e-12 57743.19402504842      
358833.028953824       -2.728484105318785e-12 1.818989403545856e-12  57743.22527504842      
358965.3631906945      2.728484105318785e-12  0                      57743.25652504842      
359098.8411876814      -1.818989403545856e-12 0                      57743.28777504842      
359233.448590524       -4.547473508864641e-12 -1.818989403545856e-12 57743.31902504842      
359369.1709915287      -6.366462912410498e-12 0                      57743.35027504842      
359505.9939322158      9.094947017729282e-13  -1.818989403545856e-12 57743.38152504842      
359643.9029058006      -1.818989403545856e-12 1.818989403545856e-12  57743.41277504842      
359782.8833599788      -9.094947017729282e-12 -5.456968210637569e-12 57743.44402504842      
359922.9206993872      1.818989403545856e-12  -3.637978807091713e-12 57743.47527504842      
360064.0002882068      -3.637978807091713e-12 0                      57743.50652504842      
360206.1074527588      -3.637978807091713e-12 3.637978807091713e-12  57743.53777504842      
360349.2274839205      0                      3.637978807091713e-12  57743.56902504842      
360493.3456398581      0                      3.637978807091713e-12  57743.60027504842      
360638.447148416       -5.456968210637569e-12 3.637978807091713e-12  57743.63152504842      
360784.5172096556      -1.2732925824821e-11   -7.275957614183426e-12 57743.66277504842      
360931.5409983463      -1.091393642127514e-11 3.637978807091713e-12  57743.69402504842      
361079.503666475       -1.2732925824821e-11   3.637978807091713e-12  57743.72527504842      
361228.3903455667      -1.2732925824821e-11   -3.637978807091713e-12 57743.75652504842      
361378.1861493326      0                      7.275957614183426e-12  57743.78777504842      
361528.8761759576      -9.094947017729282e-12 -3.637978807091713e-12 57743.81902504842      
361680.4455105399      0                      3.637978807091713e-12  57743.85027504842      
361832.8792274802      -3.637978807091713e-12 -1.091393642127514e-11 57743.88152504842      
361986.1623928851      0                      0                      57743.91277504842      
362140.2800667751      -3.637978807091713e-12 7.275957614183426e-12  57743.94402504842      
362295.2173056281      -1.091393642127514e-11 0                      57743.97527504842      
362450.9591645465      0                      7.275957614183426e-12  57744.00652504842      
362607.490699582       -3.637978807091713e-12 0                      57744.03777504842      
362764.796970004       0                      0                      57744.06902504842      
362922.8630405821      2.182787284255028e-11  0                      57744.10027504842      
363081.6739836647      3.637978807091713e-12  7.275957614183426e-12  57744.13152504842      
363241.2148816019      0                      -7.275957614183426e-12 57744.16277504842      
363401.4708287789      0                      -7.275957614183426e-12 57744.19402504842      
363562.4269338105      1.455191522836685e-11  0                      57744.22527504842      
363724.0683216749      1.455191522836685e-11  7.275957614183426e-12  57744.25652504842      
363886.3801358627      -1.455191522836685e-11 0                      57744.28777504842      
364049.3475403141      -7.275957614183426e-12 7.275957614183426e-12  57744.31902504842      
364212.9557217077      3.637978807091713e-12  0                      57744.35027504842      
364377.1898913502      2.546585164964199e-11  0                      57744.38152504842      
364542.0352872289      -2.91038304567337e-11  -1.455191522836685e-11 57744.41277504842      
364707.4771760023      1.091393642127514e-11  0                      57744.44402504842      
364873.5008549673      1.455191522836685e-11  0                      57744.47527504842      
365040.0916540365      1.091393642127514e-11  1.455191522836685e-11  57744.50652504842      
365207.2349374573      -1.818989403545856e-11 0                      57744.53777504842      
365374.916105964       7.275957614183426e-12  -7.275957614183426e-12 57744.56902504842      
365543.1205984972      3.637978807091713e-12  -1.455191522836685e-11 57744.60027504842      
365711.8338940656      -7.275957614183426e-12 7.275957614183426e-12  57744.63152504842      
365881.0415135564      3.637978807091713e-11  7.275957614183426e-12  57744.66277504842      
366050.7290215568      -7.275957614183426e-12 -7.275957614183426e-12 57744.69402504842      
366220.8820279536      -2.182787284255028e-11 -2.182787284255028e-11 57744.72527504842      
366391.4861898994      1.091393642127514e-11  7.275957614183426e-12  57744.75652504842      
366562.5272133588      4.365574568510056e-11  0                      57744.78777504842      
366733.9908548233      0                      -1.455191522836685e-11 57744.81902504842      
366905.8629229611      2.91038304567337e-11   1.455191522836685e-11  57744.85027504842      
367078.1292802403      0                      0                      57744.88152504842      
367250.7758445628      -7.275957614183426e-12 -1.455191522836685e-11 57744.91277504842      
367423.7885906733      0                      0                      57744.94402504842      
367597.15355194        7.275957614183426e-12  -1.455191522836685e-11 57744.97527504842      
367770.8568217084      -2.91038304567337e-11  1.455191522836685e-11  57745.00652504842      
367944.8845548277      5.093170329928398e-11  0                      57745.03777504842      
368119.2229691091      -7.275957614183426e-12 0                      57745.06902504842      
368293.8583467991      0                      -2.91038304567337e-11  57745.10027504842      
368468.7770358206      -2.182787284255028e-11 -1.455191522836685e-11 57745.13152504842      
368643.965451394       2.91038304567337e-11   0                      57745.16277504842      
368819.4100772241      -3.637978807091713e-11 -4.365574568510056e-11 57745.19402504842      
368995.0974668628      -7.275957614183426e-12 0                      57745.22527504842      
369171.014245005       1.455191522836685e-11  1.455191522836685e-11  57745.25652504842      
369347.1471087555      2.182787284255028e-11  1.455191522836685e-11  57745.28777504842      
369523.4828289106      -1.455191522836685e-11 0                      57745.31902504842      
369700.0082510079      1.455191522836685e-11  -1.455191522836685e-11 57745.35027504842      
369876.7102967583      -1.455191522836685e-11 1.455191522836685e-11  57745.38152504842      
370053.5759650412      0                      1.455191522836685e-11  57745.41277504842      
370230.5923330779      5.093170329928398e-11  0                      57745.44402504842      
370407.7465575369      7.275957614183426e-12  0                      57745.47527504842      
370585.0258756125      -1.455191522836685e-11 0                      57745.50652504842      
370762.4176061177      0                      1.455191522836685e-11  57745.53777504842      
370939.9091503448      1.455191522836685e-11  4.365574568510056e-11  57745.56902504842      
371117.4879933113      1.455191522836685e-11  -1.455191522836685e-11 57745.60027504842      
371295.1417045678      1.455191522836685e-11  0                      57745.63152504842      
371472.8579391845      -2.182787284255028e-11 -1.455191522836685e-11 57745.66277504842      
371650.6244386718      -1.455191522836685e-11 0                      57745.69402504842      
371828.4290318742      1.455191522836685e-11  0                      57745.72527504842      
372006.2596358795      -7.275957614183426e-12 -1.455191522836685e-11 57745.75652504842      
372184.1042566953      -2.182787284255028e-11 0                      57745.78777504842      
372361.950990314       1.455191522836685e-11  0                      57745.81902504842      
372539.7880233395      -1.455191522836685e-11 -1.455191522836685e-11 57745.85027504842      
372717.6036337932      1.455191522836685e-11  0                      57745.88152504842      
372895.3861918551      -2.182787284255028e-11 0                      57745.91277504842      
373073.1241605802      3.637978807091713e-11  0                      57745.94402504842      
373250.8060966299      -5.093170329928398e-11 -1.455191522836685e-11 57745.97527504842      
373428.4206507734      -4.365574568510056e-11 0                      57746.00652504842      
373605.9565687779      -2.182787284255028e-11 0                      57746.03777504842      
373783.4026918599      2.91038304567337e-11   1.455191522836685e-11  57746.06902504842      
373960.7479573211      -2.91038304567337e-11  1.455191522836685e-11  57746.10027504842      
374137.9813991169      -2.182787284255028e-11 0                      57746.13152504842      
374315.0921484024      7.275957614183426e-12  0                      57746.16277504842      
374492.0694340551      -1.455191522836685e-11 1.455191522836685e-11  57746.19402504842      
374668.902583214       -1.455191522836685e-11 0                      57746.22527504842      
374845.5810215914      2.91038304567337e-11   0                      57746.25652504842      
375022.0942741723      -3.637978807091713e-11 -2.91038304567337e-11  57746.28777504842      
375198.4319654793      7.275957614183426e-12  0                      57746.31902504842      
375374.5838200221      -2.91038304567337e-11  1.455191522836685e-11  57746.35027504842      
375550.5396626811      7.275957614183426e-12  -2.91038304567337e-11  57746.38152504842      
375726.2894190714      -2.182787284255028e-11 0                      57746.41277504842      
375901.8231159243      0                      0                      57746.44402504842      
376077.1308812425      5.820766091346741e-11  -1.455191522836685e-11 57746.47527504842      
376252.2029448438      7.275957614183426e-12  1.455191522836685e-11  57746.50652504842      
376427.0296384734      -4.365574568510056e-11 1.455191522836685e-11  57746.53777504842      
376601.6013961002      -1.455191522836685e-11 0                      57746.56902504842      
376775.908754151       1.455191522836685e-11  -2.91038304567337e-11  57746.60027504842      
376949.9423517248      -1.455191522836685e-11 0                      57746.63152504842      
377123.6929307859      -7.275957614183426e-12 0                      57746.66277504842      
377297.1513363768      7.275957614183426e-12  1.455191522836685e-11  57746.69402504842      
377470.3085166106      7.275957614183426e-12  1.455191522836685e-11  57746.72527504842      
377643.1555230464      -7.275957614183426e-12 -1.455191522836685e-11 57746.75652504842      
377815.6835106416      -7.275957614183426e-12 -2.91038304567337e-11  57746.78777504842      
377987.8837378866      -1.455191522836685e-11 -1.455191522836685e-11 57746.81902504842      
378159.7475668803      -1.455191522836685e-11 0                      57746.85027504842      
378331.2664633869      -3.637978807091713e-11 1.455191522836685e-11  57746.88152504842      
378502.4319968735      -6.548361852765083e-11 -1.455191522836685e-11 57746.91277504842      
378673.2358405296      -2.91038304567337e-11  -1.455191522836685e-11 57746.94402504842      
378843.6697713081      0                      0                      57746.97527504842      
379013.7256697502      2.182787284255028e-11  -2.91038304567337e-11  57747.00652504842      
379183.3955201887      -2.91038304567337e-11  0                      57747.03777504842      
379352.6714105372      1.455191522836685e-11  0                      57747.06902504842      
379521.5455322612      1.455191522836685e-11  -2.91038304567337e-11  57747.10027504842      
379690.0101802912      -1.455191522836685e-11 2.91038304567337e-11   57747.13152504842      
379858.0577529197      -1.455191522836685e-11 -2.91038304567337e-11  57747.16277504842      
380025.6807516819      0                      0                      57747.19402504842      
380192.8717812577      -2.182787284255028e-11 2.91038304567337e-11   57747.22527504842      
380359.6235491644      -5.093170329928398e-11 2.91038304567337e-11   57747.25652504842      
380525.928865822       1.455191522836685e-11  0                      57747.28777504842      
380691.7806442131      1.455191522836685e-11  0                      57747.31902504842      
380857.1718997225      -3.637978807091713e-11 0                      57747.35027504842      
381022.0957499228      -7.275957614183426e-12 -2.91038304567337e-11  57747.38152504842      
381186.5454143445      -7.275957614183426e-12 0                      57747.41277504842      
381350.5142142312      -4.365574568510056e-11 0                      57747.44402504842      
381513.9955722807      0                      -2.91038304567337e-11  57747.47527504842      
381676.9830124087      -7.275957614183426e-12 -2.91038304567337e-11  57747.50652504842      
381839.4701593105      -7.275957614183426e-12 -2.91038304567337e-11  57747.53777504842      
382001.4507383856      1.455191522836685e-11  0                      57747.56902504842      
382162.9185752713      7.275957614183426e-12  2.91038304567337e-11   57747.60027504842      
382323.8675955515      1.455191522836685e-11  -2.91038304567337e-11  57747.63152504842      
382484.291824414       0                      0                      57747.66277504842      
382644.1853862959      0                      0                      57747.69402504842      
382803.542504514       -3.637978807091713e-11 -2.91038304567337e-11  57747.72527504842      
382962.3575008856      -1.455191522836685e-11 2.91038304567337e-11   57747.75652504842      
383120.6247953704      -2.182787284255028e-11 0                      57747.78777504842      
383278.3389055186      2.182787284255028e-11  0                      57747.81902504842      
383435.4944462734      1.091393642127514e-11  -2.91038304567337e-11  57747.85027504842      
383592.0861293945      -7.275957614183426e-12 2.91038304567337e-11   57747.88152504842      
383748.108763054       -1.091393642127514e-11 0                      57747.91277504842      
383903.557251383       0                      -2.91038304567337e-11  57747.94402504842      
384058.4265940089      0                      0                      57747.97527504842      
384212.7118855793      0                      -5.820766091346741e-11 57748.00652504842      
384366.4083152775      -3.637978807091713e-12 0                      57748.03777504842      
384519.5111663254      1.091393642127514e-11  -5.820766091346741e-11 57748.06902504842      
384672.0158155125      7.275957614183426e-12  0                      57748.10027504842      
384823.917732537       -3.637978807091713e-12 0                      57748.13152504842      
384975.2124796918      1.091393642127514e-11  0                      57748.16277504842      
385125.8957111857      -1.455191522836685e-11 0                      57748.19402504842      
385275.9631726322      0                      -5.820766091346741e-11 57748.22527504842      
385425.4107004936      1.091393642127514e-11  -2.91038304567337e-11  57748.25652504842      
385574.2342215157      -2.182787284255028e-11 -2.91038304567337e-11  57748.28777504842      
385722.4297521536      1.818989403545856e-11  0                      57748.31902504842      
385869.9933979882      1.455191522836685e-11  2.91038304567337e-11   57748.35027504842      
386016.9213531347      -3.637978807091713e-12 0                      57748.38152504842      
386163.2098996747      -1.091393642127514e-11 0                      57748.41277504842      
386308.855406913       7.275957614183426e-12  -5.820766091346741e-11 57748.44402504842      
386453.8543309633      1.091393642127514e-11  2.91038304567337e-11   57748.47527504842      
386598.2032139873      7.275957614183426e-12  0                      57748.50652504842      
386741.8986836001      0                      0                      57748.53777504842      
386884.9374522262      0                      0                      57748.56902504842      
387027.3163164514      7.275957614183426e-12  2.91038304567337e-11   57748.60027504842      
387169.0321563676      0                      0                      57748.63152504842      
387310.0819349117      -1.091393642127514e-11 2.91038304567337e-11   57748.66277504842      
387450.4626971957      1.455191522836685e-11  0                      57748.69402504842      
387590.1715698633      3.637978807091713e-12  2.91038304567337e-11   57748.72527504842      
387729.2057602782      0                      -2.91038304567337e-11  57748.75652504842      
387867.5625560288      0                      2.91038304567337e-11   57748.78777504842      
388005.2393241043      -3.637978807091713e-12 2.91038304567337e-11   57748.81902504842      
388142.233510225       1.455191522836685e-11  0                      57748.85027504842      
388278.5426381353      -7.275957614183426e-12 0                      57748.88152504842      
388414.164308891       -1.637090463191271e-11 0                      57748.91277504842      
388549.0962001401      -9.094947017729282e-12 0                      57748.94402504842      
388683.3360653992      1.818989403545856e-12  0                      57748.97527504842      
388816.8817333236      3.637978807091713e-12  0                      57749.00652504842      
388949.7311069731      0                      -2.91038304567337e-11  57749.03777504842      
389081.8821630727      -1.818989403545856e-12 0                      57749.06902504842      
389213.3329512983      -7.275957614183426e-12 0                      57749.10027504842      
389344.0815934057      3.637978807091713e-12  -2.91038304567337e-11  57749.13152504842      
389474.1262826604      -1.818989403545856e-12 0                      57749.16277504842      
389603.4652829573      3.637978807091713e-12  0                      57749.19402504842      
389732.0969280894      -5.456968210637569e-12 2.91038304567337e-11   57749.22527504842      
389860.0196209816      1.818989403545856e-12  2.91038304567337e-11   57749.25652504842      
389987.2318329196      -3.637978807091713e-12 2.91038304567337e-11   57749.28777504842      
390113.7321027772      1.818989403545856e-12  0                      57749.31902504842      
390239.5190362378      -1.818989403545856e-12 0                      57749.35027504842      
390364.5913050141      -2.728484105318785e-12 -5.820766091346741e-11 57749.38152504842      
390488.9476460627      0                      0                      57749.41277504842      
390612.5868607973      -9.094947017729282e-13 0                      57749.44402504842      
390735.5078143259      0                      2.91038304567337e-11   57749.47527504842      
390857.7094345429      9.094947017729282e-13  -2.91038304567337e-11  57749.50652504842      
390979.1907115047      3.183231456205249e-12  -2.91038304567337e-11  57749.53777504842      
391099.9506965154      -1.364242052659392e-12 -2.91038304567337e-11  57749.56902504842      
391219.9885013539      0                      0                      57749.60027504842      
391339.3032974704      0                      -2.91038304567337e-11  57749.63152504842      
391457.8943151789      2.273736754432321e-13  0                      57749.66277504842      
391575.7608428499      3.410605131648481e-13  2.91038304567337e-11   57749.69402504842      
391692.9022260993      -6.394884621840902e-13 0                      57749.72527504842      
391809.3178669757      -2.273736754432321e-13 0                      57749.75652504842      
391925.0072231473      -2.273736754432321e-12 0                      57749.78777504842      
392039.9698070851      2.273736754432321e-13  0                      57749.81902504842      
392154.2051852463      9.094947017729282e-13  0                      57749.85027504842      
392267.7129772822      -9.094947017729282e-13 0                      57749.88152504842      
392380.4928551124      -9.094947017729282e-13 0                      57749.91277504842      
392492.5445422623      -9.094947017729282e-13 0                      57749.94402504842      
392603.8678129363      1.818989403545856e-12  2.91038304567337e-11   57749.97527504842      
392714.4624912199      2.728484105318785e-12  0                      57750.00652504842      
392824.3284502579      3.637978807091713e-12  0                      57750.03777504842      
392933.4656114288      -9.094947017729282e-13 2.91038304567337e-11   57750.06902504842      
393041.8739435215      0                      -5.820766091346741e-11 57750.10027504842      
393149.5534619087      0                      0                      57750.13152504842      
393256.5042277224      5.456968210637569e-12  0                      57750.16277504842      
393362.7263470286      0                      0                      57750.19402504842      
393468.2199700011      3.637978807091713e-12  0                      57750.22527504842      
393572.9852900967      0                      0                      57750.25652504842      
393677.0225432294      -7.275957614183426e-12 2.91038304567337e-11   57750.28777504842      
393780.3320069693      0                      5.820766091346741e-11  57750.31902504842      
393882.9139996225      -9.094947017729282e-12 0                      57750.35027504842      
393984.7688795509      -5.456968210637569e-12 0                      57750.38152504842      
394085.897044253       1.818989403545856e-12  0                      57750.41277504842      
394186.298929564       -1.818989403545856e-12 0                      57750.44402504842      
394285.9750088358      1.455191522836685e-11  -2.91038304567337e-11  57750.47527504842      
394384.9257921148      -1.091393642127514e-11 0                      57750.50652504842      
394483.1518253222      -1.091393642127514e-11 0                      57750.53777504842      
394580.6536894363      -3.637978807091713e-12 2.91038304567337e-11   57750.56902504842      
394677.4319996739      -7.275957614183426e-12 -2.91038304567337e-11  57750.60027504842      
394773.4874046755      1.818989403545856e-11  -2.91038304567337e-11  57750.63152504842      
394868.8205856897      3.637978807091713e-12  0                      57750.66277504842      
394963.4322557614      -1.455191522836685e-11 -2.91038304567337e-11  57750.69402504842      
395057.3231589198      -3.637978807091713e-12 -2.91038304567337e-11  57750.72527504842      
395150.4940693694      1.091393642127514e-11  0                      57750.75652504842      
395242.9457906823      3.637978807091713e-12  -2.91038304567337e-11  57750.78777504842      
395334.6791549933      -1.455191522836685e-11 0                      57750.81902504842      
395425.6950222165      1.818989403545856e-11  0                      57750.85027504842      
395515.9942791606      0                      -2.91038304567337e-11  57750.88152504842      
395605.5778388565      7.275957614183426e-12  2.91038304567337e-11   57750.91277504842      
395694.4466396765      7.275957614183426e-12  0                      57750.94402504842      
395782.6016445608      2.91038304567337e-11   -2.91038304567337e-11  57750.97527504842      
395870.0438402265      -1.818989403545856e-11 -5.820766091346741e-11 57751.00652504842      
395956.7742363794      -7.275957614183426e-12 -2.91038304567337e-11  57751.03777504842      
396042.7938649267      1.091393642127514e-11  0                      57751.06902504842      
396128.1037791955      3.637978807091713e-12  0                      57751.10027504842      
396212.7050531515      1.818989403545856e-11  5.820766091346741e-11  57751.13152504842      
396296.5987806228      -1.091393642127514e-11 0                      57751.16277504842      
396379.7860745257      7.275957614183426e-12  0                      57751.19402504842      
396462.2680660936      -1.091393642127514e-11 0                      57751.22527504842      
396544.0459041106      1.818989403545856e-11  0                      57751.25652504842      
396625.1207541471      1.091393642127514e-11  0                      57751.28777504842      
396705.4937977998      -1.091393642127514e-11 5.820766091346741e-11  57751.31902504842      
396785.1662319344      -3.274180926382542e-11 -2.91038304567337e-11  57751.35027504842      
396864.1392679334      7.275957614183426e-12  2.91038304567337e-11   57751.38152504842      
396942.4141309458      7.275957614183426e-12  -2.91038304567337e-11  57751.41277504842      
397019.992059143       -2.182787284255028e-11 -2.91038304567337e-11  57751.44402504842      
397096.8743029942      -4.001776687800884e-11 2.91038304567337e-11   57751.47527504842      
397173.062124458       -1.091393642127514e-11 0                      57751.50652504842      
397248.5567963563      0                      -2.91038304567337e-11  57751.53777504842      
397323.359601574       7.275957614183426e-12  0                      57751.56902504842      
397397.4718323519      1.818989403545856e-11  0                      57751.60027504842      
397470.8947895666      5.093170329928398e-11  5.820766091346741e-11  57751.63152504842      
397543.6297820142      -2.91038304567337e-11  0                      57751.66277504842      
397615.6781256995      7.275957614183426e-12  -5.820766091346741e-11 57751.69402504842      
397687.0411431287      -7.275957614183426e-12 2.91038304567337e-11   57751.72527504842      
397757.7201626083      3.637978807091713e-11  -2.91038304567337e-11  57751.75652504842      
397827.716517547       1.455191522836685e-11  -2.91038304567337e-11  57751.78777504842      
397897.0315457638      -2.91038304567337e-11  0                      57751.81902504842      
397965.6665888006      0                      0                      57751.85027504842      
398033.6229912397      2.182787284255028e-11  5.820766091346741e-11  57751.88152504842      
398100.9021000267      0                      0                      57751.91277504842      
398167.5052637986      2.182787284255028e-11  -2.91038304567337e-11  57751.94402504842      
398233.4338322164      -7.275957614183426e-12 2.91038304567337e-11   57751.97527504842      
398298.6891553039      1.455191522836685e-11  -5.820766091346741e-11 57752.00652504842      
398363.2725827922      1.455191522836685e-11  0                      57752.03777504842      
398427.1854634678      0                      0                      57752.06902504842      
398490.4291445289      -7.275957614183426e-12 -2.91038304567337e-11  57752.10027504842      
398553.0049709452      -5.093170329928398e-11 0                      57752.13152504842      
398614.914284824       -3.637978807091713e-11 2.91038304567337e-11   57752.16277504842      
398676.1584247829      0                      0                      57752.19402504842      
398736.7387253275      7.275957614183426e-12  2.91038304567337e-11   57752.22527504842      
398796.6565162346      0                      0                      57752.25652504842      
398855.9131219562      0                      2.91038304567337e-11   57752.28777504842      
398914.5098609603      2.91038304567337e-11   2.91038304567337e-11   57752.31902504842      
398972.4480452152      -2.182787284255028e-11 2.91038304567337e-11   57752.35027504842      
399029.7289795429      2.91038304567337e-11   0                      57752.38152504842      
399086.3539610466      -3.637978807091713e-11 0                      57752.41277504842      
399142.3242785315      -7.275957614183426e-12 0                      57752.44402504842      
399197.6412119325      -2.91038304567337e-11  -2.91038304567337e-11  57752.47527504842      
399252.3060317467      2.91038304567337e-11   0                      57752.50652504842      
399306.3199984741      0                      -2.91038304567337e-11  57752.53777504842      
399359.6843620632      -7.275957614183426e-12 2.91038304567337e-11   57752.56902504842      
399412.400361365       -1.455191522836685e-11 0                      57752.60027504842      
399464.4692235928      -1.455191522836685e-11 2.91038304567337e-11   57752.63152504842      
399515.8921637884      2.91038304567337e-11   0                      57752.66277504842      
399566.6703842955      0                      2.91038304567337e-11   57752.69402504842      
399616.8050742401      -2.91038304567337e-11  2.91038304567337e-11   57752.72527504842      
399666.2974090179      2.182787284255028e-11  2.91038304567337e-11   57752.75652504842      
399715.1485497878      2.182787284255028e-11  0                      57752.78777504842      
399763.3596429735      -1.455191522836685e-11 0                      57752.81902504842      
399810.9318197721      0                      -2.91038304567337e-11  57752.85027504842      
399857.8661956685      2.91038304567337e-11   0                      57752.88152504842      
399904.1638699592      3.637978807091713e-11  -2.91038304567337e-11  57752.91277504842      
399949.8259252809      1.455191522836685e-11  -2.91038304567337e-11  57752.94402504842      
399994.8534271489      1.455191522836685e-11  0                      57752.97527504842      
400039.2474235006      1.455191522836685e-11  1.455191522836685e-11  57753.00652504842      
400083.008944248       -3.637978807091713e-11 0                      57753.03777504842      
400126.1390008365      3.637978807091713e-11  1.455191522836685e-11  57753.06902504842      
400168.6385858125      2.91038304567337e-11   -1.455191522836685e-11 57753.10027504842      
400210.508672397       2.91038304567337e-11   0                      57753.13152504842      
400251.7502140681      -1.455191522836685e-11 0                      57753.16277504842      
400292.3641441503      2.182787284255028e-11  -1.455191522836685e-11 57753.19402504842      
400332.3513754121      -1.455191522836685e-11 0                      57753.22527504842      
400371.712799671       0                      1.455191522836685e-11  57753.25652504842      
400410.4492874057      7.275957614183426e-12  1.455191522836685e-11  57753.28777504842      
400448.5616873776      5.093170329928398e-11  -1.455191522836685e-11 57753.31902504842      
400486.0508262584      1.455191522836685e-11  -1.455191522836685e-11 57753.35027504842      
400522.9175082672      1.455191522836685e-11  0                      57753.38152504842      
400559.1625148142      -7.275957614183426e-12 0                      57753.41277504842      
400594.7866041535      -7.275957614183426e-12 4.365574568510056e-11  57753.44402504842      
400629.7905110427      -7.275957614183426e-12 -1.455191522836685e-11 57753.47527504842      
400664.1749464116      -3.637978807091713e-11 0                      57753.50652504842      
400697.9405970387      -2.91038304567337e-11  0                      57753.53777504842      
400731.0881252349      2.182787284255028e-11  4.365574568510056e-11  57753.56902504842      
400763.6181685378      7.275957614183426e-12  -2.91038304567337e-11  57753.60027504842      
400795.5313394105      4.365574568510056e-11  2.91038304567337e-11   57753.63152504842      
400826.8282249518      -7.275957614183426e-12 1.455191522836685e-11  57753.66277504842      
400857.5093866133      0                      1.455191522836685e-11  57753.69402504842      
400887.575359925       -7.275957614183426e-12 -1.455191522836685e-11 57753.72527504842      
400917.026654229       -2.182787284255028e-11 -1.455191522836685e-11 57753.75652504842      
400945.8637524216      1.455191522836685e-11  1.455191522836685e-11  57753.78777504842      
400974.0871107038      -1.455191522836685e-11 0                      57753.81902504842      
401001.6971583407      -7.275957614183426e-12 -2.91038304567337e-11  57753.85027504842      
401028.6942974279      2.182787284255028e-11  -1.455191522836685e-11 57753.88152504842      
401055.0789026683      2.182787284255028e-11  0                      57753.91277504842      
401080.8513211555      7.275957614183426e-12  0                      57753.94402504842      
401106.0118721668      1.455191522836685e-11  1.455191522836685e-11  57753.97527504842      
401130.5608469644      -1.455191522836685e-11 2.91038304567337e-11   57754.00652504842      
401154.4985086048      -1.455191522836685e-11 1.455191522836685e-11  57754.03777504842      
401177.8250917573      1.455191522836685e-11  0                      57754.06902504842      
401200.5408025309      -7.275957614183426e-12 -1.455191522836685e-11 57754.10027504842      
401222.645818309       2.182787284255028e-11  1.455191522836685e-11  57754.13152504842      
401244.1402875942      7.275957614183426e-12  0                      57754.16277504842      
401265.0243298599      -1.455191522836685e-11 1.455191522836685e-11  57754.19402504842      
401285.2980354123      0                      -1.455191522836685e-11 57754.22527504842      
401304.9614652593      -2.91038304567337e-11  -1.455191522836685e-11 57754.25652504842      
401324.0146509897      0                      0                      57754.28777504842      
401342.4575946599      -7.275957614183426e-12 0                      57754.31902504842      
401360.2902686895      -7.275957614183426e-12 1.455191522836685e-11  57754.35027504842      
401377.5126157655      -2.182787284255028e-11 0                      57754.38152504842      
401394.1245487562      5.093170329928398e-11  2.91038304567337e-11   57754.41277504842      
401410.1259506316      -1.455191522836685e-11 -1.455191522836685e-11 57754.44402504842      
401425.5166743954      -3.637978807091713e-11 -1.455191522836685e-11 57754.47527504842      
401440.2965430226      7.275957614183426e-12  -1.455191522836685e-11 57754.50652504842      
401454.4653494082      -3.637978807091713e-11 1.455191522836685e-11  57754.53777504842      
401468.0228563235      -3.637978807091713e-11 0                      57754.56902504842      
401480.9687963814      -2.182787284255028e-11 -1.455191522836685e-11 57754.60027504842      
401493.3028720097      -2.182787284255028e-11 1.455191522836685e-11  57754.63152504842      
401505.0247554344      -2.91038304567337e-11  -1.455191522836685e-11 57754.66277504842      
401516.134088671       2.182787284255028e-11  -1.455191522836685e-11 57754.69402504842      
401526.6304835239      -2.182787284255028e-11 0                      57754.72527504842      
401536.5135215955      -3.637978807091713e-11 -1.455191522836685e-11 57754.75652504842      
401545.7827543034      -7.275957614183426e-12 0                      57754.78777504842      
401554.4377029069      7.275957614183426e-12  1.455191522836685e-11  57754.81902504842      
401562.4778585409      -2.182787284255028e-11 2.91038304567337e-11   57754.85027504842      
401569.90268226        -1.455191522836685e-11 0                      57754.88152504842      
401576.7116050901      0                      0                      57754.91277504842      
401582.9040280895      -7.275957614183426e-12 -1.455191522836685e-11 57754.94402504842      
401588.4793224179      0                      0                      57754.97527504842      
401593.4368294145      -2.91038304567337e-11  1.455191522836685e-11  57755.00652504842      
401597.7758606848      -2.91038304567337e-11  1.455191522836685e-11  57755.03777504842      
401601.495698195       -1.455191522836685e-11 0                      57755.06902504842      
401604.5955943768      7.275957614183426e-12  0                      57755.10027504842      
401607.0747722391      -2.182787284255028e-11 0                      57755.13152504842      
401608.932425489       2.182787284255028e-11  0                      57755.16277504842      
401610.1677186614      -7.275957614183426e-12 0                      57755.19402504842      
401610.7797872562      -1.455191522836685e-11 1.455191522836685e-11  57755.22527504842      
401610.7677378861      2.182787284255028e-11  1.455191522836685e-11  57755.25652504842      
401610.1306484305      -2.182787284255028e-11 0                      57755.28777504842      
401608.8675681988      -7.275957614183426e-12 0                      57755.31902504842      
401606.9775181029      1.455191522836685e-11  7.275957614183426e-12  57755.35027504842      
401604.459490837       1.455191522836685e-11  -1.455191522836685e-11 57755.38152504842      
401601.3124510662      0                      7.275957614183426e-12  57755.41277504842      
401597.5353356235      3.637978807091713e-12  0                      57755.44402504842      
401593.127053715       2.182787284255028e-11  -1.455191522836685e-11 57755.47527504842      
401588.0864871342      0                      -1.455191522836685e-11 57755.50652504842      
401582.4124904826      0                      1.455191522836685e-11  57755.53777504842      
401576.1038914013      -3.637978807091713e-12 0                      57755.56902504842      
401569.1594908083      2.546585164964199e-11  -1.455191522836685e-11 57755.60027504842      
401561.5780631452      1.091393642127514e-11  7.275957614183426e-12  57755.63152504842      
401553.3583566328      2.546585164964199e-11  0                      57755.66277504842      
401544.4990935327      3.637978807091713e-12  7.275957614183426e-12  57755.69402504842      
401534.9989704193      7.275957614183426e-12  0                      57755.72527504842      
401524.8566584605      -7.275957614183426e-12 1.455191522836685e-11  57755.75652504842      
401514.0708036956      -3.637978807091713e-12 7.275957614183426e-12  57755.78777504842      
401502.6400273445      -3.637978807091713e-12 -7.275957614183426e-12 57755.81902504842      
401490.5629261009      -1.818989403545856e-11 1.455191522836685e-11  57755.85027504842      
401477.8380724457      2.546585164964199e-11  7.275957614183426e-12  57755.88152504842      
401464.4640149664      3.637978807091713e-12  1.455191522836685e-11  57755.91277504842      
401450.4392786828      -1.818989403545856e-11 1.455191522836685e-11  57755.94402504842      
401435.7623653819      3.637978807091713e-12  0                      57755.97527504842      
401420.4317539602      3.637978807091713e-12  -1.455191522836685e-11 57756.00652504842      
401404.445900773       -3.637978807091713e-12 1.455191522836685e-11  57756.03777504842      
401387.8032399924      -3.637978807091713e-12 -7.275957614183426e-12 57756.06902504842      
401370.5021839727      -3.637978807091713e-12 -7.275957614183426e-12 57756.10027504842      
401352.5411236226      1.455191522836685e-11  0                      57756.13152504842      
401333.918428786       -7.275957614183426e-12 -7.275957614183426e-12 57756.16277504842      
401314.6324486295      1.091393642127514e-11  0                      57756.19402504842      
401294.6815120382      3.637978807091713e-12  0                      57756.22527504842      
401274.0639280172      3.637978807091713e-12  0                      57756.25652504842      
401252.7779861034      1.455191522836685e-11  -7.275957614183426e-12 57756.28777504842      
401230.821956781       -7.275957614183426e-12 -1.091393642127514e-11 57756.31902504842      
401208.1940919078      -3.637978807091713e-12 7.275957614183426e-12  57756.35027504842      
401184.8926251455      3.637978807091713e-12  3.637978807091713e-12  57756.38152504842      
401160.9157723997      -1.818989403545856e-12 3.637978807091713e-12  57756.41277504842      
401136.2617322654      5.456968210637569e-12  3.637978807091713e-12  57756.44402504842      
401110.9286864807      7.275957614183426e-12  0                      57756.47527504842      
401084.9148003864      -1.818989403545856e-12 0                      57756.50652504842      
401058.2182233995      -7.275957614183426e-12 7.275957614183426e-12  57756.53777504842      
401030.8370894625      -9.094947017729282e-12 -3.637978807091713e-12 57756.56902504842      
401002.769517561       7.275957614183426e-12  0                      57756.60027504842      
400974.0136121868      1.818989403545856e-12  3.637978807091713e-12  57756.63152504842      
400944.5674638387      1.818989403545856e-12  -3.637978807091713e-12 57756.66277504842      
400914.4291495231      3.637978807091713e-12  0                      57756.69402504842      
400883.5967332622      0                      0                      57756.72527504842      
400852.068266607       7.275957614183426e-12  -3.637978807091713e-12 57756.75652504842      
400819.8417891597      -3.637978807091713e-12 -3.637978807091713e-12 57756.78777504842      
400786.9153290996      -9.094947017729282e-13 -1.818989403545856e-12 57756.81902504842      
400753.2869037166      -9.094947017729282e-13 0                      57756.85027504842      
400718.9545199516      0                      1.818989403545856e-12  57756.88152504842      
400683.9161749427      0                      -1.818989403545856e-12 57756.91277504842      
400648.1698565771      9.094947017729282e-13  0                      57756.94402504842      
400611.7135440492      9.094947017729282e-13  -1.818989403545856e-12 57756.97527504842      
400582.3649291515      0                      1.818989403545856e-12  57757.00000000001      
