400730.1610641142      3.637978807091713e-11  -2.91038304567337e-11  57727                  
400730.7239134078      7.275957614183426e-12  0                      57727.00069444445      
400735.0108732185      1.455191522836685e-11  0                      57727.00599767607      
400742.2834931944      -4.365574568510056e-11 -1.455191522836685e-11 57727.01505166384      
400742.838890932       1.455191522836685e-11  0                      57727.01574610829      
400743.2182014231      2.182787284255028e-11  1.455191522836685e-11  57727.01622062872      
400743.7730195436      1.455191522836685e-11  1.455191522836685e-11  57727.01691507317      
400748.0163419226      4.365574568510056e-11  0                      57727.02224060873      
400772.506745498       2.182787284255028e-11  -1.455191522836685e-11 57727.05349060873      
400796.2948429714      -8.003553375601768e-11 0                      57727.08474060873      
400819.3764305197      2.182787284255028e-11  -1.455191522836685e-11 57727.11599060873      
400841.7472956967      1.455191522836685e-11  0                      57727.14724060873      
400863.4032180134      -7.275957614183426e-12 0                      57727.17849060873      
400884.3399695287      0                      0                      57727.20974060873      
400904.5533154862      2.91038304567337e-11   1.455191522836685e-11  57727.24099060873      
400924.0390149129      0                      -1.455191522836685e-11 57727.27224060873      
400942.7928212228      7.275957614183426e-12  1.455191522836685e-11  57727.30349060873      
400960.8104828668      2.182787284255028e-11  1.455191522836685e-11  57727.33474060873      
400978.087743945       -2.182787284255028e-11 0                      57727.36599060873      
400994.6203448259      3.637978807091713e-11  0                      57727.39724060873      
401010.40402281        0                      2.91038304567337e-11   57727.42849060873      
401025.4345127381      7.275957614183426e-12  -1.455191522836685e-11 57727.45974060873      
401039.7075476615      -7.275957614183426e-12 -2.91038304567337e-11  57727.49099060873      
401053.2188594776      0                      0                      57727.52224060873      
401065.9641795731      0                      0                      57727.55349060873      
401077.9392394992      -7.275957614183426e-12 0                      57727.58474060873      
401089.1397716198      1.455191522836685e-11  0                      57727.61599060873      
401099.561509769       0                      1.455191522836685e-11  57727.64724060873      
401109.200189933       0                      -1.455191522836685e-11 57727.67849060873      
401118.0515509131      -2.182787284255028e-11 1.455191522836685e-11  57727.70974060873      
401126.1113349935      0                      0                      57727.74099060873      
401133.375288634       -7.275957614183426e-12 0                      57727.77224060873      
401139.8391631358      3.637978807091713e-11  0                      57727.80349060873      
401145.4987153385      0                      0                      57727.83474060873      
401150.3497083019      1.455191522836685e-11  0                      57727.86599060873      
401154.3879119947      1.455191522836685e-11  0                      57727.89724060873      
401157.6091039953      0                      -1.455191522836685e-11 57727.92849060873      
401160.009070185       7.275957614183426e-12  0                      57727.95974060873      
401161.5836054469      2.91038304567337e-11   1.455191522836685e-11  57727.99099060873      
401162.3285143732      -2.182787284255028e-11 -1.455191522836685e-11 57728.02224060873      
401162.2396119678      -7.275957614183426e-12 1.455191522836685e-11  57728.05349060873      
401161.3127243567      -1.091393642127514e-11 0                      57728.08474060873      
401159.5436894989      3.637978807091713e-12  0                      57728.11599060873      
401156.9283578995      -1.818989403545856e-11 0                      57728.14724060873      
401153.4625933298      -2.182787284255028e-11 -1.455191522836685e-11 57728.17849060873      
401149.1422735419      -1.091393642127514e-11 0                      57728.20974060873      
401143.9632909914      7.275957614183426e-12  -7.275957614183426e-12 57728.24099060873      
401137.9215535664      -1.091393642127514e-11 0                      57728.27224060873      
401131.012985304       1.091393642127514e-11  0                      57728.30349060873      
401123.2335271299      -1.455191522836685e-11 -1.455191522836685e-11 57728.33474060873      
401114.5791375788      -1.818989403545856e-11 -7.275957614183426e-12 57728.36599060873      
401105.0457935299      -2.546585164964199e-11 -7.275957614183426e-12 57728.39724060873      
401094.6294909504      2.182787284255028e-11  0                      57728.42849060873      
401083.326245617       0                      0                      57728.45974060873      
401071.1320938613      -1.091393642127514e-11 0                      57728.49099060873      
401058.0430933188      7.275957614183426e-12  -7.275957614183426e-12 57728.52224060873      
401044.0553236534      0                      0                      57728.55349060873      
401029.164887309       -1.091393642127514e-11 -7.275957614183426e-12 57728.58474060873      
401013.3679102651      1.091393642127514e-11  7.275957614183426e-12  57728.61599060873      
400996.6605427639      0                      -1.455191522836685e-11 57728.64724060873      
400979.0389600667      1.091393642127514e-11  0                      57728.67849060873      
400960.4993632173      -7.275957614183426e-12 -7.275957614183426e-12 57728.70974060873      
400941.0379797674      -7.275957614183426e-12 -7.275957614183426e-12 57728.74099060873      
400920.6510645404      7.275957614183426e-12  -7.275957614183426e-12 57728.77224060873      
400899.3349003998      7.275957614183426e-12  -7.275957614183426e-12 57728.80349060873      
400877.0857989745      -3.637978807091713e-12 7.275957614183426e-12  57728.83474060873      
400853.9001014279      0                      -7.275957614183426e-12 57728.86599060873      
400829.7741792309      1.091393642127514e-11  0                      57728.89724060873      
400804.704434881       7.275957614183426e-12  0                      57728.92849060873      
400778.6873027052      1.091393642127514e-11  0                      57728.95974060873      
400751.7192495789      1.091393642127514e-11  0                      57728.99099060873      
400723.7967757013      1.091393642127514e-11  0                      57729.02224060873      
400694.9164153764      1.091393642127514e-11  -7.275957614183426e-12 57729.05349060873      
400665.0747377349      7.275957614183426e-12  7.275957614183426e-12  57729.08474060873      
400634.2683475137      9.094947017729282e-12  3.637978807091713e-12  57729.11599060873      
400602.4938858408      0                      3.637978807091713e-12  57729.14724060873      
400569.7480309536      7.275957614183426e-12  0                      57729.17849060873      
400536.0274989823      3.637978807091713e-12  -7.275957614183426e-12 57729.20974060873      
400501.329044737       0                      0                      57729.24099060873      
400465.6494624242      -1.091393642127514e-11 7.275957614183426e-12  57729.27224060873      
400428.9855864312      -1.2732925824821e-11   -3.637978807091713e-12 57729.30349060873      
400391.3342921169      1.818989403545856e-12  3.637978807091713e-12  57729.33474060873      
400352.6924965231      -3.637978807091713e-12 0                      57729.36599060873      
400313.0571591627      -5.456968210637569e-12 -3.637978807091713e-12 57729.39724060873      
400272.4252828104      0                      0                      57729.42849060873      
400230.7939142112      -1.818989403545856e-12 0                      57729.45974060873      
400188.1601448689      -1.818989403545856e-12 0                      57729.49099060873      
400144.5211118391      -3.637978807091713e-12 0                      57729.52224060873      
400104.7760537401      0                      0                      57729.55009373684      
400081.5122916332      -1.818989403545856e-12 0                      57729.56614149584      
400063.4034936267      0                      0                      57729.5785076972       
400051.8883533961      2.728484105318785e-12  1.818989403545856e-12  57729.58631541501      
400042.6533029614      -2.728484105318785e-12 1.818989403545856e-12  57729.59254636012      
400035.4223005225      -1.818989403545856e-12 0                      57729.59740627723      
400029.6897027287      3.637978807091713e-12  -1.818989403545856e-12 57729.60124745538      
400025.0375896255      0                      0                      57729.60435711873      
400021.1115100816      9.094947017729282e-13  3.637978807091713e-12  57729.60697625798      
400018.5109958451      -9.094947017729282e-13 0                      57729.60870848087      
400016.3914033585      9.094947017729282e-13  -1.818989403545856e-12 57729.61011882285      
400014.7019551452      9.094947017729282e-13  3.637978807091713e-12  57729.61124196926      
400013.469878984       -4.547473508864641e-12 1.818989403545856e-12  57729.61206050485      
400012.2049822349      -2.728484105318785e-12 -1.818989403545856e-12 57729.61290036365      
400011.0603379511      -1.818989403545856e-12 0                      57729.61365995828      
400009.9455750005      -9.094947017729282e-13 0                      57729.61439934083      
400008.894416474       -2.728484105318785e-12 0                      57729.61509619147      
400007.5987789318      -3.637978807091713e-12 1.818989403545856e-12  57729.61595465548      
400006.284393239       9.094947017729282e-13  0                      57729.6168250229       
400004.6737367566      0                      1.818989403545856e-12  57729.61789086551      
400002.6012874375      -4.547473508864641e-12 0                      57729.61926114726      
399999.9177005101      3.637978807091713e-12  1.818989403545856e-12  57729.62103358989      
399996.4073955039      -9.094947017729282e-13 -1.818989403545856e-12 57729.6233488056       
399991.7308976167      1.818989403545856e-12  0                      57729.62642747942      
399985.6876902658      1.818989403545856e-12  0                      57729.63039630809      
399977.7971528536      4.547473508864641e-12  0                      57729.63556221107      
399967.4073467477      2.728484105318785e-12  0                      57729.64233677349      
399953.6316446876      9.094947017729282e-13  1.818989403545856e-12  57729.65127134878      
399935.2491916848      -9.094947017729282e-13 0                      57729.66311050161      
399910.5660071455      9.094947017729282e-13  1.818989403545856e-12  57729.67886141019      
399877.2007090979      9.094947017729282e-13  -1.818989403545856e-12 57729.69989433733      
399831.7664413115      9.094947017729282e-13  0                      57729.72807720306      
399780.4123957209      9.094947017729282e-13  0                      57729.75932720306      
399728.0304869807      -9.094947017729282e-13 0                      57729.79057720306      
399674.6183271364      1.364242052659392e-12  -1.818989403545856e-12 57729.82182720306      
399620.1735817521      0                      0                      57729.85307720306      
399564.6939706995      -4.547473508864641e-13 0                      57729.88432720306      
399508.1772689509      0                      0                      57729.91557720306      
399450.6213072528      0                      -6.821210263296962e-13 57729.94682720306      
399392.0239729144      1.250555214937776e-12  -5.684341886080801e-13 57729.97807720306      
399332.3832105974      1.70530256582424e-12   1.4210854715202e-13    57730.00932720306      
399271.6970229829      1.13686837721616e-13   -6.821210263296962e-13 57730.04057720306      
399209.9634715562      1.13686837721616e-12   -4.547473508864641e-13 57730.07182720306      
399147.1806773962      -6.821210263296962e-13 -4.547473508864641e-13 57730.10307720306      
399083.3468218324      1.364242052659392e-12  1.818989403545856e-12  57730.13432720306      
399018.4601472269      3.183231456205249e-12  0                      57730.16557720306      
398952.5189577622      3.637978807091713e-12  0                      57730.19682720306      
398885.5216200865      -3.637978807091713e-12 0                      57730.22807720306      
398817.4665640954      0                      1.818989403545856e-12  57730.25932720306      
398748.3522837131      -6.366462912410498e-12 -1.818989403545856e-12 57730.29057720306      
398678.1773375308      3.637978807091713e-12  1.818989403545856e-12  57730.32182720306      
398606.9403495817      0                      1.818989403545856e-12  57730.35307720306      
398534.6400101205      -4.547473508864641e-12 -3.637978807091713e-12 57730.38432720306      
398461.275076249       0                      0                      57730.41557720306      
398386.8443726887      5.456968210637569e-12  1.818989403545856e-12  57730.44682720306      
398311.3467925544      -3.637978807091713e-12 0                      57730.47807720306      
398234.7812979682      3.637978807091713e-12  0                      57730.50932720306      
398157.1469208277      -7.275957614183426e-12 -3.637978807091713e-12 57730.54057720306      
398078.4427635743      1.818989403545856e-12  3.637978807091713e-12  57730.57182720306      
397998.6679997952      -9.094947017729282e-12 -3.637978807091713e-12 57730.60307720306      
397917.8218749851      5.456968210637569e-12  -3.637978807091713e-12 57730.63432720306      
397835.9037073096      -5.456968210637569e-12 -3.637978807091713e-12 57730.66557720306      
397752.9128881937      9.094947017729282e-12  0                      57730.69682720306      
397668.8488830781      -3.637978807091713e-12 -7.275957614183426e-12 57730.72807720306      
397583.7112321745      1.818989403545856e-12  0                      57730.75932720306      
397497.4995510424      -5.456968210637569e-12 0                      57730.79057720306      
397410.2135313369      -3.637978807091713e-12 -3.637978807091713e-12 57730.82182720306      
397321.8529415578      -2.000888343900442e-11 0                      57730.85307720306      
397232.4176276117      5.456968210637569e-12  3.637978807091713e-12  57730.88432720306      
397141.9075135524      0                      -7.275957614183426e-12 57730.91557720306      
397050.3226023219      1.455191522836685e-11  7.275957614183426e-12  57730.94682720306      
396957.6629762971      -1.818989403545856e-11 0                      57730.97807720306      
396863.928798023       1.091393642127514e-11  7.275957614183426e-12  57731.00932720306      
396769.1203109437      3.637978807091713e-12  -7.275957614183426e-12 57731.04057720306      
396673.2378399352      -1.455191522836685e-11 -7.275957614183426e-12 57731.07182720306      
396576.281792027       1.818989403545856e-11  0                      57731.10307720306      
396478.2526571263      -3.637978807091713e-12 7.275957614183426e-12  57731.13432720306      
396379.1510085319      1.455191522836685e-11  -7.275957614183426e-12 57731.16557720306      
396278.9775036483      -2.91038304567337e-11  0                      57731.19682720306      
396177.7328846977      1.091393642127514e-11  0                      57731.22807720306      
396075.4179792185      -1.818989403545856e-11 0                      57731.25932720306      
395972.0337007911      -7.275957614183426e-12 -7.275957614183426e-12 57731.29057720306      
395867.5810496197      7.275957614183426e-12  -1.455191522836685e-11 57731.32182720306      
395762.0611132534      1.818989403545856e-11  0                      57731.35307720306      
395655.4750670599      1.455191522836685e-11  -7.275957614183426e-12 57731.38432720306      
395547.8241749127      1.455191522836685e-11  -7.275957614183426e-12 57731.41557720306      
395439.1097898765      -1.455191522836685e-11 7.275957614183426e-12  57731.44682720306      
395329.3333546625      1.091393642127514e-11  -7.275957614183426e-12 57731.47807720306      
395218.4964023017      -3.637978807091713e-12 7.275957614183426e-12  57731.50932720306      
395106.6005568183      -7.275957614183426e-12 1.455191522836685e-11  57731.54057720306      
394993.6475336649      2.546585164964199e-11  -7.275957614183426e-12 57731.57182720306      
394879.6391403819      -1.455191522836685e-11 0                      57731.60307720306      
394764.5772772579      3.637978807091713e-12  7.275957614183426e-12  57731.63432720306      
394648.4639377425      -3.637978807091713e-12 -7.275957614183426e-12 57731.66557720306      
394531.3012090931      7.275957614183426e-12  0                      57731.69682720306      
394413.0912730193      -2.91038304567337e-11  7.275957614183426e-12  57731.72807720306      
394293.8364060742      0                      7.275957614183426e-12  57731.75932720306      
394173.5389802862      3.637978807091713e-12  0                      57731.79057720306      
394052.2014637865      -3.637978807091713e-12 -7.275957614183426e-12 57731.82182720306      
393929.8264211795      -3.637978807091713e-12 -7.275957614183426e-12 57731.85307720306      
393806.4165141563      3.637978807091713e-12  -7.275957614183426e-12 57731.88432720306      
393681.9745021069      1.455191522836685e-11  -1.455191522836685e-11 57731.91557720306      
393556.5032424661      1.455191522836685e-11  7.275957614183426e-12  57731.94682720306      
393430.00569131        -2.182787284255028e-11 0                      57731.97807720306      
393302.48490395        0                      0                      57732.00932720306      
393173.9440352544      0                      -1.455191522836685e-11 57732.04057720306      
393044.3863402557      7.275957614183426e-12  -1.455191522836685e-11 57732.07182720306      
392913.8151745764      -2.182787284255028e-11 0                      57732.10307720306      
392782.2339950247      1.455191522836685e-11  0                      57732.13432720306      
392649.6463598834      7.275957614183426e-12  -1.455191522836685e-11 57732.16557720306      
392516.0559294603      0                      -2.91038304567337e-11  57732.19682720306      
392381.4664666367      -3.637978807091713e-11 2.91038304567337e-11   57732.22807720306      
392245.8818371268      0                      1.455191522836685e-11  57732.25932720306      
392109.3060100086      7.275957614183426e-12  0                      57732.29057720306      
391971.7430582498      7.275957614183426e-12  0                      57732.32182720306      
391833.1971589397      1.455191522836685e-11  0                      57732.35307720306      
391693.6725937966      2.182787284255028e-11  0                      57732.38432720306      
391553.1737496722      -2.182787284255028e-11 -1.455191522836685e-11 57732.41557720306      
391411.7051187529      -7.275957614183426e-12 1.455191522836685e-11  57732.44682720306      
391269.2712990443      -7.275957614183426e-12 -1.455191522836685e-11 57732.47807720306      
391125.8769948505      2.182787284255028e-11  0                      57732.50932720306      
391090.9598986823      7.275957614183426e-12  -1.455191522836685e-11 57732.51690528836      
391087.7573394403      -2.182787284255028e-11 0                      57732.5175997328       
391063.2502724925      -7.275957614183426e-12 0                      57732.5229104783       
390918.4864238735      -2.91038304567337e-11  1.455191522836685e-11  57732.5541604783       
390772.7739903136      2.91038304567337e-11   0                      57732.5854104783       
390626.1180435402      7.275957614183426e-12  1.455191522836685e-11  57732.6166604783       
390478.5237630485      -1.455191522836685e-11 1.455191522836685e-11  57732.6479104783       
390329.9964365354      -2.91038304567337e-11  1.455191522836685e-11  57732.6791604783       
390180.5414600121      3.637978807091713e-11  0                      57732.7104104783       
390030.1643382143      -2.182787284255028e-11 0                      57732.7416604783       
389878.8706850073      -2.182787284255028e-11 0                      57732.7729104783       
389726.6662234647      -2.182787284255028e-11 0                      57732.8041604783       
389573.5567862497      -2.182787284255028e-11 1.455191522836685e-11  57732.8354104783       
389419.5483159912      0                      0                      57732.8666604783       
389264.6468653254      -3.637978807091713e-11 1.455191522836685e-11  57732.8979104783       
389108.8585972853      2.182787284255028e-11  1.455191522836685e-11  57732.9291604783       
388952.1897854619      -2.91038304567337e-11  0                      57732.9604104783       
388794.6468143743      7.275957614183426e-12  0                      57732.9916604783       
388636.236179463       5.093170329928398e-11  1.455191522836685e-11  57733.0229104783       
388476.9644873984      7.275957614183426e-12  0                      57733.0541604783       
388316.838456382       7.275957614183426e-12  0                      57733.0854104783       
388155.8649161005      -1.455191522836685e-11 1.455191522836685e-11  57733.1166604783       
387994.0508080011      3.637978807091713e-11  1.455191522836685e-11  57733.1479104783       
387831.4031855573      1.455191522836685e-11  0                      57733.1791604783       
387667.9292141837      -3.637978807091713e-11 0                      57733.2104104783       
387503.6361714751      2.91038304567337e-11   0                      57733.2416604783       
387338.5314474369      7.275957614183426e-12  -1.455191522836685e-11 57733.2729104783       
387172.6225443573      -2.182787284255028e-11 -2.91038304567337e-11  57733.3041604783       
387005.9170770489      -2.182787284255028e-11 -1.455191522836685e-11 57733.3354104783       
386838.4227728463      -7.275957614183426e-11 -1.455191522836685e-11 57733.3666604783       
386670.1474718245      1.455191522836685e-11  0                      57733.3979104783       
386501.0991266131      7.275957614183426e-12  0                      57733.4291604783       
386331.2858025455      -7.275957614183426e-12 1.455191522836685e-11  57733.4604104783       
386160.7156778004      0                      0                      57733.4916604783       
385989.397043169       0                      0                      57733.5229104783       
385817.3383021652      2.182787284255028e-11  -1.455191522836685e-11 57733.5541604783       
385644.5479711228      -1.455191522836685e-11 -1.455191522836685e-11 57733.5854104783       
385471.0346789177      -2.182787284255028e-11 1.455191522836685e-11  57733.6166604783       
385296.807167075       0                      0                      57733.6479104783       
385121.87428962        -7.275957614183426e-12 0                      57733.6791604783       
384946.2450131579      7.275957614183426e-12  1.455191522836685e-11  57733.7104104783       
384769.9284165301      7.275957614183426e-12  0                      57733.7416604783       
384592.9336908214      1.455191522836685e-11  0                      57733.7729104783       
384415.2701393531      7.275957614183426e-12  -1.455191522836685e-11 57733.8041604783       
384236.9471772891      7.275957614183426e-12  0                      57733.8354104783       
384057.9743315952      0                      1.455191522836685e-11  57733.8666604783       
383878.3612409857      -5.820766091346741e-11 0                      57733.8979104783       
383698.117655476       -5.820766091346741e-11 -1.455191522836685e-11 57733.9291604783       
383517.2534363361      -7.275957614183426e-12 1.455191522836685e-11  57733.9604104783       
383335.7785557761      2.182787284255028e-11  0                      57733.9916604783       
383153.7030968671      1.455191522836685e-11  1.455191522836685e-11  57734.0229104783       
382971.0372530224      -7.275957614183426e-12 -1.455191522836685e-11 57734.0541604783       
382787.7913278404      1.455191522836685e-11  1.455191522836685e-11  57734.0854104783       
382603.9757349323      -2.182787284255028e-11 0                      57734.1166604783       
382419.6009973466      0                      1.455191522836685e-11  57734.1479104783       
382234.6777474019      -2.182787284255028e-11 0                      57734.1791604783       
382049.2167262457      3.637978807091713e-11  2.91038304567337e-11   57734.2104104783       
381863.2287836521      0                      -1.455191522836685e-11 57734.2416604783       
381676.7248773685      2.91038304567337e-11   -1.455191522836685e-11 57734.2729104783       
381489.7160728329      2.182787284255028e-11  0                      57734.3041604783       
381302.2135428728      -1.455191522836685e-11 0                      57734.3354104783       
381114.2285669917      -7.275957614183426e-12 0                      57734.3666604783       
380925.772531029       7.275957614183426e-12  0                      57734.3979104783       
380736.8569268005      -3.637978807091713e-11 1.455191522836685e-11  57734.4291604783       
380547.4933513245      1.455191522836685e-11  1.455191522836685e-11  57734.4604104783       
380357.6935064657      7.275957614183426e-12  0                      57734.4916604783       
380167.4691982951      -2.91038304567337e-11  2.91038304567337e-11   57734.5229104783       
379976.8323366957      -4.365574568510056e-11 0                      57734.5541604783       
379785.7949345026      -3.637978807091713e-11 0                      57734.5854104783       
379594.3691070222      2.182787284255028e-11  0                      57734.6166604783       
379402.5670715311      -7.275957614183426e-12 0                      57734.6479104783       
379210.4011463512      1.455191522836685e-11  2.91038304567337e-11   57734.6791604783       
379017.8837503509      -2.182787284255028e-11 0                      57734.7104104783       
378825.0274021555      7.275957614183426e-12  -2.91038304567337e-11  57734.7416604783       
378631.8447196048      7.275957614183426e-12  0                      57734.7729104783       
378438.3484187413      -7.275957614183426e-12 -2.91038304567337e-11  57734.8041604783       
378244.5513131772      0                      0                      57734.8354104783       
378050.4663134436      -2.182787284255028e-11 0                      57734.8666604783       
377856.1064259076      0                      0                      57734.8979104783       
377661.4847521203      4.365574568510056e-11  0                      57734.9291604783       
377466.61448787        -2.91038304567337e-11  -2.91038304567337e-11  57734.9604104783       
377271.5089224848      7.275957614183426e-12  0                      57734.9916604783       
377076.1814376577      0                      5.820766091346741e-11  57735.0229104783       
376880.6455066575      -1.455191522836685e-11 0                      57735.0541604783       
376684.9146935163      1.455191522836685e-11  0                      57735.0854104783       
376489.0026517843      1.455191522836685e-11  0                      57735.1166604783       
376292.9231237152      -2.91038304567337e-11  2.91038304567337e-11   57735.1479104783       
376096.6899391561      -1.455191522836685e-11 0                      57735.1791604783       
375900.3170146854      0                      0                      57735.2104104783       
375703.8183522717      -1.818989403545856e-11 0                      57735.2416604783       
375507.2080383182      -3.637978807091713e-12 -5.820766091346741e-11 57735.2729104783       
375310.5002426844      7.275957614183426e-12  2.91038304567337e-11   57735.3041604783       
375113.7092172703      7.275957614183426e-12  0                      57735.3354104783       
374916.8492950351      1.455191522836685e-11  2.91038304567337e-11   57735.3666604783       
374829.2393085894      1.091393642127514e-11  0                      57735.38056497365      
374742.7423413052      -1.091393642127514e-11 2.91038304567337e-11   57735.39429134106      
374686.0080677157      0                      0                      57735.40329390519      
374636.3588355129      -1.091393642127514e-11 2.91038304567337e-11   57735.41117181177      
374604.2272943055      -3.637978807091713e-12 0                      57735.41626998001      
374578.5424148543      -7.275957614183426e-12 -2.91038304567337e-11  57735.42034518921      
374556.8304008198      -1.818989403545856e-11 2.91038304567337e-11   57735.42378999405      
374541.6694241138      2.546585164964199e-11  2.91038304567337e-11   57735.42619538622      
374527.7035509824      0                      0                      57735.42841114473      
374513.8172771382      2.182787284255028e-11  -2.91038304567337e-11  57735.43061425402      
374499.7486220656      -1.091393642127514e-11 2.91038304567337e-11   57735.43284627888      
374487.0787898026      0                      0                      57735.43485636079      
374470.1273530613      1.818989403545856e-11  0                      57735.4375457004       
374454.2593425007      -3.637978807091713e-12 0                      57735.44006313189      
374435.1280457814      -1.091393642127514e-11 -2.91038304567337e-11  57735.44309825016      
374408.2342722932      1.091393642127514e-11  0                      57735.44736481288      
374372.2021219018      -1.091393642127514e-11 0                      57735.4530810561       
374325.1294840008      -1.818989403545856e-11 0                      57735.46054868221      
374264.6319975225      -1.818989403545856e-11 -2.91038304567337e-11  57735.47014589464      
374185.9664744908      7.275957614183426e-12  -2.91038304567337e-11  57735.48262512294      
374082.5838959172      2.182787284255028e-11  -2.91038304567337e-11  57735.49902539111      
373945.6575766702      -7.275957614183426e-12 0                      57735.52074748192      
373763.1990590905      1.455191522836685e-11  2.91038304567337e-11   57735.54969507929      
373566.2590169256      -7.275957614183426e-12 0                      57735.58094507929      
373369.3653715889      3.637978807091713e-12  2.91038304567337e-11   57735.61219507929      
373172.5331187758      -2.91038304567337e-11  -2.91038304567337e-11  57735.64344507929      
372975.7773225239      1.455191522836685e-11  0                      57735.67469507929      
372779.1131135019      7.275957614183426e-12  2.91038304567337e-11   57735.70594507929      
372582.5556876872      0                      0                      57735.73719507929      
372386.1203050176      -3.637978807091713e-12 0                      57735.76844507929      
372189.8222876062      2.546585164964199e-11  -2.91038304567337e-11  57735.79969507929      
371993.6770183886      1.818989403545856e-11  0                      57735.83094507929      
371797.6999394705      1.091393642127514e-11  -2.91038304567337e-11  57735.86219507929      
371601.906550725       -3.637978807091713e-12 2.91038304567337e-11   57735.89344507929      
371406.3124079064      -3.637978807091713e-12 0                      57735.92469507929      
371210.9331211977      7.275957614183426e-12  0                      57735.95594507929      
371015.784353458       1.455191522836685e-11  2.91038304567337e-11   57735.98719507929      
370820.8818187179      0                      -2.91038304567337e-11  57736.01844507929      
370626.2412801964      -7.275957614183426e-12 -2.91038304567337e-11  57736.04969507929      
370431.8785487013      3.637978807091713e-12  2.91038304567337e-11   57736.08094507929      
370237.8094810043      0                      0                      57736.11219507929      
370044.0499777845      -7.275957614183426e-12 0                      57736.14344507929      
369850.6159819996      -2.182787284255028e-11 0                      57736.17469507929      
369657.5234769618      1.091393642127514e-11  0                      57736.20594507929      
369464.7884846592      -5.456968210637569e-12 0                      57736.23719507929      
369272.4270636036      0                      0                      57736.26844507929      
369080.4553071038      0                      0                      57736.29969507929      
368888.889341246       -5.456968210637569e-12 2.91038304567337e-11   57736.33094507929      
368697.7453231176      -1.091393642127514e-11 0                      57736.36219507929      
368507.039438563       3.637978807091713e-12  -2.91038304567337e-11  57736.39344507929      
368316.7879003161      -3.637978807091713e-12 -2.91038304567337e-11  57736.42469507929      
368127.0069461097      -5.456968210637569e-12 2.91038304567337e-11   57736.45594507929      
367937.712836362       -1.818989403545856e-12 0                      57736.48719507929      
367748.9218522939      9.094947017729282e-12  0                      57736.51844507929      
367560.6502937503      5.456968210637569e-12  0                      57736.54969507929      
367372.9144772118      -5.456968210637569e-12 0                      57736.58094507929      
367185.730733441       1.818989403545856e-12  0                      57736.61219507929      
366999.1154055013      4.547473508864641e-12  2.91038304567337e-11   57736.64344507929      
366813.0848464904      -3.637978807091713e-12 0                      57736.67469507929      
366627.6554175091      0                      0                      57736.70594507929      
366442.8434851815      9.094947017729282e-13  2.91038304567337e-11   57736.73719507929      
366258.6654195853      1.818989403545856e-12  -2.91038304567337e-11  57736.76844507929      
366075.1375919043      9.094947017729282e-13  0                      57736.79969507929      
365892.2763723173      1.818989403545856e-12  0                      57736.83094507929      
365710.0981274419      1.364242052659392e-12  0                      57736.86219507929      
365528.6192181857      -4.547473508864641e-13 -2.91038304567337e-11  57736.89344507929      
365347.8559973232      0                      2.91038304567337e-11   57736.92469507929      
365167.8248073093      2.273736754432321e-13  2.91038304567337e-11   57736.95594507929      
364988.5419776515      4.547473508864641e-13  2.91038304567337e-11   57736.98719507929      
364810.0238226471      8.526512829121202e-13  0                      57737.01844507929      
364632.2866390985      1.307398633798584e-12  0                      57737.04969507929      
364455.3467036396      1.818989403545856e-12  0                      57737.08094507929      
364279.2202704621      6.821210263296962e-13  0                      57737.11219507929      
364103.923568777       0                      0                      57737.14344507929      
363929.4728005067      -4.092726157978177e-12 2.91038304567337e-11   57737.17469507929      
363755.8841375553      0                      5.820766091346741e-11  57737.20594507929      
363583.1737194716      0                      0                      57737.23719507929      
363411.3576508565      4.547473508864641e-12  0                      57737.26844507929      
363240.4519989965      9.094947017729282e-13  0                      57737.29969507929      
363070.4727910855      -2.728484105318785e-12 -2.91038304567337e-11  57737.33094507929      
362901.4360118349      -1.818989403545856e-12 0                      57737.36219507929      
362733.3576008342      9.094947017729282e-13  -2.91038304567337e-11  57737.39344507929      
362566.2534501348      -3.637978807091713e-12 0                      57737.42469507929      
362400.1394014332      0                      -2.91038304567337e-11  57737.45594507929      
362235.0312436381      3.637978807091713e-12  2.91038304567337e-11   57737.48719507929      
362070.9447101918      -1.091393642127514e-11 -2.91038304567337e-11  57737.51844507929      
361907.8954766156      3.637978807091713e-12  0                      57737.54969507929      
361745.8991576653      0                      0                      57737.58094507929      
361584.971304862       1.818989403545856e-12  -5.820766091346741e-11 57737.61219507929      
361425.127403789       0                      2.91038304567337e-11   57737.64344507929      
361266.3828716064      -5.456968210637569e-12 -2.91038304567337e-11  57737.67469507929      
361108.7530541903      7.275957614183426e-12  0                      57737.70594507929      
360952.2532236393      -1.455191522836685e-11 2.91038304567337e-11   57737.73719507929      
360796.8985755567      0                      0                      57737.76844507929      
360642.7042265461      7.275957614183426e-12  -2.91038304567337e-11  57737.79969507929      
360489.6852113461      1.455191522836685e-11  0                      57737.83094507929      
360337.8564803236      3.637978807091713e-12  2.91038304567337e-11   57737.86219507929      
360187.232896753       -3.637978807091713e-12 -2.91038304567337e-11  57737.89344507929      
360037.8292343058      3.637978807091713e-12  -2.91038304567337e-11  57737.92469507929      
359889.6601741911      3.637978807091713e-12  0                      57737.95594507929      
359742.7403026506      -7.275957614183426e-12 0                      57737.98719507929      
359597.0841082449      3.637978807091713e-12  0                      57738.01844507929      
359452.7059793501      3.637978807091713e-12  2.91038304567337e-11   57738.04969507929      
359309.6202013182      -3.637978807091713e-12 -2.91038304567337e-11  57738.08094507929      
359167.8409539843      7.275957614183426e-12  0                      57738.11219507929      
359027.3823089759      0                      2.91038304567337e-11   57738.14344507929      
358888.2582272268      1.455191522836685e-11  0                      57738.17469507929      
358750.4825561732      -3.637978807091713e-12 -2.91038304567337e-11  57738.20594507929      
358614.069027284       -1.091393642127514e-11 0                      57738.23719507929      
358479.0312534083      7.275957614183426e-12  0                      57738.26844507929      
358345.3827263196      -4.001776687800884e-11 0                      57738.29969507929      
358213.1368139609      1.818989403545856e-11  2.91038304567337e-11   57738.33094507929      
358082.3067580134      0                      2.91038304567337e-11   57738.36219507929      
357952.9056712934      -7.275957614183426e-12 0                      57738.39344507929      
357824.9465353432      1.818989403545856e-11  0                      57738.42469507929      
357698.4421977375      2.91038304567337e-11   -2.91038304567337e-11  57738.45594507929      
357573.4053697054      1.091393642127514e-11  0                      57738.48719507929      
357449.8486235914      0                      2.91038304567337e-11   57738.51844507929      
357327.7843905056      3.637978807091713e-12  0                      57738.54969507929      
357207.2249577067      -7.275957614183426e-12 2.91038304567337e-11   57738.58094507929      
357088.1824662917      7.275957614183426e-12  0                      57738.61219507929      
356970.6689087338      3.637978807091713e-12  -2.91038304567337e-11  57738.64344507929      
356854.6961266078      1.455191522836685e-11  -2.91038304567337e-11  57738.67469507929      
356740.2758080639      3.637978807091713e-12  0                      57738.70594507929      
356627.4194855974      1.818989403545856e-11  2.91038304567337e-11   57738.73719507929      
356516.1385337067      -1.455191522836685e-11 2.91038304567337e-11   57738.76844507929      
356406.4441665765      -2.182787284255028e-11 2.91038304567337e-11   57738.79969507929      
356298.3474359151      7.275957614183426e-12  -2.91038304567337e-11  57738.83094507929      
356191.8592285622      1.818989403545856e-11  0                      57738.86219507929      
356086.9902643802      -1.455191522836685e-11 2.91038304567337e-11   57738.89344507929      
355983.7510940218      7.275957614183426e-12  -2.91038304567337e-11  57738.92469507929      
355882.1520968714      7.275957614183426e-12  0                      57738.95594507929      
355782.2034787774      0                      -1.455191522836685e-11 57738.98719507929      
355683.9152700551      2.182787284255028e-11  1.455191522836685e-11  57739.01844507929      
355587.2973233785      0                      -2.91038304567337e-11  57739.04969507929      
355492.3593118412      -7.275957614183426e-12 0                      57739.08094507929      
355399.1107268254      7.275957614183426e-12  2.91038304567337e-11   57739.11219507929      
355307.5608761302      7.275957614183426e-12  -1.455191522836685e-11 57739.14344507929      
355217.7188820022      0                      1.455191522836685e-11  57739.17469507929      
355129.5936793264      2.182787284255028e-11  -1.455191522836685e-11 57739.20594507929      
355043.1940136474      1.455191522836685e-11  -1.455191522836685e-11 57739.23719507929      
354958.5284394358      0                      0                      57739.26844507929      
354875.6053182873      -2.91038304567337e-11  -1.455191522836685e-11 57739.29969507929      
354794.4328171641      1.455191522836685e-11  -1.455191522836685e-11 57739.33094507929      
354715.0189067692      2.182787284255028e-11  0                      57739.36219507929      
354637.3713597719      0                      -1.455191522836685e-11 57739.39344507929      
354561.4977492648      -2.182787284255028e-11 -2.91038304567337e-11  57739.42469507929      
354487.4054471488      0                      1.455191522836685e-11  57739.45594507929      
354415.1016226672      2.182787284255028e-11  -1.455191522836685e-11 57739.48719507929      
354344.5932408086      -7.275957614183426e-12 -1.455191522836685e-11 57739.51844507929      
354275.887060928       -5.820766091346741e-11 1.455191522836685e-11  57739.54969507929      
354208.9896353093      0                      0                      57739.58094507929      
354143.9073078674      -7.275957614183426e-12 -1.455191522836685e-11 57739.61219507929      
354080.6462127408      -2.182787284255028e-11 1.455191522836685e-11  57739.64344507929      
354019.2122730865      0                      -1.455191522836685e-11 57739.67469507929      
353959.6111998428      0                      -1.455191522836685e-11 57739.70594507929      
353901.8484905421      0                      1.455191522836685e-11  57739.73719507929      
353845.929428238       2.182787284255028e-11  0                      57739.76844507929      
353791.859080347       2.91038304567337e-11   0                      57739.79969507929      
353739.6422976732      1.455191522836685e-11  0                      57739.83094507929      
353689.2837134034      -7.275957614183426e-12 -1.455191522836685e-11 57739.86219507929      
353640.7877422233      -7.275957614183426e-12 1.455191522836685e-11  57739.89344507929      
353594.1585793672      2.182787284255028e-11  1.455191522836685e-11  57739.92469507929      
353549.4001998358      0                      0                      57739.95594507929      
353506.5163576054      2.91038304567337e-11   1.455191522836685e-11  57739.98719507929      
353465.5105848913      -7.275957614183426e-11 1.455191522836685e-11  57740.01844507929      
353426.3861915099      0                      0                      57740.04969507929      
353389.1462641972      7.275957614183426e-12  -1.455191522836685e-11 57740.08094507929      
353353.7936660764      -7.275957614183426e-12 0                      57740.11219507929      
353320.3310361206      -7.275957614183426e-12 -1.455191522836685e-11 57740.14344507929      
353288.7607887178      1.455191522836685e-11  -1.455191522836685e-11 57740.17469507929      
353259.0851132099      -1.455191522836685e-11 0                      57740.20594507929      
353231.3059735643      -7.275957614183426e-12 1.455191522836685e-11  57740.23719507929      
353205.4251080587      0                      0                      57740.26844507929      
353181.4440290215      2.182787284255028e-11  1.455191522836685e-11  57740.29969507929      
353159.3640226539      7.275957614183426e-12  0                      57740.33094507929      
353139.1861488493      -1.455191522836685e-11 0                      57740.36219507929      
353120.911241123       2.182787284255028e-11  0                      57740.39344507929      
353104.5399065641      7.275957614183426e-12  1.455191522836685e-11  57740.42469507929      
353090.0725258631      7.275957614183426e-12  1.455191522836685e-11  57740.45594507929      
353077.5092533585      3.637978807091713e-11  0                      57740.48719507929      
353066.8500171747      1.455191522836685e-11  -1.455191522836685e-11 57740.51844507929      
353058.0945194176      2.91038304567337e-11   -1.455191522836685e-11 57740.54969507929      
353051.2422363939      -4.365574568510056e-11 0                      57740.58094507929      
353046.2924188881      -1.455191522836685e-11 0                      57740.61219507929      
353043.2440924917      -2.182787284255028e-11 0                      57740.64344507929      
353042.0960580024      -3.637978807091713e-11 1.455191522836685e-11  57740.67469507929      
353042.8468918668      0                      0                      57740.70594507929      
353045.494946681       -3.637978807091713e-11 0                      57740.73719507929      
353050.0383517367      0                      0                      57740.76844507929      
353056.4750136295      0                      0                      57740.79969507929      
353064.8026169117      -2.182787284255028e-11 -1.455191522836685e-11 57740.83094507929      
353075.0186248029      -2.182787284255028e-11 1.455191522836685e-11  57740.86219507929      
353087.1202799393      2.182787284255028e-11  -2.91038304567337e-11  57740.89344507929      
353101.1046051982      -1.455191522836685e-11 -1.455191522836685e-11 57740.92469507929      
353116.9684045505      0                      1.455191522836685e-11  57740.95594507929      
353128.1191300936      1.455191522836685e-11  1.455191522836685e-11  57740.97596784209      
353136.3529703603      7.275957614183426e-12  1.455191522836685e-11  57740.989934974        
353142.6537753823      7.275957614183426e-12  -1.455191522836685e-11 57741.00021761643      
353146.7641438548      1.455191522836685e-11  1.455191522836685e-11  57741.00675370328      
353150.0815303919      -1.455191522836685e-11 1.455191522836685e-11  57741.01193636096      
353152.6783701971      -7.275957614183426e-12 2.91038304567337e-11   57741.01593836433      
353154.7168672902      2.182787284255028e-11  0                      57741.01904730118      
353156.3199166516      0                      -1.455191522836685e-11 57741.02147254803      
353157.5890868341      -7.275957614183426e-12 1.455191522836685e-11  57741.0233807043       
353158.6113350646      -2.182787284255028e-11 0                      57741.02491006193      
353159.4959625309      7.275957614183426e-12  -1.455191522836685e-11 57741.02622815914      
353160.1119184017      -7.275957614183426e-12 -1.455191522836685e-11 57741.02714302437      
353160.5714831646      1.455191522836685e-11  1.455191522836685e-11  57741.02782406191      
353160.9817560894      7.275957614183426e-12  1.455191522836685e-11  57741.0284309455       
353161.2472868562      -1.455191522836685e-11 0                      57741.02882316951      
353161.4888974526      -1.455191522836685e-11 0                      57741.0291796833       
353161.7298431391      2.182787284255028e-11  0                      57741.02953485938      
353161.9479852125      -7.275957614183426e-12 0                      57741.0298561146       
353162.1657607015      -2.182787284255028e-11 1.455191522836685e-11  57741.03017654049      
353162.4198974305      -2.182787284255028e-11 1.455191522836685e-11  57741.03055010217      
353162.6832476495      -2.182787284255028e-11 1.455191522836685e-11  57741.03093679389      
353162.9870011851      -1.455191522836685e-11 1.455191522836685e-11  57741.03138229167      
353163.3765936099      -2.91038304567337e-11  -1.455191522836685e-11 57741.03195287161      
353163.8799375402      -7.275957614183426e-12 -1.455191522836685e-11 57741.03268870133      
353164.5295468458      -7.275957614183426e-12 1.455191522836685e-11  57741.03363612558      
353165.3977614049      -1.455191522836685e-11 1.455191522836685e-11  57741.03489848693      
353166.5387550239      7.275957614183426e-12  0                      57741.0365507705       
353168.0578447722      -7.275957614183426e-12 0                      57741.03873895056      
353170.0680120956      1.455191522836685e-11  -1.455191522836685e-11 57741.04161446763      
353172.7497572958      -1.455191522836685e-11 1.455191522836685e-11  57741.04541598562      
353176.354519403       -1.455191522836685e-11 1.455191522836685e-11  57741.0504654326       
353181.2360951335      1.455191522836685e-11  0                      57741.05719735553      
353187.9010082039      0                      0                      57741.06620214054      
353197.0859153947      -2.91038304567337e-11  0                      57741.07828346792      
353209.8803607461      -1.455191522836685e-11 0                      57741.09453563815      
353227.9349826346      0                      1.455191522836685e-11  57741.1164582404       
353253.802381566       7.275957614183426e-12  0                      57741.14610455092      
353282.8721337144      2.91038304567337e-11   -1.455191522836685e-11 57741.17735455092      
353313.7876035253      1.455191522836685e-11  0                      57741.20860455092      
353346.5436541049      2.546585164964199e-11  0                      57741.23985455092      
353381.134941095       1.091393642127514e-11  0                      57741.27110455092      
353417.5559140841      1.455191522836685e-11  0                      57741.30235455092      
353455.8008180175      7.275957614183426e-12  0                      57741.33360455092      
353495.8636947329      2.182787284255028e-11  -7.275957614183426e-12 57741.36485455092      
353537.73838446        2.182787284255028e-11  0                      57741.39610455092      
353581.4185274011      0                      7.275957614183426e-12  57741.42735455092      
353626.8975653595      3.637978807091713e-12  -1.455191522836685e-11 57741.45860455092      
353674.1687433543      1.818989403545856e-11  -7.275957614183426e-12 57741.48985455092      
353723.2251113842      3.637978807091713e-12  -1.455191522836685e-11 57741.52110455092      
353774.0595261244      7.275957614183426e-12  0                      57741.55235455092      
353826.6646527179      -2.546585164964199e-11 -7.275957614183426e-12 57741.58360455092      
353881.0329666056      1.091393642127514e-11  0                      57741.61485455092      
353937.1567553325      7.275957614183426e-12  0                      57741.64610455092      
353995.0281205177      -1.091393642127514e-11 0                      57741.67735455092      
354054.6389797346      -3.637978807091713e-12 0                      57741.70860455092      
354115.9810684897      2.182787284255028e-11  -7.275957614183426e-12 57741.73985455092      
354179.0459422388      7.275957614183426e-12  0                      57741.77110455092      
354243.8249783639      -7.275957614183426e-12 0                      57741.80235455092      
354310.3093783297      3.637978807091713e-12  0                      57741.83360455092      
354378.4901697269      1.091393642127514e-11  7.275957614183426e-12  57741.86485455092      
354448.3582084194      1.091393642127514e-11  0                      57741.89610455092      
354519.9041807253      1.818989403545856e-11  1.455191522836685e-11  57741.92735455092      
354593.1186055436      -7.275957614183426e-12 0                      57741.95860455092      
354667.9918366765      1.818989403545856e-11  0                      57741.98985455092      
354744.5140650147      -7.275957614183426e-12 -7.275957614183426e-12 57742.02110455092      
354822.6753208317      -3.637978807091713e-12 7.275957614183426e-12  57742.05235455092      
354902.4654760882      -3.637978807091713e-12 -7.275957614183426e-12 57742.08360455092      
354983.8742467821      -1.091393642127514e-11 0                      57742.11485455092      
355066.8911952262      -3.637978807091713e-12 -7.275957614183426e-12 57742.14610455092      
355151.5057325408      3.637978807091713e-12  7.275957614183426e-12  57742.17735455092      
355237.7071209795      1.091393642127514e-11  3.637978807091713e-12  57742.20860455092      
355325.4844763703      -1.091393642127514e-11 3.637978807091713e-12  57742.23985455092      
355414.8267705814      -3.637978807091713e-12 3.637978807091713e-12  57742.27110455092      
355505.7228339013      1.2732925824821e-11    0                      57742.30235455092      
355598.1613576466      -7.275957614183426e-12 -3.637978807091713e-12 57742.33360455092      
355692.1308965808      1.818989403545856e-12  3.637978807091713e-12  57742.36485455092      
355787.6198714534      -7.275957614183426e-12 3.637978807091713e-12  57742.39610455092      
355884.6165715575      -1.818989403545856e-12 0                      57742.42735455092      
355983.1091571902      3.637978807091713e-12  0                      57742.45860455092      
356083.0856623522      -1.2732925824821e-11   3.637978807091713e-12  57742.48985455092      
356184.5339972371      0                      3.637978807091713e-12  57742.52110455092      
356287.4419508451      -1.818989403545856e-12 0                      57742.55235455092      
356391.7971936103      7.275957614183426e-12  0                      57742.58360455092      
356497.5872799172      -1.818989403545856e-12 -1.818989403545856e-12 57742.61485455092      
356604.7996508713      -8.185452315956354e-12 0                      57742.64610455092      
356713.4216368343      0                      0                      57742.67735455092      
356823.4404600908      3.637978807091713e-12  1.818989403545856e-12  57742.70860455092      
356934.8432374959      0                      -1.818989403545856e-12 57742.73985455092      
357047.6169831576      0                      0                      57742.77110455092      
357161.7486109919      1.818989403545856e-12  1.818989403545856e-12  57742.80235455092      
357277.224937546       9.094947017729282e-13  0                      57742.83360455092      
357394.0326845628      -4.547473508864641e-13 9.094947017729282e-13  57742.86485455092      
357512.1584816793      -4.547473508864641e-13 0                      57742.89610455092      
357631.5888691294      -4.547473508864641e-13 -9.094947017729282e-13 57742.92735455092      
357752.310300308       0                      -4.547473508864641e-13 57742.95860455092      
357874.3091446137      -1.13686837721616e-13  2.273736754432321e-13  57742.98985455092      
357997.571690015       1.13686837721616e-13   0                      57743.02110455092      
358122.0841457519      7.389644451905042e-13  -2.273736754432321e-13 57743.05235455092      
358247.8326450094      0                      6.821210263296962e-13  57743.08360455092      
358374.8032476175      -2.273736754432321e-13 -4.547473508864641e-13 57743.11485455092      
358502.9819425987      4.547473508864641e-13  0                      57743.14610455092      
358632.3546510091      -1.818989403545856e-12 9.094947017729282e-13  57743.17735455092      
358762.9072284767      1.818989403545856e-12  -9.094947017729282e-13 57743.20860455092      
358894.6254678834      0                      9.094947017729282e-13  57743.23985455092      
359027.4951020409      0                      3.637978807091713e-12  57743.27110455092      
359161.5018062047      -9.094947017729282e-13 -1.818989403545856e-12 57743.30235455092      
359296.63120089        -1.818989403545856e-12 0                      57743.33360455092      
359432.8688543692      0                      0                      57743.36485455092      
359570.2002853152      -3.637978807091713e-12 1.818989403545856e-12  57743.39610455092      
359708.610965403       -7.275957614183426e-12 -1.818989403545856e-12 57743.42735455092      
359848.0863219343      1.818989403545856e-12  3.637978807091713e-12  57743.45860455092      
359988.6117402866      -3.637978807091713e-12 0                      57743.48985455092      
360130.1725666769      -7.275957614183426e-12 0                      57743.52110455092      
360272.754110587       5.456968210637569e-12  3.637978807091713e-12  57743.55235455092      
360416.3416473381      -7.275957614183426e-12 3.637978807091713e-12  57743.58360455092      
360560.9204206198      0                      -3.637978807091713e-12 57743.61485455092      
360706.4756450375      7.275957614183426e-12  0                      57743.64610455092      
360852.992508476       -7.275957614183426e-12 0                      57743.67735455092      
361000.4561747862      5.456968210637569e-12  3.637978807091713e-12  57743.70860455092      
361148.8517861175      5.456968210637569e-12  3.637978807091713e-12  57743.73985455092      
361298.1644654018      7.275957614183426e-12  -3.637978807091713e-12 57743.77110455092      
361448.3793187879      -3.637978807091713e-12 -3.637978807091713e-12 57743.80235455092      
361599.481438092       7.275957614183426e-12  7.275957614183426e-12  57743.83360455092      
361751.4559030551      1.091393642127514e-11  0                      57743.86485455092      
361904.2877839328      -3.637978807091713e-12 0                      57743.89610455092      
362057.9621437157      -3.637978807091713e-12 0                      57743.92735455092      
362212.4640405041      -3.637978807091713e-12 -7.275957614183426e-12 57743.95860455092      
362367.7785298289      7.275957614183426e-12  0                      57743.98985455092      
362523.8906669883      -1.091393642127514e-11 -7.275957614183426e-12 57744.02110455092      
362680.7855091817      -3.637978807091713e-12 -1.455191522836685e-11 57744.05235455092      
362838.4481179851      2.182787284255028e-11  7.275957614183426e-12  57744.08360455092      
362996.8635614433      -2.546585164964199e-11 -7.275957614183426e-12 57744.11485455092      
363156.0169163204      3.637978807091713e-12  0                      57744.14610455092      
363315.8932702917      -7.275957614183426e-12 -7.275957614183426e-12 57744.17735455092      
363476.4777241516      7.275957614183426e-12  0                      57744.20860455092      
363637.75539381        1.091393642127514e-11  -7.275957614183426e-12 57744.23985455092      
363799.7114126407      2.91038304567337e-11   0                      57744.27110455092      
363962.3309334313      3.637978807091713e-12  0                      57744.30235455092      
364125.599130498       -3.637978807091713e-12 7.275957614183426e-12  57744.33360455092      
364289.5012017371      -1.091393642127514e-11 0                      57744.36485455092      
364454.0223706921      3.637978807091713e-12  7.275957614183426e-12  57744.39610455092      
364619.1478884036      0                      -1.455191522836685e-11 57744.42735455092      
364784.8630356195      3.637978807091713e-12  7.275957614183426e-12  57744.45860455092      
364951.1531245958      3.637978807091713e-12  0                      57744.48985455092      
365118.0035010504      3.637978807091713e-12  7.275957614183426e-12  57744.52110455092      
365285.399546032       -1.091393642127514e-11 7.275957614183426e-12  57744.55235455092      
365453.3266778536      7.275957614183426e-12  -7.275957614183426e-12 57744.58360455092      
365621.7703539616      7.275957614183426e-12  0                      57744.61485455092      
365790.7160726009      1.455191522836685e-11  7.275957614183426e-12  57744.64610455092      
365960.149374847       -3.637978807091713e-12 -7.275957614183426e-12 57744.67735455092      
366130.0558462203      7.275957614183426e-12  0                      57744.70860455092      
366300.4211184692      7.275957614183426e-12  0                      57744.73985455092      
366471.2308712878      1.818989403545856e-11  0                      57744.77110455092      
366642.4708340467      -3.637978807091713e-12 1.455191522836685e-11  57744.80235455092      
366814.126787297       7.275957614183426e-12  0                      57744.83360455092      
366986.1845646462      7.275957614183426e-12  -1.455191522836685e-11 57744.86485455092      
367158.6300542091      -1.455191522836685e-11 0                      57744.89610455092      
367331.4492002301      7.275957614183426e-12  1.455191522836685e-11  57744.92735455092      
367504.6280046381      -7.275957614183426e-12 -1.455191522836685e-11 57744.95860455092      
367678.1525285754      2.182787284255028e-11  1.455191522836685e-11  57744.98985455092      
367852.0088939388      -1.455191522836685e-11 0                      57745.02110455092      
368026.1832846912      2.182787284255028e-11  2.91038304567337e-11   57745.05235455092      
368200.6619485508      -1.455191522836685e-11 0                      57745.08360455092      
368375.4311982482      -7.275957614183426e-12 0                      57745.11485455092      
368550.4774129581      -7.275957614183426e-12 1.455191522836685e-11  57745.14610455092      
368725.7870396641      -2.91038304567337e-11  -1.455191522836685e-11 57745.17735455092      
368901.3465945355      2.91038304567337e-11   0                      57745.20860455092      
369077.1426640748      -7.275957614183426e-12 1.455191522836685e-11  57745.23985455092      
369253.1619066435      0                      -2.91038304567337e-11  57745.27110455092      
369429.3910535551      3.637978807091713e-11  -1.455191522836685e-11 57745.30235455092      
369605.8169103432      7.275957614183426e-12  0                      57745.33360455092      
369782.426357962       7.275957614183426e-12  0                      57745.36485455092      
369959.2063539608      -3.637978807091713e-11 0                      57745.39610455092      
370136.1439336704      -7.275957614183426e-12 0                      57745.42735455092      
370313.2262111598      0                      2.91038304567337e-11   57745.45860455092      
370490.4403805748      2.182787284255028e-11  1.455191522836685e-11  57745.48985455092      
370667.7737170398      7.275957614183426e-12  1.455191522836685e-11  57745.52110455092      
370845.2135777387      1.455191522836685e-11  1.455191522836685e-11  57745.55235455092      
371022.7474029273      7.275957614183426e-12  0                      57745.58360455092      
371200.3627169201      0                      1.455191522836685e-11  57745.61485455092      
371378.0471290917      2.91038304567337e-11   1.455191522836685e-11  57745.64610455092      
371555.7883346449      2.91038304567337e-11   0                      57745.67735455092      
371733.5741157669      -3.637978807091713e-11 0                      57745.70860455092      
371911.3923423456      -4.365574568510056e-11 0                      57745.73985455092      
372089.2309728672      7.275957614183426e-12  0                      57745.77110455092      
372267.0780552463      4.365574568510056e-11  1.455191522836685e-11  57745.80235455092      
372444.9217276304      1.455191522836685e-11  1.455191522836685e-11  57745.83360455092      
372622.7502192212      2.91038304567337e-11   0                      57745.86485455092      
372800.5518508626      0                      0                      57745.89610455092      
372978.3150360188      1.455191522836685e-11  -1.455191522836685e-11 57745.92735455092      
373156.0282813127      5.093170329928398e-11  0                      57745.95860455092      
373333.680187246       -7.275957614183426e-12 0                      57745.98985455092      
373511.2594488554      1.455191522836685e-11  1.455191522836685e-11  57746.02110455092      
373688.7548563419      5.093170329928398e-11  1.455191522836685e-11  57746.05235455092      
373866.1552956774      -4.365574568510056e-11 2.91038304567337e-11   57746.08360455092      
374043.4497492288      -2.182787284255028e-11 -2.91038304567337e-11  57746.11485455092      
374220.6272961503      -4.365574568510056e-11 1.455191522836685e-11  57746.14610455092      
374397.6771131667      0                      0                      57746.17735455092      
374574.5884749187      1.455191522836685e-11  -1.455191522836685e-11 57746.20860455092      
374751.3507544931      -2.91038304567337e-11  -2.91038304567337e-11  57746.23985455092      
374927.9534238868      7.275957614183426e-12  1.455191522836685e-11  57746.27110455092      
375104.3860544497      0                      -1.455191522836685e-11 57746.30235455092      
375280.6383173441      7.275957614183426e-12  -1.455191522836685e-11 57746.33360455092      
375456.6999837785      -4.365574568510056e-11 0                      57746.36485455092      
375632.5609256278      2.182787284255028e-11  1.455191522836685e-11  57746.39610455092      
375808.2111156223      0                      -1.455191522836685e-11 57746.42735455092      
375983.6406277185      7.275957614183426e-12  0                      57746.45860455092      
376158.8396374093      -7.275957614183426e-12 0                      57746.48985455092      
376333.7984220112      7.275957614183426e-12  1.455191522836685e-11  57746.52110455092      
376508.5073609306      5.820766091346741e-11  0                      57746.55235455092      
376682.9569359502      -2.182787284255028e-11 1.455191522836685e-11  57746.58360455092      
376857.1377312918      -2.182787284255028e-11 1.455191522836685e-11  57746.61485455092      
377031.0404340629      -1.455191522836685e-11 -1.455191522836685e-11 57746.64610455092      
377204.6558342793      -7.275957614183426e-12 -1.455191522836685e-11 57746.67735455092      
377377.9748250688      -7.275957614183426e-12 0                      57746.70860455092      
377550.9884028155      -2.182787284255028e-11 0                      57746.73985455092      
377723.6876672839      -2.182787284255028e-11 -4.365574568510056e-11 57746.77110455092      
377896.0638217233      3.637978807091713e-11  1.455191522836685e-11  57746.80235455092      
378068.1081729941      0                      0                      57746.83360455092      
378239.8121314734      3.637978807091713e-11  1.455191522836685e-11  57746.86485455092      
378411.1672113438      -2.182787284255028e-11 -2.91038304567337e-11  57746.89610455092      
378582.1650304624      -1.455191522836685e-11 0                      57746.92735455092      
378752.7973104112      0                      0                      57746.95860455092      
378923.0558764908      0                      2.91038304567337e-11   57746.98985455092      
379092.9326576947      -7.275957614183426e-12 -2.91038304567337e-11  57747.02110455092      
379262.419686667       4.365574568510056e-11  0                      57747.05235455092      
379431.5090996429      -4.365574568510056e-11 0                      57747.08360455092      
379600.1931364095      -2.182787284255028e-11 0                      57747.11485455092      
379768.4641400556      7.275957614183426e-12  0                      57747.14610455092      
379936.3145570963      1.455191522836685e-11  0                      57747.17735455092      
380103.7369371878      -2.182787284255028e-11 2.91038304567337e-11   57747.20860455092      
380270.7239330243      1.455191522836685e-11  0                      57747.23985455092      
380437.2683001765      1.455191522836685e-11  -2.91038304567337e-11  57747.27110455092      
380603.3628969175      -7.275957614183426e-12 -2.91038304567337e-11  57747.30235455092      
380769.0006840309      0                      0                      57747.33360455092      
380934.1747246426      2.182787284255028e-11  5.820766091346741e-11  57747.36485455092      
381098.8781838457      -2.182787284255028e-11 2.91038304567337e-11   57747.39610455092      
381263.1043286942      -1.455191522836685e-11 2.91038304567337e-11   57747.42735455092      
381426.8465277974      -7.275957614183426e-12 2.91038304567337e-11   57747.45860455092      
381590.0982510933      0                      0                      57747.48985455092      
381752.8530695675      0                      2.91038304567337e-11   57747.52110455092      
381915.1046549593      -1.455191522836685e-11 0                      57747.55235455092      
382076.8467794535      -1.455191522836685e-11 -5.820766091346741e-11 57747.58360455092      
382238.0733153585      1.455191522836685e-11  0                      57747.61485455092      
382398.7782348087      7.275957614183426e-12  2.91038304567337e-11   57747.64610455092      
382558.955609266       -1.455191522836685e-11 0                      57747.67735455092      
382718.5996093836      7.275957614183426e-12  0                      57747.70860455092      
382877.7045044812      7.275957614183426e-12  -2.91038304567337e-11  57747.73985455092      
383036.2646621965      1.455191522836685e-11  0                      57747.77110455092      
383194.2745480853      -1.091393642127514e-11 0                      57747.80235455092      
383351.7287252107      -1.455191522836685e-11 0                      57747.83360455092      
383508.6218537196      -2.546585164964199e-11 0                      57747.86485455092      
383664.948690408       2.546585164964199e-11  0                      57747.89610455092      
383820.7040882739      7.275957614183426e-12  2.91038304567337e-11   57747.92735455092      
383975.8829960965      3.637978807091713e-12  0                      57747.95860455092      
384130.4804578213      3.637978807091713e-12  0                      57747.98985455092      
384284.4916122987      1.455191522836685e-11  0                      57748.02110455092      
384437.9116926473      -3.637978807091713e-12 0                      57748.05235455092      
384590.7360257896      -3.637978807091713e-12 2.91038304567337e-11   57748.08360455092      
384742.9600319402      3.637978807091713e-12  -2.91038304567337e-11  57748.11485455092      
384894.5792240845      7.275957614183426e-12  0                      57748.14610455092      
385045.5892074465      7.275957614183426e-12  2.91038304567337e-11   57748.17735455092      
385195.9856789478      3.637978807091713e-12  -2.91038304567337e-11  57748.20860455092      
385345.7644266917      -3.637978807091713e-12 -2.91038304567337e-11  57748.23985455092      
385494.9213292626      -7.275957614183426e-12 -2.91038304567337e-11  57748.27110455092      
385643.4523553668      3.637978807091713e-12  2.91038304567337e-11   57748.30235455092      
385791.3535631137      -3.637978807091713e-12 -2.91038304567337e-11  57748.33360455092      
385938.6210994633      -7.275957614183426e-12 0                      57748.36485455092      
386085.2511996306      0                      0                      57748.39610455092      
386231.2401864805      3.637978807091713e-12  -2.91038304567337e-11  57748.42735455092      
386376.5844699156      3.637978807091713e-12  -2.91038304567337e-11  57748.45860455092      
386521.2805462551      1.091393642127514e-11  0                      57748.48985455092      
386665.3249976066      -1.091393642127514e-11 2.91038304567337e-11   57748.52110455092      
386808.714491234       -1.091393642127514e-11 0                      57748.55235455092      
386951.4457789403      -1.455191522836685e-11 -5.820766091346741e-11 57748.58360455092      
387093.5156962863      -7.275957614183426e-12 0                      57748.61485455092      
387234.921162131       -3.637978807091713e-12 0                      57748.64610455092      
387375.6591778331      -3.637978807091713e-12 0                      57748.67735455092      
387515.7268266121      7.275957614183426e-12  2.91038304567337e-11   57748.70860455092      
387655.1212728695      7.275957614183426e-12  0                      57748.73985455092      
387793.839761503       7.275957614183426e-12  0                      57748.77110455092      
387931.8796172146      -1.818989403545856e-11 0                      57748.80235455092      
388069.2382438125      -1.091393642127514e-11 2.91038304567337e-11   57748.83360455092      
388205.9131235071      1.818989403545856e-12  -2.91038304567337e-11  57748.86485455092      
388341.9018162012      -9.094947017729282e-12 -2.91038304567337e-11  57748.89610455092      
388477.201958805       1.818989403545856e-12  0                      57748.92735455092      
388611.8112643904      0                      -5.820766091346741e-11 57748.95860455092      
388745.7275216519      1.818989403545856e-12  0                      57748.98985455092      
388878.9485940498      -5.456968210637569e-12 0                      57749.02110455092      
389011.4724191041      1.818989403545856e-12  0                      57749.05235455092      
389143.2970076532      0                      0                      57749.08360455092      
389274.4204431074      0                      0                      57749.11485455092      
389404.840880697       -1.818989403545856e-12 -2.91038304567337e-11  57749.14610455092      
389534.5565467178      1.818989403545856e-12  0                      57749.17735455092      
389663.5657377703      0                      0                      57749.20860455092      
389791.866819996       1.818989403545856e-12  2.91038304567337e-11   57749.23985455092      
389919.4582283386      1.818989403545856e-12  -5.820766091346741e-11 57749.27110455092      
390046.3384656543      9.094947017729282e-13  2.91038304567337e-11   57749.30235455092      
390172.506102113       1.818989403545856e-12  2.91038304567337e-11   57749.33360455092      
390297.959774301       9.094947017729282e-13  0                      57749.36485455092      
390422.6981844682      -1.818989403545856e-12 2.91038304567337e-11   57749.39610455092      
390546.7200997414      0                      0                      57749.42735455092      
390670.0243513356      2.728484105318785e-12  0                      57749.45860455092      
390792.6098337621      2.728484105318785e-12  0                      57749.48985455092      
390914.475504033       4.547473508864641e-13  2.91038304567337e-11   57749.52110455092      
391035.6203808635      4.547473508864641e-13  -2.91038304567337e-11  57749.55235455092      
391156.0435438721      4.547473508864641e-13  0                      57749.58360455092      
391275.744132777       0                      -2.91038304567337e-11  57749.61485455092      
391394.7213465914      0                      0                      57749.64610455092      
391512.9744428435      0                      2.91038304567337e-11   57749.67735455092      
391630.5027366572      5.684341886080801e-13  2.91038304567337e-11   57749.70860455092      
391747.3056001055      -5.684341886080801e-13 2.91038304567337e-11   57749.73985455092      
391863.3824612875      -1.023181539494544e-12 -2.91038304567337e-11  57749.77110455092      
391978.7328035408      2.273736754432321e-13  2.91038304567337e-11   57749.80235455092      
392093.3561646254      9.094947017729282e-13  2.91038304567337e-11   57749.83360455092      
392207.2521359052      -1.364242052659392e-12 0                      57749.86485455092      
392320.4203615297      -2.273736754432321e-12 0                      57749.89610455092      
392432.8605376132      4.547473508864641e-13  2.91038304567337e-11   57749.92735455092      
392544.572411413       -1.818989403545856e-12 2.91038304567337e-11   57749.95860455092      
392655.5557805076      -9.094947017729282e-13 0                      57749.98985455092      
392765.8104919738      -7.275957614183426e-12 2.91038304567337e-11   57750.02110455092      
392875.3364415619      -5.456968210637569e-12 0                      57750.05235455092      
392984.133572872       4.547473508864641e-12  0                      57750.08360455092      
393092.2018765542      4.547473508864641e-12  0                      57750.11485455092      
393199.5413893823      9.094947017729282e-12  -5.820766091346741e-11 57750.14610455092      
393306.1521935799      -1.818989403545856e-12 2.91038304567337e-11   57750.17735455092      
393412.0344158943      0                      0                      57750.20860455092      
393517.1882267952      7.275957614183426e-12  2.91038304567337e-11   57750.23985455092      
393621.6138396502      5.456968210637569e-12  2.91038304567337e-11   57750.27110455092      
393725.3115098991      7.275957614183426e-12  -2.91038304567337e-11  57750.30235455092      
393828.2815342298      -7.275957614183426e-12 2.91038304567337e-11   57750.33360455092      
393930.5242497528      5.456968210637569e-12  0                      57750.36485455092      
394032.0400331783      0                      2.91038304567337e-11   57750.39610455092      
394132.8292999932      7.275957614183426e-12  2.91038304567337e-11   57750.42735455092      
394232.8925036381      -1.818989403545856e-12 0                      57750.45860455092      
394332.2301346864      1.818989403545856e-12  2.91038304567337e-11   57750.48985455092      
394430.8427200236      0                      2.91038304567337e-11   57750.52110455092      
394528.7308220288      5.456968210637569e-12  0                      57750.55235455092      
394625.8950377777      -3.637978807091713e-12 0                      57750.58360455092      
394722.3359981372      7.275957614183426e-12  0                      57750.61485455092      
394818.0543670849      -7.275957614183426e-12 2.91038304567337e-11   57750.64610455092      
394913.0508408049      3.637978807091713e-12  0                      57750.67735455092      
395007.3261468983      1.091393642127514e-11  2.91038304567337e-11   57750.70860455092      
395100.881043573       0                      0                      57750.73985455092      
395193.7163188353      -1.091393642127514e-11 -2.91038304567337e-11  57750.77110455092      
395285.832789683       3.637978807091713e-12  0                      57750.80235455092      
395377.2313013012      -1.818989403545856e-11 -2.91038304567337e-11  57750.83360455092      
395467.9127262598      -1.091393642127514e-11 0                      57750.86485455092      
395557.8779637131      1.455191522836685e-11  2.91038304567337e-11   57750.89610455092      
395647.1279386025      0                      2.91038304567337e-11   57750.92735455092      
395735.6636008608      0                      2.91038304567337e-11   57750.95860455092      
395823.4859246199      1.455191522836685e-11  2.91038304567337e-11   57750.98985455092      
395910.5959074198      -7.275957614183426e-12 0                      57751.02110455092      
395996.9945694219      1.455191522836685e-11  0                      57751.05235455092      
396082.6829526242      3.637978807091713e-12  -2.91038304567337e-11  57751.08360455092      
396167.6621200792      -3.637978807091713e-12 -2.91038304567337e-11  57751.11485455092      
396251.9331551354      1.455191522836685e-11  2.91038304567337e-11   57751.14610455092      
396335.4971605833      1.455191522836685e-11  2.91038304567337e-11   57751.17735455092      
396418.3552580004      -7.275957614183426e-12 0                      57751.20860455092      
396500.5085869037      -7.275957614183426e-12 0                      57751.23985455092      
396581.9583040033      -3.637978807091713e-12 2.91038304567337e-11   57751.27110455092      
396662.7055824413      -1.455191522836685e-11 0                      57751.30235455092      
396742.7516110318      3.637978807091713e-12  -2.91038304567337e-11  57751.33360455092      
396822.0975935069      2.546585164964199e-11  0                      57751.36485455092      
396900.7447477645      -1.091393642127514e-11 -2.91038304567337e-11  57751.39610455092      
396978.694305122       0                      0                      57751.42735455092      
397055.9475095717      2.91038304567337e-11   0                      57751.45860455092      
397132.5056170417      -1.455191522836685e-11 0                      57751.48985455092      
397208.3698946608      2.546585164964199e-11  -2.91038304567337e-11  57751.52110455092      
397283.5416200265      -3.637978807091713e-12 2.91038304567337e-11   57751.55235455092      
397358.0220804785      1.818989403545856e-11  0                      57751.58360455092      
397431.8125723762      7.275957614183426e-12  -2.91038304567337e-11  57751.61485455092      
397504.9144003795      7.275957614183426e-12  2.91038304567337e-11   57751.64610455092      
397577.3288767359      1.455191522836685e-11  -2.91038304567337e-11  57751.67735455092      
397649.0573205713      7.275957614183426e-12  0                      57751.70860455092      
397720.101057185       1.455191522836685e-11  0                      57751.73985455092      
397790.4614173502      -2.182787284255028e-11 0                      57751.77110455092      
397860.1397366191      -7.275957614183426e-12 0                      57751.80235455092      
397929.137354633       7.275957614183426e-12  0                      57751.83360455092      
397997.4556144524      2.182787284255028e-11  0                      57751.86485455092      
398065.0958618148      1.455191522836685e-11  2.91038304567337e-11   57751.89610455092      
398132.0594445539      0                      0                      57751.92735455092      
398198.3477118671      1.455191522836685e-11  0                      57751.95860455092      
398263.9620136666      0                      0                      57751.98985455092      
398328.9036999212      7.275957614183426e-12  -2.91038304567337e-11  57752.02110455092      
398393.1741200017      -7.275957614183426e-12 0                      57752.05235455092      
398456.7746220336      -7.275957614183426e-12 0                      57752.08360455092      
398519.7065522546      3.637978807091713e-11  0                      57752.11485455092      
398581.9712543775      -7.275957614183426e-12 2.91038304567337e-11   57752.14610455092      
398643.5700689594      2.182787284255028e-11  -2.91038304567337e-11  57752.17735455092      
398704.5043327765      -1.455191522836685e-11 2.91038304567337e-11   57752.20860455092      
398764.7753782043      -7.275957614183426e-12 0                      57752.23985455092      
398824.3845326047      0                      0                      57752.27110455092      
398883.3331177183      -1.455191522836685e-11 2.91038304567337e-11   57752.30235455092      
398941.622449063       -7.275957614183426e-12 0                      57752.33360455092      
398999.2538353388      2.91038304567337e-11   0                      57752.36485455092      
399056.228577839       -7.275957614183426e-12 0                      57752.39610455092      
399112.5479698672      3.637978807091713e-11  2.91038304567337e-11   57752.42735455092      
399168.2132961613      -1.455191522836685e-11 0                      57752.45860455092      
399223.225832323       1.455191522836685e-11  0                      57752.48985455092      
399277.5868442548      2.91038304567337e-11   -5.820766091346741e-11 57752.52110455092      
399331.2975876019      -2.182787284255028e-11 0                      57752.55235455092      
399384.3593072035      -7.275957614183426e-12 0                      57752.58360455092      
399436.7732365478      -2.182787284255028e-11 0                      57752.61485455092      
399488.5405972354      -2.91038304567337e-11  0                      57752.64610455092      
399539.662598449       3.637978807091713e-11  2.91038304567337e-11   57752.67735455092      
399590.14043643        -2.91038304567337e-11  0                      57752.70860455092      
399639.975293962       -1.455191522836685e-11 0                      57752.73985455092      
399689.1683398611      -1.455191522836685e-11 2.91038304567337e-11   57752.77110455092      
399737.7207284732      2.91038304567337e-11   -2.91038304567337e-11  57752.80235455092      
399785.633599179       -2.91038304567337e-11  -2.91038304567337e-11  57752.83360455092      
399832.9080759048      0                      2.91038304567337e-11   57752.86485455092      
399879.5452666422      0                      0                      57752.89610455092      
399925.5462629835      0                      -1.455191522836685e-11 57752.92735455092      
399970.9121396136      3.637978807091713e-11  0                      57752.95860455092      
400015.6439539136      0                      0                      57752.98985455092      
400059.7427454669      0                      -1.455191522836685e-11 57753.02110455092      
400103.209535624       -2.182787284255028e-11 0                      57753.05235455092      
400146.045327067       -2.91038304567337e-11  1.455191522836685e-11  57753.08360455092      
400188.2511033783      -3.637978807091713e-11 0                      57753.11485455092      
400229.8278286197      -2.91038304567337e-11  -2.91038304567337e-11  57753.14610455092      
400270.7764469173      0                      2.91038304567337e-11   57753.17735455092      
400311.0978820551      -2.182787284255028e-11 -1.455191522836685e-11 57753.20860455092      
400350.7930370754      2.182787284255028e-11  0                      57753.23985455092      
400389.8627938881      -2.182787284255028e-11 1.455191522836685e-11  57753.27110455092      
400428.3080128864      7.275957614183426e-12  1.455191522836685e-11  57753.30235455092      
400466.1295325721      4.365574568510056e-11  -1.455191522836685e-11 57753.33360455092      
400503.328169186       0                      -2.91038304567337e-11  57753.36485455092      
400539.9047163501      -7.275957614183426e-12 0                      57753.39610455092      
400575.8599447137      -1.455191522836685e-11 0                      57753.42735455092      
400611.1946016105      0                      1.455191522836685e-11  57753.45860455092      
400645.9094107225      0                      2.91038304567337e-11   57753.48985455092      
400680.0050717514      -7.275957614183426e-12 -1.455191522836685e-11 57753.52110455092      
400713.4822600993      -1.455191522836685e-11 2.91038304567337e-11   57753.55235455092      
400746.3416265571      -2.182787284255028e-11 1.455191522836685e-11  57753.58360455092      
400778.5837970004      -1.455191522836685e-11 0                      57753.61485455092      
400810.2093720948      -3.637978807091713e-11 1.455191522836685e-11  57753.64610455092      
400841.2189270084      1.455191522836685e-11  -1.455191522836685e-11 57753.67735455092      
400871.6130111326      2.182787284255028e-11  0                      57753.70860455092      
400901.3921478122      5.820766091346741e-11  0                      57753.73985455092      
400930.5568340828      7.275957614183426e-12  1.455191522836685e-11  57753.77110455092      
400959.1075404166      2.182787284255028e-11  0                      57753.80235455092      
400987.0447104775      -1.455191522836685e-11 2.91038304567337e-11   57753.83360455092      
401014.3687608832      -4.365574568510056e-11 0                      57753.86485455092      
401041.0800809768      -1.455191522836685e-11 1.455191522836685e-11  57753.89610455092      
401067.1790326063      -7.275957614183426e-12 0                      57753.92735455092      
401092.6659499136      -1.455191522836685e-11 -1.455191522836685e-11 57753.95860455092      
401117.5411391294      -7.275957614183426e-12 -1.455191522836685e-11 57753.98985455092      
401141.8048783802      -3.637978807091713e-11 -1.455191522836685e-11 57754.02110455092      
401165.4574175008      7.275957614183426e-12  -1.455191522836685e-11 57754.05235455092      
401188.4989778565      -2.182787284255028e-11 -1.455191522836685e-11 57754.08360455092      
401210.929752175       2.182787284255028e-11  -1.455191522836685e-11 57754.11485455092      
401232.749904384       0                      -2.91038304567337e-11  57754.14610455092      
401253.9595694607      4.365574568510056e-11  1.455191522836685e-11  57754.17735455092      
401274.5588532874      2.182787284255028e-11  1.455191522836685e-11  57754.20860455092      
401294.5478325173      7.275957614183426e-12  1.455191522836685e-11  57754.23985455092      
401313.9265544473      -7.275957614183426e-12 0                      57754.27110455092      
401332.6950369018      1.455191522836685e-11  0                      57754.30235455092      
401350.8532681224      -1.455191522836685e-11 0                      57754.33360455092      
401368.401206669       -2.91038304567337e-11  2.91038304567337e-11   57754.36485455092      
401385.3387813267      7.275957614183426e-12  0                      57754.39610455092      
401401.6658910244      0                      0                      57754.42735455092      
401417.3824047598      -1.455191522836685e-11 0                      57754.45860455092      
401432.4881615334      7.275957614183426e-12  1.455191522836685e-11  57754.48985455092      
401446.9829702931      0                      -1.455191522836685e-11 57754.52110455092      
401460.8666098843      7.275957614183426e-12  -1.455191522836685e-11 57754.55235455092      
401474.1388290121      -1.455191522836685e-11 0                      57754.58360455092      
401486.7993462092      -1.455191522836685e-11 1.455191522836685e-11  57754.61485455092      
401498.8478498152      -7.275957614183426e-12 -1.455191522836685e-11 57754.64610455092      
401510.2839979614      -2.182787284255028e-11 0                      57754.67735455092      
401521.1074185683      1.455191522836685e-11  0                      57754.70860455092      
401531.317709348       7.275957614183426e-12  1.455191522836685e-11  57754.73985455092      
401540.914437818       -7.275957614183426e-12 1.455191522836685e-11  57754.77110455092      
401549.8971413216      -7.275957614183426e-12 1.455191522836685e-11  57754.80235455092      
401558.2653270588      2.91038304567337e-11   1.455191522836685e-11  57754.83360455092      
401566.0184721252      1.455191522836685e-11  0                      57754.86485455092      
401573.1560235583      -1.455191522836685e-11 1.455191522836685e-11  57754.89610455092      
401579.677398395       0                      0                      57754.92735455092      
401585.5819837354      1.455191522836685e-11  1.455191522836685e-11  57754.95860455092      
401590.8691368162      2.91038304567337e-11   1.455191522836685e-11  57754.98985455092      
401595.5381850934      -7.275957614183426e-12 1.455191522836685e-11  57755.02110455092      
401599.5884263319      -4.365574568510056e-11 -1.455191522836685e-11 57755.05235455092      
401603.0191287056      2.182787284255028e-11  1.455191522836685e-11  57755.08360455092      
401605.8295309039      -7.275957614183426e-12 1.455191522836685e-11  57755.11485455092      
401608.0188422509      7.275957614183426e-12  1.455191522836685e-11  57755.14610455092      
401609.5862428261      -1.455191522836685e-11 -1.455191522836685e-11 57755.17735455092      
401610.5308836007      7.275957614183426e-12  0                      57755.20860455092      
401610.851886579       -1.455191522836685e-11 2.91038304567337e-11   57755.23985455092      
401610.5483449482      2.91038304567337e-11   -1.455191522836685e-11 57755.27110455092      
401609.6193232376      -7.275957614183426e-12 0                      57755.30235455092      
401608.0638574865      0                      -7.275957614183426e-12 57755.33360455092      
401605.8809554186      -2.182787284255028e-11 7.275957614183426e-12  57755.36485455092      
401603.0695966276      1.455191522836685e-11  0                      57755.39610455092      
401599.6287327685      7.275957614183426e-12  7.275957614183426e-12  57755.42735455092      
401595.5572877592      -3.637978807091713e-12 7.275957614183426e-12  57755.45860455092      
401590.8541579893      -1.091393642127514e-11 -7.275957614183426e-12 57755.48985455092      
401585.5182125382      -3.637978807091713e-12 7.275957614183426e-12  57755.52110455092      
401579.5482934         1.455191522836685e-11  7.275957614183426e-12  57755.55235455092      
401572.943215718       3.637978807091713e-12  -7.275957614183426e-12 57755.58360455092      
401565.7017680267      -2.546585164964199e-11 -7.275957614183426e-12 57755.61485455092      
401557.8227125023      -3.637978807091713e-12 7.275957614183426e-12  57755.64610455092      
401549.3047852215      -2.182787284255028e-11 7.275957614183426e-12  57755.67735455092      
401540.1466964271      0                      -7.275957614183426e-12 57755.70860455092      
401530.3471308042      1.091393642127514e-11  7.275957614183426e-12  57755.73985455092      
401519.9047477617      1.091393642127514e-11  0                      57755.77110455092      
401508.8181817238      -3.637978807091713e-12 7.275957614183426e-12  57755.80235455092      
401497.0860424282      0                      7.275957614183426e-12  57755.83360455092      
401484.7069152335      1.455191522836685e-11  0                      57755.86485455092      
401471.6793614331      7.275957614183426e-12  -7.275957614183426e-12 57755.89610455092      
401458.0019185778      -7.275957614183426e-12 0                      57755.92735455092      
401443.6731008062      -1.455191522836685e-11 -7.275957614183426e-12 57755.95860455092      
401428.6913991831      3.637978807091713e-12  0                      57755.98985455092      
401413.055282044       3.637978807091713e-12  -1.455191522836685e-11 57756.02110455092      
401396.7631953504      -3.637978807091713e-12 -7.275957614183426e-12 57756.05235455092      
401379.8135630491      0                      7.275957614183426e-12  57756.08360455092      
401362.2047874424      -3.637978807091713e-12 7.275957614183426e-12  57756.11485455092      
401343.9352495679      -3.637978807091713e-12 0                      57756.14610455092      
401325.0033095653      -3.637978807091713e-12 0                      57756.17735455092      
401305.4073070936      -1.455191522836685e-11 7.275957614183426e-12  57756.20860455092      
401285.1455617125      2.182787284255028e-11  7.275957614183426e-12  57756.23985455092      
401264.2163732928      -3.637978807091713e-12 -7.275957614183426e-12 57756.27110455092      
401242.6180224301      7.275957614183426e-12  -3.637978807091713e-12 57756.30235455092      
401220.3487708653      1.091393642127514e-11  0                      57756.33360455092      
401197.4068619126      9.094947017729282e-12  0                      57756.36485455092      
401173.7905208949      -1.818989403545856e-12 -3.637978807091713e-12 57756.39610455092      
401149.4979555857      -1.818989403545856e-12 3.637978807091713e-12  57756.42735455092      
401124.5273566584      -7.275957614183426e-12 -3.637978807091713e-12 57756.45860455092      
401098.8768981435      7.275957614183426e-12  3.637978807091713e-12  57756.48985455092      
401076.1228734424      -5.456968210637569e-12 -3.637978807091713e-12 57756.51690528836      
