330066.5940388665      -198291.4724790287     -111000.8893124357     57727                  
330099.7246482826      -198249.8755579682     -110978.6993820977     57727.00069444445      
330352.4959921569      -197932.0753401803     -110809.164254766      57727.00599767607      
330783.0783363946      -197388.9412439106     -110519.4043607114     57727.01505166384      
330816.0539486185      -197347.2531646619     -110497.1630431797     57727.01574610829      
330838.5823780118      -197318.7648943891     -110481.963980976      57727.01622062872      
330871.5459389157      -197277.0697536146     -110459.7186822368     57727.01691507317      
331124.0978914457      -196957.1799288828     -110289.0460201004     57727.02224060873      
332597.5594953949      -195075.1332049785     -109284.7564202687     57727.05349060873      
334056.447905899       -193184.6927542502     -108275.7316197561     57727.08474060873      
335500.700730452       -191285.9431910486     -107262.0168980488     57727.11599060873      
336930.2561632647      -189378.9694131858     -106243.6576969354     57727.14724060873      
338345.0529852082      -187463.8566004351     -105220.6996196842     57727.17849060873      
339745.0305638029      -185540.690213076      -104193.1884302458     57727.20974060873      
341130.1288561405      -183609.5559864275     -103161.1700503126     57727.24099060873      
342500.2884088118      -181670.539929396      -102124.690558522      57727.27224060873      
343855.45035788        -179723.728323068      -101083.796189684      57727.30349060873      
345195.5564316955      -177769.2077152404     -100038.5333318381     57727.33474060873      
346520.5489508096      -175807.064919018      -98988.94852548232     57727.36599060873      
347830.3708279364      -173837.3870114527     -97935.08846282671     57727.39724060873      
349124.9655709617      -171860.2613276136     -96876.99998460125     57727.42849060873      
350404.2772813478      -169875.7754615381     -95814.7300805456      57727.45974060873      
351668.2506570833      -167884.017260308      -94748.32588621965     57727.49099060873      
352916.8309925814      -165885.0748227274     -93677.8346822765      57727.52224060873      
354149.9641786288      -163879.0364980426     -92603.30389375854     57727.55349060873      
355367.5967049242      -161865.9908804768     -91524.78108715198     57727.58474060873      
356569.6756599706      -159846.0268079568     -90442.31396968619     57727.61599060873      
357756.1487310214      -157819.2333608814     -89355.95038865556     57727.64724060873      
358926.9642065188      -155785.69985666       -88265.73832847502     57727.67849060873      
360082.0709759844      -153745.5158484888     -87171.72591000577     57727.70974060873      
361221.4185299657      -151698.771124167      -86073.96138990295     57727.74099060873      
362344.9569626359      -149645.5557001625     -84972.49315741619     57727.77224060873      
363452.6369703878      -147585.9598228314     -83867.36973502596     57727.80349060873      
364544.4098543809      -145520.0739624932     -82758.63977524826     57727.83474060873      
365620.2275204373      -143447.9888122884     -81646.3520600042      57727.86599060873      
366680.0424789952      -141369.7952870739     -80530.55550001051     57727.89724060873      
367723.8078472911      -139285.5845179806     -79411.29913184188     57727.92849060873      
368751.4773492637      -137195.4478513201     -78288.63211732637     57727.95974060873      
369763.0053155147      -135099.4768475261     -77162.60374296163     57727.99099060873      
370758.3466854019      -132997.7632757228     -76033.26341698096     57728.02224060873      
371737.457006951       -130890.3991126781     -74900.66066877464     57728.05349060873      
372700.2924368317      -128777.4765417925     -73764.84514833127     57728.08474060873      
373646.8097423593      -126659.0879476777     -72625.86662330847     57728.11599060873      
374576.9663014219      -124535.3259151574     -71483.77497847962     57728.14724060873      
375490.7201024718      -122406.2832283012     -70338.62021520011     57728.17849060873      
376388.0297464405      -120272.0528650158     -69190.45244848309     57728.20974060873      
377268.8544466842      -118132.7279960911     -68039.32190647138     57728.24099060873      
378133.1540289928      -115988.4019842804     -66885.27892992808     57728.27224060873      
378980.8889336176      -113839.1683784017     -65728.37396904829     57728.30349060873      
379812.0202142602      -111685.1209149351     -64568.65758430407     57728.33474060873      
380626.5095400581      -109526.3535121365     -63406.18044326214     57728.36599060873      
381424.3191955652      -107362.9602691594     -62240.99332009648     57728.39724060873      
382205.4120808006      -105195.0354652072     -61073.14709511864     57728.42849060873      
382969.7517129473      -103022.6735541588     -59902.69275186926     57728.45974060873      
383717.30222636        -100845.969163733      -58729.68137665444     57728.49099060873      
384448.0283726407      -98665.01709468378     -57554.16415809887     57728.52224060873      
385161.8955222615      -96479.91231543929     -56376.19238424404     57728.55349060873      
385858.8696646015      -94290.74996130883     -55195.81744210749     57728.58474060873      
386538.9174080539      -92097.62533371832     -54013.09081725817     57728.61599060873      
387202.0059815751      -89900.63389486411     -52828.0640909215      57728.64724060873      
387848.1032347548      -87699.87126696068     -51640.78893956087     57728.67849060873      
388477.177637957       -85495.43323151497     -50451.31713447439     57728.70974060873      
389089.1982837983      -83287.41572399509     -49259.70053890692     57728.74099060873      
389684.1348872535      -81075.91483311693     -48065.99110765286     57728.77224060873      
390261.9577858354      -78861.02680015592     -46870.24088667364     57728.80349060873      
390822.6379410034      -76642.84801363053     -45672.50201021656     57728.83474060873      
391366.1469383098      -74421.47500862621     -44472.82670043824     57728.86599060873      
391892.4569876195      -72197.00446614268     -43271.26726704156     57728.89724060873      
392401.5409245699      -69969.53320727323     -42067.8761041212      57728.92849060873      
392893.3722101768      -67739.15819515882     -40862.70569120858     57728.95974060873      
393367.9249322643      -65505.97652917926     -39655.80859012331     57728.99099060873      
393825.1738056831      -63270.08544433496     -38447.23744462855     57729.02224060873      
394265.0941726062      -61031.58231064892     -37237.04498009816     57729.05349060873      
394687.6620037683      -58790.56462788919     -36025.28400065428     57729.08474060873      
395092.8538987319      -56547.13002498233     -34812.00738884012     57729.11599060873      
395480.647086233       -54301.37625944541     -33597.26810530393     57729.14724060873      
395851.0194253605      -52053.40121212244     -32381.11918594308     57729.17849060873      
396203.9494058749      -49803.30288662719     -31163.61374159334     57729.20974060873      
396539.4161486046      -47551.17940880289     -29944.80495772822     57729.24099060873      
396857.3994065701      -45297.12902147196     -28724.7460916094      57729.27224060873      
397157.8795653564      -43041.25008390578     -27503.49047199112     57729.30349060873      
397440.8376435646      -40783.64107130952     -26281.09149883354     57729.33474060873      
397706.2552938823      -38524.4005695845      -25057.60264045921     57729.36599060873      
397954.1148035129      -36263.62727482222     -23833.07743327116     57729.39724060873      
398184.3990946852      -34001.41999281177     -22607.56948147887     57729.42849060873      
398397.0917256729      -31737.87763381372     -21381.13245426032     57729.45974060873      
398592.1768912831      -29473.09921207598     -20153.82008549228     57729.49099060873      
398769.6394234276      -27207.18384536054     -18925.68617348744     57729.52224060873      
398912.9466016183      -25186.69556280844     -17830.40160103877     57729.55009373684      
398989.1481957778      -24022.23133164407     -17199.08431914034     57729.56614149584      
399044.6918187524      -23124.74754473344     -16712.4742983666      57729.5785076972       
399078.3364029122      -22558.02852635863     -16405.18631427817     57729.58631541501      
399104.3952968709      -22105.72128449383     -16159.92583165586     57729.59254636012      
399124.2327445231      -21752.91510177054     -15968.6134597924      57729.59740627723      
399139.6094893735      -21474.0506928971      -15817.39318506056     57729.60124745538      
399151.8623227619      -21248.28457003886     -15694.96434156216     57729.60435711873      
399162.0466071856      -21058.12524690539     -15591.84284200326     57729.60697625798      
399168.7139931172      -20932.35640657516     -15523.63886729715     57729.60870848087      
399174.102341791       -20829.95614616245     -15468.10712205134     57729.61011882285      
399178.3676819751      -20748.40710008075     -15423.88270918723     57729.61124196926      
399181.4618276888      -20688.97452200805     -15391.65198937374     57729.61206050485      
399184.6239724924      -20627.9931633745      -15358.58120859956     57729.61290036365      
399187.4729202835      -20572.83924377231     -15328.67057705263     57729.61365995828      
399190.2360298459      -20519.15249385285     -15299.55549304449     57729.61439934083      
399192.8311376766      -20468.55361426966     -15272.11489990925     57729.61509619147      
399196.0160180883      -20406.21935163977     -15238.30987825953     57729.61595465548      
399199.2314412152      -20343.02019673747     -15204.0356518595      57729.6168250229       
399203.1503358134      -20265.62641119998     -15162.06316345821     57729.61789086551      
399208.1583796843      -20166.12520225907     -15108.10094434086     57729.61926114726      
399214.5858045848      -20037.41953102707     -15038.29976513981     57729.62103358989      
399222.8958292314      -19869.29696787054     -14947.12055999976     57729.6233488056       
399233.7958211002      -19645.72876400726     -14825.86935321355     57729.62642747942      
399247.5941824057      -19357.50888764369     -14669.55167279341     57729.63039630809      
399265.1271629067      -18982.33967925596     -14466.07158625336     57729.63556221107      
399287.3874654345      -18490.3150055343      -14199.2042630328      57729.64233677349      
399315.4742391777      -17841.36541324315     -13847.20835064559     57729.65127134878      
399350.4641791641      -16981.36757906233     -13380.71227723009     57729.66311050161      
399393.0779153601      -15837.08902731553     -12759.96585385199     57729.67886141019      
399442.9703159777      -14308.86889773718     -11930.85843351325     57729.69989433733      
399497.247232745       -12260.8155113114      -10819.58003048203     57729.72807720306      
399540.5833396945      -9989.512967875537     -9586.971916819921     57729.75932720306      
399566.1929015092      -7717.928469667575     -8354.006663367876     57729.79057720306      
399574.0668959964      -5446.162008191117     -7120.738621557053     57729.82182720306      
399564.1969460949      -3174.313653786603     -5887.222193812402     57729.85307720306      
399536.5753206438      -902.4835552040674     -4653.511833316186     57729.88432720306      
399491.1949352367      1369.228060822058      -3419.662043773596     57729.91557720306      
399428.0493530118      3640.720894757387      -2185.727376593687     57729.94682720306      
399347.1327854932      5911.894574690103      -951.7624306561568     57729.97807720306      
399248.4400935192      8182.648656753604      282.1781479210602      57730.00932720306      
399131.9667879946      10452.88263030783      1516.039668599756      57730.04057720306      
398997.7090308073      12722.49591836066      2749.767396653434      57730.07182720306      
398845.663635832       14991.38787799187      3983.306553399729      57730.10307720306      
398675.8280696475      17259.45780553311      5216.602319018266      57730.13432720306      
398488.20045253        19526.60493699217      6449.599832783498      57730.16557720306      
398282.7795595346      21792.72844848195      7682.244193299191      57730.19682720306      
398059.5648211789      24057.72746140132      8914.480461317329      57730.22807720306      
397818.5563245149      26321.50104286606      10146.25365997388      57730.25932720306      
397559.7548142904      28583.94820614707      11377.50877502757      57730.29057720306      
397283.1616936005      30844.96791585413      12608.19075768097      57730.32182720306      
396988.7790250402      33104.45908837773      13838.2445248214       57730.35307720306      
396676.6095319462      35362.32059234067      15067.61495926633      57730.38432720306      
396346.656599019       37618.45125378703      16296.24691258773      57730.41557720306      
395998.9242735567      39872.7498566392       17524.08520536059      57730.44682720306      
395633.4172667805      42125.11514316709      18751.07462741711      57730.47807720306      
395250.1409544262      44375.44581918489      19977.15994067581      57730.50932720306      
394849.1013780631      46623.64055452767      21202.2858793999       57730.54057720306      
394430.3052465022      48869.59798354265      22426.39715046272      57730.57182720306      
393993.7599363607      51113.21671029631      23649.43843618299      57730.60307720306      
393539.4734934652      53354.39530907507      24871.35439459552      57730.63432720306      
393067.4546343446      55593.03232490338      26092.08965973036      57730.66557720306      
392577.7127467688      57829.02627876373      27311.58884445564      57730.69682720306      
392070.257891237       60062.27566812626      28529.79654076317      57730.72807720306      
391545.1008025564      62292.67896749816      29746.65732006387      57730.75932720306      
391002.2528903555      64520.13463365973      30962.11573603976      57730.79057720306      
390441.7262406587      66744.54110622744      32176.11632494694      57730.82182720306      
389863.5336175513      68965.79680823977      33388.6036059301       57730.85307720306      
389267.6884636689      71183.80015141208      34599.52208388513      57730.88432720306      
388654.2049018578      73398.44953673826      35808.81624978231      57730.91557720306      
388023.0977369279      75609.64335511785      37016.43058100242      57730.94682720306      
387374.3824561171      77817.27999263287      38222.30954421179      57730.97807720306      
386708.07523084        80021.25783119317      39426.39759570841      57731.00932720306      
386024.1929185272      82221.47524920988      40628.63918178241      57731.04057720306      
385322.753063066       84417.83062689757      41828.97874160533      57731.07182720306      
384603.7738966375      86610.22234696834      43027.3607076019       57731.10307720306      
383867.2743416416      88798.54879535688      44223.72950583781      57731.13432720306      
383113.2740111157      90982.70836655132      45418.02955892498      57731.16557720306      
382341.7932106576      93162.59946434137      46610.20528642193      57731.19682720306      
381552.8529404386      95338.12050260048      47800.20110525176      57731.22807720306      
380746.4748955983      97509.16991064853      48987.96143262517      57731.25932720306      
379922.6814684483      99675.6461335559       50173.43068619681      57731.29057720306      
379081.495749602       101837.4476355073      51356.55328589502      57731.32182720306      
378222.9415302851      103994.4729001615      52537.2736541073       57731.35307720306      
377347.0433026982      106146.6204360623      53715.53621863025      57731.38432720306      
376453.8262621415      108293.7887775346      54891.28541314845      57731.41557720306      
375543.3163092281      110435.8764856206      56064.46567773435      57731.44682720306      
374615.540050223       112572.7821535319      57235.02146182077      57731.47807720306      
373670.5247992526      114704.4044076175      58402.89722471841      57731.50932720306      
372708.2985806013      116830.6419083763      59568.0374361561       57731.54057720306      
371728.8901290265      118951.393355953       60730.38657927793      57731.57182720306      
370732.3288920507      121066.5574911851      61889.8891512025       57731.60307720306      
369718.6450323414      123176.0330966961      63046.48966360674      57731.63432720306      
368687.8694279991      125279.7190024405      64200.13264574968      57731.66557720306      
367640.0336749323      127377.5140868342      65350.76264507684      57731.69682720306      
366575.1700893172      129469.3172779361      66498.32422785067      57731.72807720306      
365493.311707859       131555.0275590442      67642.76198220326      57731.75932720306      
364394.4922902463      133634.5439699169      68784.020518789        57731.79057720306      
363278.7463216893      135707.7656080476      69922.04447146499      57731.82182720306      
362146.1090131528      137774.5916343173      71056.77850037493      57731.85307720306      
360996.6163038872      139834.9212743123      72188.16729265323      57731.88432720306      
359830.3048640432      141888.6538196976      73316.15556315884      57731.91557720306      
358647.2120948744      143935.6886339301      74440.68805759243      57731.94682720306      
357447.3761313421      145975.9251536793      75561.70955325544      57731.97807720306      
356230.8358448042      148009.2628903048      76679.16485984059      57732.00932720306      
354997.6308431842      150035.6014356357      77792.99882258462      57732.04057720306      
353747.8014739406      152054.8404630288      78903.15632282768      57732.07182720306      
352481.3888253617      154066.8797313054      80009.58228015398      57732.10307720306      
351198.4347296274      156071.6190859062      81112.22165300214      57732.13432720306      
349898.9817629302      158068.9584647621      82211.01944186943      57732.16557720306      
348583.0732482427      160058.7978999766      83305.92069021205      57732.19682720306      
347250.7532581636      162041.0375195746      84396.87048538077      57732.22807720306      
345902.066614999       164015.5775534479      85483.81396186628      57732.25932720306      
344537.0588935929      165982.3183351609      86566.69630226564      57732.29057720306      
343155.7764242348      167941.1603038245      87645.4627382859       57732.32182720306      
341758.2662926976      169892.0040101211      88720.05855403304      57732.35307720306      
340344.5763431265      171834.7501182396      89790.42908704799      57732.38432720306      
338914.7551810039      173769.2994078807      90856.51972938166      57732.41557720306      
337468.8521731399      175695.5527803664      91918.27593092971      57732.44682720306      
336006.9174506157      177613.4112607089      92975.6432005419       57732.47807720306      
334529.0019117992      179522.7759997556      94028.56710717168      57732.50932720306      
334168.2075285192      179984.5038025352      94283.22429045608      57732.51690528836      
334135.0980413554      180026.7905280557      94306.54743894697      57732.5175997328       
333881.6342798194      180350.0363306845      94484.83687790218      57732.5229104783       
332380.8820529561      182247.0430262614      95531.2911135141       57732.5541604783       
330864.276144731       184135.3158717298      96573.16973221004      57732.5854104783       
329331.8700994715      186014.7564831191      97610.41852730926      57732.6166604783       
327783.7182365762      187885.2666195461      98642.98336159789      57732.6479104783       
326219.8756536101      189746.7481856261      99670.81016862245      57732.6791604783       
324640.3982261411      191599.1032378394      100693.844956167       57732.7104104783       
323045.3426108051      193442.2339870135      101712.0338075859      57732.7416604783       
321434.7662484375      195276.0428008901      102725.3228831818      57732.7729104783       
319808.7273638438      197100.432210591       103733.6584237378      57732.8041604783       
318167.2849688969      198915.3049132592      104736.9867519362      57732.8354104783       
316510.4988656961      200720.5637747873      105735.2542738243      57732.8666604783       
314838.4296462684      202516.1118363875      106728.4074824038      57732.8979104783       
313151.1386960835      204301.8523169828      107716.3929589093      57732.9291604783       
311448.6881952621      206077.6886181759      108699.1573755126      57732.9604104783       
309731.1411221456      207843.524326781       109676.6474966768      57732.9916604783       
307998.5612528935      209599.2632215385      110648.8101828264      57733.0229104783       
306251.0131646247      211344.8092761492      111615.5923919788      57733.0541604783       
304488.5622386155      213080.0666624028      112576.9411814279      57733.0854104783       
302711.2746598096      214804.939757006       113532.8037114758      57733.1166604783       
300919.2174199672      216519.3331447942      114483.1272471618      57733.1479104783       
299112.4583208642      218223.1516220417      115427.8591600441      57733.1791604783       
297291.0659737103      219916.3002034056      116366.946931996       57733.2104104783       
295455.1098022943      221598.6841253222      117300.3381570351      57733.2416604783       
293604.6600461782      223270.2088495023      118227.9805432063      57733.2729104783       
291739.7877600131      224930.7800699971      119149.8219164445      57733.3041604783       
289860.564817113       226580.3037163994      120065.8102222946      57733.3354104783       
287967.0639104362      228218.6859594446      120975.893528961       57733.3666604783       
286059.3585561849      229845.8332143731      121880.0200291139      57733.3979104783       
284137.5230929742      231461.6521481608      122778.1380438444      57733.4291604783       
282201.6326849349      233066.0496833636      123670.1960247378      57733.4604104783       
280251.7633248547      234658.9330020677      124556.1425560045      57733.4916604783       
278287.9918332259      236240.2095532492      125435.9263585058      57733.5229104783       
276310.3958613127      237809.787056818       126309.4962919372      57733.5541604783       
274319.0538942524      239367.5735077714      127176.8013570693      57733.5854104783       
272314.0452499724      240913.4771836843      128037.7906998469      57733.6166604783       
270295.4500826825      242447.406648602       128892.4136134851      57733.6479104783       
268263.349383567       243969.27075918        129740.6195418155      57733.6791604783       
266217.8249842767      245478.9786687496      130582.3580814759      57733.7104104783       
264158.9595556568      246976.4398349861      131417.5789861087      57733.7416604783       
262086.8366106862      248461.5640244379      132246.2321688077      57733.7729104783       
260001.5405074415      249934.2613171684      133068.2677046277      57733.8041604783       
257903.1564476688      251394.4421145611      133883.6358348573      57733.8354104783       
255791.7704796495      252842.0171440615      134692.286969584       57733.8666604783       
253667.4695010832      254276.8974640353      135494.1716903211      57733.8979104783       
251530.341257495       255698.9944717113      136289.240754358       57733.9291604783       
249380.4743455144      257108.2199078135      137077.4450972607      57733.9604104783       
247217.9582131561      258504.4858632715      137858.7358365328      57733.9916604783       
245042.8831630688      259887.7047840354      138633.0642742158      57734.0229104783       
242855.3403507026      261257.789479204       139400.3819013426      57734.0541604783       
240655.4217869487      262614.6531262771      140160.6404007817      57734.0854104783       
238443.2203407844      263958.2092765287      140913.7916501472      57734.1166604783       
236218.8297372458      265288.3718632743      141659.7877263301      57734.1479104783       
233982.3445604701      266605.0552070414      142398.5809082942      57734.1791604783       
231733.860253604       267908.1740226918      143130.1236809643      57734.2104104783       
229473.4731217907      269197.6434247784      143854.3687381249      57734.2416604783       
227201.2803298648      270473.3789359999      144571.2689870557      57734.2729104783       
224917.3799046888      271735.2964929748      145280.7775516626      57734.3041604783       
222621.870737481       272983.3124521396      145982.8477756768      57734.3354104783       
220314.8525812853      274217.3435983413      146677.4332273681      57734.3666604783       
217996.4260531525      275437.3071508376      147364.4877028004      57734.3979104783       
215666.6926363073      276643.1207694206      148043.9652291551      57734.4291604783       
213325.7546773786      277834.7025631478      148715.820069522       57734.4604104783       
210973.7153889594      279011.9710962946      149380.0067261255      57734.4916604783       
208610.6788488511      280174.8453960661      150036.4799445409      57734.5229104783       
206236.7500025302      281323.2449587404      150685.1947170251      57734.5541604783       
203852.0346600391      282457.0897585792      151326.1062874091      57734.5854104783       
201456.6394977426      283576.3002543531      151959.1701546434      57734.6166604783       
199050.6720600547      284680.7973959903      152584.3420764116      57734.6479104783       
196634.2407560555      285770.502633621       153201.5780740975      57734.6791604783       
194207.454861605       286845.3379240758      153810.8344363132      57734.7104104783       
191770.4245180207      287905.225739          154412.0677233402      57734.7416604783       
189323.26073407        288950.0890715414      155005.2347707606      57734.7729104783       
186866.0753822007      289979.8514455641      155590.2926945217      57734.8041604783       
184398.9811997802      290994.4369226883      156167.1988947662      57734.8354104783       
181922.0917902892      291993.7701094556      156735.9110597319      57734.8666604783       
179435.5216192427      292977.7761666644      157296.387170885       57734.8979104783       
176939.3860157612      293946.3808164026      157848.5855067438      57734.9291604783       
174433.8011705941      294899.5103505455      158392.4646475344      57734.9604104783       
171918.8841375393      295837.0916379717      158927.9834791162      57734.9916604783       
169394.7528289291      296759.0521340538      159455.1011982035      57735.0229104783       
166861.5260162558      297665.3198881942      159973.7773164724      57735.0541604783       
164319.3233307335      298555.823551483       160483.9716647345      57735.0854104783       
161768.2652584373      299430.4923862973      160985.6443982216      57735.1166604783       
159208.4731412331      300289.2562738411      161478.7560006917      57735.1479104783       
156640.0691740526      301132.0457229973      161963.2672892849      57735.1791604783       
154063.1764056409      301958.7918780448      162439.139418728       57735.2104104783       
151477.9187332093      302769.4265283875      162906.3338866949      57735.2416604783       
148884.4209023464      303563.8821165549      163364.8125381721      57735.2729104783       
146282.808506849       304342.0917463198      163814.5375698909      57735.3041604783       
143673.2079829903      305103.9891925163      164255.4715357397      57735.3354104783       
141055.7466097049      305849.5089090532      164687.5773511341      57735.3666604783       
139888.6298560835      306175.9415301076      164876.9926514781      57735.38056497365      
138734.9742883693      306494.9938012343      165062.256804724       57735.39429134106      
137977.5398248915      306702.5189443487      165182.832094568       57735.40329390519      
137314.2125785906      306882.994129844       165287.737897749       57735.41117181177      
136884.6861334396      306999.2282583455      165355.3254591265      57735.41626998001      
136541.2010358392      307091.8230974064      165409.1806522192      57735.42034518921      
136250.7508828021      307169.8746727826      165454.5864498418      57735.42378999405      
136047.8852205519      307224.2561776353      165486.227457503       57735.42619538622      
135860.9736077799      307274.2635752105      165515.3271507832      57735.42841114473      
135675.091758609       307323.9029066054      165544.2161781501      57735.43061425402      
135486.732379778       307374.1097480827      165573.4390644054      57735.43284627888      
135317.0700816181      307419.2518629874      165599.7171164471      57735.43485636079      
135090.0263838148      307479.5413434349      165634.8173140814      57735.4375457004       
134877.4458598475      307535.8656782958      165667.6137920924      57735.44006313189      
134621.0860010604      307603.629428198       165707.077341783       57735.44309825016      
134260.5944988444      307698.6223333831      165762.4097009069      57735.44736481288      
133777.4001349498      307825.4064270402      165836.2809905093      57735.4530810561       
133145.7896873652      307990.1977759498      165932.333575085       57735.46054868221      
132333.4437504162      308200.5887667526      166055.025558468       57735.47014589464      
131276.1231269796      308471.8104159081      166213.2942394527      57735.48262512294      
129884.8299440829      308824.2065235286      166419.1094488719      57735.49902539111      
128039.0261843156      309283.8677101253      166687.8872878473      57735.52074748192      
125573.9293586707      309883.8438006711      167039.2785773158      57735.54969507929      
122906.0604844852      310515.3497143611      167409.8795288165      57735.58094507929      
120231.3598114471      311129.9875468636      167771.3740927273      57735.61219507929      
117549.9619588371      311727.6981581162      168123.7286012958      57735.64344507929      
114862.0023610402      312308.4231756364      168466.9097968529      57735.67469507929      
112167.6172601376      312872.1050045742      168800.88483737        57735.70594507929      
109466.9437039661      313418.6868365296      169125.6213012879      57735.73719507929      
106760.1195440603      313948.112658473       169441.0871924037      57735.76844507929      
104047.2834277799      314460.3272628248      169747.2509454462      57735.79969507929      
101328.5747965754      314955.2762562864      170044.081430911       57735.83094507929      
98604.13388032549      315432.9060694515      170331.5479603588      57735.86219507929      
95874.1016953233       315893.1639657621      170609.6202913209      57735.89344507929      
93138.62003576312      316335.9980515975      170878.2686328861      57735.92469507929      
90397.83147141254      316761.3572852685      171137.4636506305      57735.95594507929      
87651.87934131706      317169.1914866865      171387.1764719532      57735.98719507929      
84900.90775117627      317559.4513464686      171627.3786910692      57736.01844507929      
82145.06156416413      317932.0884360045      171858.0423745907      57736.04969507929      
79384.4863973344       318287.0552166639      172079.1400665855      57736.08094507929      
76619.32861788156      318624.305049089       172290.6447936817      57736.11219507929      
73849.73533344526      318943.7922032228      172492.5300706341      57736.14344507929      
71075.85438867258      319245.4718675133      172684.7699053785      57736.17469507929      
68297.83435775123      319529.300158607       172867.3388043923      57736.20594507929      
65515.82454064889      319795.2341306355      173040.2117777971      57736.23719507929      
62729.97495271075      320043.2317851597      173203.3643448857      57736.26844507929      
59940.43632054948      320273.2520804467      173356.7725392227      57736.29969507929      
57147.36007387645      320485.2549411268      173500.4129139917      57736.33094507929      
54350.89834105485      320679.2012675338      173634.2625471348      57736.36219507929      
51551.20393797029      320855.0529455265      173758.2990468189      57736.39344507929      
48748.43036257087      321012.7728558346      173872.500556587       57736.42469507929      
45942.73178924042      321152.3248834649      173976.8457605447      57736.45594507929      
43134.26305711239      321273.6739274031      174071.3138887672      57736.48719507929      
40323.1796647271       321376.7859099304      174155.8847224333      57736.51844507929      
37509.63776057968      321461.6277861207      174230.5385990996      57736.54969507929      
34693.79413740832      321528.1675531347      174295.2564178247      57736.58094507929      
31875.80621976693      321576.3742597613      174350.0196444979      57736.61219507929      
29055.83205794612      321606.2180156882      174394.8103169546      57736.64344507929      
26234.03031777389      321617.670000842       174429.6110501718      57736.67469507929      
23410.5602741672       321610.7024746602      174454.4050413888      57736.70594507929      
20585.58179792339      321585.2887853493      174469.1760752877      57736.73719507929      
17759.25534889082      321541.4033790656      174473.9085290682      57736.76844507929      
14931.74196500512      321479.0218090555      174468.5873775418      57736.79969507929      
12103.20325508274      321398.1207448199      174453.1981982003      57736.83094507929      
9273.80138483832       321298.6779810765      174427.7271762443      57736.86219507929      
6443.699069292124      321180.6724468081      174392.161109592       57736.89344507929      
3613.059561034154      321044.0842141518      174346.4874138445      57736.92469507929      
782.0466422481599      320888.8945074035      174290.6941272755      57736.95594507929      
-2049.175390049042     320715.0857116353      174224.7699156785      57736.98719507929      
-4880.441733030728     320522.6413815108      174148.7040772634      57737.01844507929      
-7711.587087276762     320311.546250106       174062.4865475593      57737.04969507929      
-10542.44567211744     320081.7862372323      173966.1079041067      57737.08094507929      
-13372.85123457913     319833.3484581253      173859.5593712841      57737.11219507929      
-16202.6370624788      319566.2212317673      173742.8328249788      57737.14344507929      
-19031.63599375896     319280.3940894867      173615.9207973679      57737.17469507929      
-21859.68043260473     318975.8577828404      173478.8164813794      57737.20594507929      
-24686.60235916479     318652.6042920218      173331.5137353739      57737.23719507929      
-27512.23334341769     318310.6268337867      173174.007087605       57737.26844507929      
-30336.40455528178     317949.9198697435      173006.2917408418      57737.29969507929      
-33158.9467814957      317570.4791137404      172828.3635765659      57737.33094507929      
-35979.69043610992     317172.3015399372      172640.2191594786      57737.36219507929      
-38798.46557511439     316755.3853902767      172441.8557417213      57737.39344507929      
-41615.10190731617     316319.7301824114      172233.2712673062      57737.42469507929      
-44429.42881196785     315865.3367165367      172014.4643760211      57737.45594507929      
-47241.27535001911     315392.2070830715      171785.4344077288      57737.48719507929      
-50050.47027949021     314900.3446696172      171546.1814063167      57737.51844507929      
-52856.8420671038      314389.7541684627      171296.706123906       57737.54969507929      
-55660.21890664026     313860.4415828087      171037.0100244299      57737.58094507929      
-58460.42873093295     313312.4142339975      170767.0952876969      57737.61219507929      
-61257.29922796603     312745.6807679029      170486.9648130364      57737.64344507929      
-64050.65785324116     312160.2511619568      170196.6222232546      57737.67469507929      
-66840.33184883257     311556.136730706       169896.0718678563      57737.70594507929      
-69626.14825610386     310933.3501325339      169585.3188268383      57737.73719507929      
-72407.93393250216     310291.9053754252      169264.3689140014      57737.76844507929      
-75185.51556463486     309631.8178234552      168933.2286806204      57737.79969507929      
-77958.71968799057     308953.1042016228      168591.9054182788      57737.83094507929      
-80727.37270034922     308255.7826020077      168240.4071623606      57737.86219507929      
-83491.30087923883     307539.8724888515      167878.7426949973      57737.89344507929      
-86250.33039569008     306805.3947044549      167506.9215484216      57737.92469507929      
-89004.28733458417     306052.3714732297      167124.9540073827      57737.95594507929      
-91752.9977087209      305280.8264072359      166732.8511123074      57737.98719507929      
-94496.28747689808     304490.7845105239      166330.6246618502      57738.01844507929      
-97233.98255830591     303682.2721843838      165918.2872159002      57738.04969507929      
-99965.90885345561     302855.3172305624      165495.8520975483      57738.08094507929      
-102691.8922588646     302009.948856125       165063.3333958852      57738.11219507929      
-105411.7586857113     301146.197677006       164620.7459681268      57738.14344507929      
-108125.3340748259     300264.0957225556      164168.1054422444      57738.17469507929      
-110832.4444181466     299363.6764378709      163705.4282184534      57738.20594507929      
-113532.9157739747     298444.9746879292      163232.7314716214      57738.23719507929      
-116226.5742861523     297508.0267602957      162750.0331529391      57738.26844507929      
-118913.2461995975     296552.8703689169      162257.3519921448      57738.29969507929      
-121592.7578822315     295579.5446555161      161754.7074985093      57738.33094507929      
-124264.9358407482     294588.0901929487      161242.1199628246      57738.36219507929      
-126929.6067402566     293578.5489870191      160719.6104585937      57738.39344507929      
-129586.597420304      292550.9644794724      160187.2008438246      57738.42469507929      
-132235.7349172077     291505.381548408       159644.9137614825      57738.45594507929      
-134876.8464802812     290441.8465108118      159092.772641036       57738.48719507929      
-137509.7595918752     289360.4071234367      158530.8016991401      57738.51844507929      
-140134.3019838261     288261.1125849484      157959.0259409735      57738.54969507929      
-142750.3016601226     287144.013535316       157377.4711601375      57738.58094507929      
-145357.5869135225     286009.1620574776      156786.1639397331      57738.61219507929      
-147955.9863459208     284856.6116772448      156185.1316525163      57738.64344507929      
-150545.328885157      283686.4173645633      155574.4024617558      57738.67469507929      
-153125.443807939      282498.6355318412      154954.005320557       57738.70594507929      
-155696.1607567803     281293.3240347123      154323.9699724494      57738.73719507929      
-158257.3097600249     280070.5421712155      153684.3269511439      57738.76844507929      
-160808.7212519142     278830.3506806995      153035.1075801411      57738.79969507929      
-163350.2260897367     277572.8117439271      152376.3439729618      57738.83094507929      
-165881.6555769613     276297.9889800341      151708.0690317269      57738.86219507929      
-168402.8414804664     275005.9474461167      151030.3164471076      57738.89344507929      
-170913.6160513616     273696.7536348182      150343.1206972232      57738.92469507929      
-173413.8120423229     272370.4754734758      149646.5170473518      57738.95594507929      
-175903.2627307959     271027.1823199539      148940.5415478984      57738.98719507929      
-178381.8019363685     269666.9449612636      148225.2310338181      57739.01844507929      
-180849.2640416566     268289.8356100782      147500.6231229318      57739.04969507929      
-183305.4840097424     266895.9279028993      146766.7562151037      57739.08094507929      
-185750.2974073571     265485.2968947487      146023.6694895859      57739.11219507929      
-188183.5404223124     264058.0190567978      145271.4029039053      57739.14344507929      
-190605.0498843606     262614.1722717979      144509.9971915851      57739.17469507929      
-193014.6632826502     261153.835831249       143739.4938607813      57739.20594507929      
-195412.2187887944     259677.090428938       142959.9351909966      57739.23719507929      
-197797.5552742738     258184.0181575671      142171.3642314211      57739.26844507929      
-200170.5123306285     256674.702503441       141373.824798244       57739.29969507929      
-202530.930289596      255149.2283408646      140567.3614718058      57739.33094507929      
-204878.6502404613     253607.6819280547      139752.0195945481      57739.36219507929      
-207213.51405285       252050.1508992296      138927.8452669362      57739.39344507929      
-209535.3643939667     250476.7242599793      138094.8853451126      57739.42469507929      
-211844.0447490613     248887.4923802282      137253.1874372716      57739.45594507929      
-214139.3994385929     247282.5469891402      136402.7999010575      57739.48719507929      
-216421.2736406926     245661.9811660538      135543.7718388565      57739.51844507929      
-218689.5134081692     244025.8893348502      134676.1530949005      57739.54969507929      
-220943.9656886458     242374.3672558252      133799.9942510445      57739.58094507929      
-223184.478341446      240707.5120195948      132915.3466236183      57739.61219507929      
-225410.9001596297     239025.4220368898      132022.2622580914      57739.64344507929      
-227623.080886674      237328.1970319307      131120.7939256334      57739.67469507929      
-229820.8712356751     235615.9380336257      130210.9951185145      57739.70594507929      
-232004.1229084157     233888.7473664894      129292.9200453523      57739.73719507929      
-234172.6886117767     232146.7286433202      128366.6236272892      57739.76844507929      
-236326.4220791025     230389.9867535975      127432.1614918902      57739.79969507929      
-238465.1780863483     228618.6278556434      126489.5899690359      57739.83094507929      
-240588.8124711294     226832.7593661095      125538.96608539        57739.86219507929      
-242697.1821486515     225032.4899516987      124580.3475600508      57739.89344507929      
-244790.1451324328     223217.9295164774      123613.7927978513      57739.92469507929      
-246867.5605499244     221389.1891930967      122639.360884735       57739.95594507929      
-248929.2886604493     219546.3813316976      121657.1115818945      57739.98719507929      
-250975.1908729535     217689.6194885535      120667.1053197651      57740.01844507929      
-253005.1297612121     215819.0184166429      119669.4031930437      57740.04969507929      
-255018.9690836185     213934.6940516587      118664.0669532686      57740.08094507929      
-257016.5737980259     212036.7635021045      117651.1590035753      57740.11219507929      
-258997.8100792492     210125.3450365583      116630.7423919368      57740.14344507929      
-260962.5453335966     208200.5580733688      115602.8808056969      57740.17469507929      
-262910.6482178143     206262.5231656743      114567.6385636035      57740.20594507929      
-264841.9886532125     204311.3619906478      113525.0806100925      57740.23719507929      
-266756.4378418983     202347.197336304       112475.2725082664      57740.26844507929      
-268653.8682827728     200370.1530880738      111418.2804327427      57740.29969507929      
-270534.1537851107     198380.354217473       110354.1711636193      57740.33094507929      
-272397.1694863323     196377.9267659582      109283.0120778612      57740.36219507929      
-274242.7918651289     194362.9978331786      108204.8711430335      57740.39344507929      
-276070.898756998      192335.6955622574      107119.8169094416      57740.42469507929      
-277881.3693669768     190296.1491276995      106027.9185036726      57740.45594507929      
-279674.0842863923     188244.4887183837      104929.2456195015      57740.48719507929      
-281448.9255050969     186180.8455250983      103823.8685112246      57740.51844507929      
-283205.7764255973     184105.3517255633      102711.8579856446      57740.54969507929      
-284944.5218769672     182018.1404691421      101593.2853938834      57740.58094507929      
-286665.0481263879     179919.34586392        100468.2226244592      57740.61219507929      
-288367.2428945185     177809.1029587199      99336.7420936475       57740.64344507929      
-290050.995366557      175687.5477298042      98198.91673834826      57740.67469507929      
-291716.1962050654     173554.8170649886      97054.8200075621       57740.70594507929      
-293362.7375625006     171411.0487475823      95904.52585376913      57740.73719507929      
-294990.5130915629     169256.3814426744      94748.10872556297      57740.76844507929      
-296599.4179590981     167090.9546782782      93585.64355752111      57740.79969507929      
-298189.3488558843     164914.9088313201      92417.20576267112      57740.83094507929      
-299760.2040084238     162728.385110488       91242.87122326707      57740.86219507929      
-301311.8831882444     160531.5255419918      90062.71628312625      57740.89344507929      
-302844.2877245664     158324.4729501014      88876.8177371569       57740.92469507929      
-304357.3205130199     156107.3709426486      87685.25282354801      57740.95594507929      
-305316.5369557827     154681.5951869937      86918.84083495817      57740.97596784209      
-305980.9054515428     153684.6399381098      86382.87292834414      57740.989934974        
-306467.5175044734     152949.4334958763      85987.58877567924      57741.00021761643      
-306775.7259659851     152481.5586333926      85736.02078502085      57741.00675370328      
-307019.5035827093     152110.2660131426      85536.37517547868      57741.01193636096      
-307207.377053853      151823.3755255563      85382.10800724944      57741.01593836433      
-307353.1032781558     151600.3970754073      85262.20474208977      57741.01904730118      
-307466.6476089463     151426.3880252053      85168.6322235386       57741.02147254803      
-307555.8997373595     151289.439064782       85094.98747771273      57741.0233807043       
-307627.3809936483     151179.6507810638      85035.94776807942      57741.02491006193      
-307688.9502617904     151085.0098708577      84985.05320130834      57741.02622815914      
-307731.6636937714     151019.3114673835      84949.72262696957      57741.02714302437      
-307763.4491758109     150970.3993959434      84923.41907832485      57741.02782406191      
-307791.7658580118     150926.8092262338      84899.97739528416      57741.0284309455       
-307810.0627538374     150898.6353289667      84884.82613837528      57741.02882316951      
-307826.6911100011     150873.0252300131      84871.05359589502      57741.0291796833       
-307843.2545257953     150847.5099871939      84857.33203105135      57741.02953485938      
-307858.2338732448     150824.4304968273      84844.92033388975      57741.0298561146       
-307873.1724782939     150801.4095807695      84832.54010928179      57741.03017654049      
-307890.5857185181     150774.5698688508      84818.10617185404      57741.03055010217      
-307908.6080401249     150746.7853493718      84803.16409369843      57741.03093679389      
-307929.3673647452     150714.7736914232      84785.94867718394      57741.03138229167      
-307955.9494287677     150673.7713015521      84763.89809461226      57741.03195287161      
-307990.2204230286     150620.8892137183      84735.45862730856      57741.03268870133      
-308034.330272306      150552.7926043785      84698.83672613109      57741.03363612558      
-308093.0747190976     150462.0460994776      84650.03348884473      57741.03489848693      
-308169.9157600415     150343.2460085741      84586.14245996851      57741.0365507705       
-308271.5943914182     150185.8736702325      84501.50604060438      57741.03873895056      
-308405.0646931338     149978.9975901461      84390.24406379666      57741.04161446763      
-308581.2600432029     149705.3778225842      84243.08263754348      57741.04541598562      
-308814.843708383      149341.7195016234      84047.48963104366      57741.0504654326       
-309125.4555358454     148856.5060144173      83786.50778390405      57741.05719735553      
-309539.5032806083     148206.7884862137      83437.02519851663      57741.06620214054      
-310092.4312501456     147333.8667142204      82967.44722803486      57741.07828346792      
-310831.5715952634     146157.3868935781      82334.51245080733      57741.09453563815      
-311820.0831906147     144566.467410046       81478.50189881108      57741.1164582404       
-313141.2561886902     142407.8854585942      80316.85208482432      57741.14610455092      
-314514.3948780998     140123.759755563       79087.38906724837      57741.17735455092      
-315867.4354202971     137830.772401297       77852.89931027118      57741.20860455092      
-317200.2953621533     135529.0733413623      76613.46365813668      57741.23985455092      
-318512.8939030989     133218.8131323614      75369.16330525777      57741.27110455092      
-319805.1519025984     130900.1429232895      74120.07978613611      57741.30235455092      
-321076.9918854983     128573.2144400607      72866.29496698598      57741.33360455092      
-322328.3380500691     126238.1799645774      71607.89103441435      57741.36485455092      
-323559.1162727243     123895.1923191426      70344.95048697657      57741.39610455092      
-324769.2541139412     121544.404848131       69077.55612525069      57741.42735455092      
-325958.6808238411     119185.971399605       67805.79104187986      57741.45860455092      
-327127.3273460829     116820.0463096448      66529.73861307339      57741.48985455092      
-328275.126324209      114446.784381152       65249.48248712572      57741.52110455092      
-329402.0121049068     112066.3408681184      63965.10657587792      57741.55235455092      
-330507.920742352      109678.8714571297      62676.69504468561      57741.58360455092      
-331592.7900022115     107284.5322488444      61384.33230236945      57741.61485455092      
-332656.5593640819     104883.4797422507      60088.1029926624       57741.64610455092      
-333699.1700261387     102475.8708133426      58788.09198264086      57741.67735455092      
-334720.5649069478     100061.8626993679      57484.38435416055      57741.70860455092      
-335720.6886482377     97641.61298029621      56177.06539378859      57741.73985455092      
-336699.4876173377     95215.2795602876       54866.22058273238      57741.77110455092      
-337656.9099081763     92783.02065200232      53551.93558830056      57741.80235455092      
-338592.9053442515     90344.99475527939      52234.29625231861      57741.83360455092      
-339507.4254790121     87901.36064148742      50913.38858260573      57741.86485455092      
-340400.423597086      85452.27733508227      49589.29874293981      57741.89610455092      
-341271.8547151782     82997.9040951905       48262.11304303321      57741.92735455092      
-342121.675581663      80538.40040009105      46931.9179300727       57741.95860455092      
-342949.8446779045     78073.92592602423      45598.79997718914      57741.98985455092      
-343756.3222172488     75604.6405317623       44262.84587503967      57742.02110455092      
-344541.0701447444     73130.70424037715      42924.14242187163      57742.05235455092      
-345304.0521363689     70652.277221636        41582.77651392325      57742.08360455092      
-346045.233598136      68169.51977388003      40238.83513554164      57742.11485455092      
-346764.5816640619     65682.59230886115      38892.40535089928      57742.14610455092      
-347462.0651955703     63191.65533086685      37543.57429261615      57742.17735455092      
-348137.6547788839     60696.86942169994      36192.42915354815      57742.20860455092      
-348791.3227230096     58198.39522284766      34839.05717705172      57742.23985455092      
-349423.0430574177     55696.39341772879      33483.5456472878       57742.27110455092      
-350032.7915287202     53191.02471694121      32125.9818811488       57742.30235455092      
-350620.5455985456     50682.44983777437      30766.45321707593      57742.33360455092      
-351186.2844396712     48170.82948964107      29405.04700708085      57742.36485455092      
-351729.9889326344     45656.32435669641      28041.85060724113      57742.39610455092      
-352251.6416620533     43139.09508055484      26676.95136824604      57742.42735455092      
-352751.2269120908     40619.30224604465      25310.43662758707      57742.45860455092      
-353228.7306628732     38097.10636121039      23942.39369862704      57742.48985455092      
-353684.1405854398     35572.66784328883      22572.90986290593      57742.52110455092      
-354117.4460370596     33046.14700187185      21202.07236091911      57742.55235455092      
-354528.6380562741     30517.70402218607      19829.96838295636      57742.58360455092      
-354917.7093572285     27987.49895143972      18456.68506160321      57742.61485455092      
-355284.6543247199     25455.69167940819      17082.30946111356      57742.64610455092      
-355629.4690080489     22922.44192503571      15706.92857004477      57742.67735455092      
-355952.1511151303     20387.90922022626      14330.62929236553      57742.70860455092      
-356252.7000062787     17852.25289435831      12953.49843895434      57742.73985455092      
-356531.1166878366     15315.6320583468       11575.62271884987      57742.77110455092      
-356787.4038052676     12778.20559179921      10197.08873218023      57742.80235455092      
-357021.5656366802     10240.13212440864      8817.98295995953       57742.83360455092      
-357233.6080854878     7701.570023398749      7438.391757169908      57742.86485455092      
-357423.5386731959     5162.677378164216      6058.40134431828       57742.89610455092      
-357591.3665319567     2623.611985061331      4678.09779907241       57742.92735455092      
-357737.1023967387     84.53133530734877      3297.567049585271      57742.95860455092      
-357860.7585976883     -2454.40740287675      1916.894864687937      57742.98985455092      
-357962.3490519078     -4993.047396054505     536.1668473799593      57743.02110455092      
-358041.8892552499     -7531.232160158896     -844.5315732023188     57743.05235455092      
-358099.3962738907     -10068.80557432489     -2225.115149410207     57743.08360455092      
-358134.8887357321     -12605.61189514965     -3605.498822941592     57743.11485455092      
-358148.3868215973     -15141.49576783512     -4985.597731005051     57743.14610455092      
-358139.9122563374     -17676.30224307054     -6365.327215609112     57743.17735455092      
-358109.4882996839     -20209.87678784047     -7744.602829547734     57743.20860455092      
-358057.1397369935     -22742.06529901704     -9123.34034390231      57743.23985455092      
-357982.8928698043     -25272.71411677971     -10501.45575545173     57743.27110455092      
-357886.7755063371     -27801.67003491759     -11878.86529238625     57743.30235455092      
-357768.81695167       -30328.7803168504      -13255.48542313708     57743.33360455092      
-357629.0479979401     -32853.89270558261     -14631.23286190375     57743.36485455092      
-357467.5009143265     -35376.8554364288      -16006.02457569203     57743.39610455092      
-357284.2094369147     -37897.5172489735      -17379.77779093631     57743.42735455092      
-357079.2087583809     -40415.72739943985     -18752.41000034628     57743.45860455092      
-356852.5355177969     -42931.33566994972     -20123.83896806064     57743.48985455092      
-356604.227789831      -45444.19238346779     -21493.98273790033     57743.52110455092      
-356334.3250743042     -47954.14841270276     -22862.75963832932     57743.55235455092      
-356042.8682854019     -50461.05519176114     -24230.08828891702     57743.58360455092      
-355729.8997408227     -52964.76472703445     -25595.88760638402     57743.61485455092      
-355395.4631507411     -55465.12960848736     -26960.07681086801     57743.64610455092      
-355039.6036070676     -57962.00301785565     -28322.57543050466     57743.67735455092      
-354662.3675718271     -60455.23874248366     -29683.30330908695     57743.70860455092      
-354263.8028662201     -62944.69118315833     -31042.18061044993     57743.73985455092      
-353843.9586592127     -65430.21536467355     -32399.12782434652     57743.77110455092      
-353402.8854561177     -67911.66694563111     -33754.06577190759     57743.80235455092      
-352940.635086985      -70388.90222863626     -35106.91561131892     57743.83360455092      
-352457.2606954618     -72861.77816743003     -36457.59884182616     57743.86485455092      
-351952.816726498      -75330.15237960721     -37806.03731079144     57743.89610455092      
-351427.3589150552     -77793.88315338519     -39152.15321750188     57743.92735455092      
-350880.9442742189     -80252.82945707745     -40495.86911845643     57743.95860455092      
-350313.6310833563     -82706.85094781022     -41837.10793224        57743.98985455092      
-349725.478876076      -85155.80798062927     -43175.79294461197     57744.02110455092      
-349116.5484288268     -87599.56161457834     -44511.84781194024     57744.05235455092      
-348486.9017480724     -90037.9736243002      -45845.19656765506     57744.08360455092      
-347836.6020587837     -92470.9065057569      -47175.76362548902     57744.11485455092      
-347165.7137922121     -94898.22348462566     -48503.47378418056     57744.14610455092      
-346474.3025737568     -97319.78852394791     -49828.25223176995     57744.17735455092      
-345762.4352106295     -99735.46633216449     -51150.02455010737     57744.20860455092      
-345030.1796803222     -102145.1223681664     -52468.71671772889     57744.23985455092      
-344277.6051173841     -104548.6228517949     -53784.25511571487     57744.27110455092      
-343504.7818018256     -106945.8347685432     -55096.56653037642     57744.30235455092      
-342711.7811466795     -109336.6258769006     -56405.57815738862     57744.33360455092      
-341898.6756857054     -111720.8647149639     -57711.21760552283     57744.36485455092      
-341065.5390608837     -114098.4206074308     -59013.41290058986     57744.39610455092      
-340212.4460108728     -116469.1636696611     -60312.09248777704     57744.42735455092      
-339339.4723575136     -118832.9648171042     -61607.18523692546     57744.45860455092      
-338446.6949942621     -121189.6957690237     -62898.62044468438     57744.48985455092      
-337534.1918736449     -123539.2290548217     -64186.32783808995     57744.52110455092      
-336602.0419948875     -125881.4380196304     -65470.23757774362     57744.55235455092      
-335650.3253916228     -128216.1968297895     -66750.28026092731     57744.58360455092      
-334679.1231193079     -130543.3804786693     -68026.38692491011     57744.61485455092      
-333688.5172438012     -132862.8647896342     -69298.48904868642     57744.64610455092      
-332678.5908276881     -135174.5264242644     -70566.51855759865     57744.67735455092      
-331649.4279188748     -137478.2428850019     -71830.40782490275     57744.70860455092      
-330601.1135380755     -139773.8925203535     -73090.08967473613     57744.73985455092      
-329533.7336665403     -142061.3545293979     -74345.49738470459     57744.77110455092      
-328447.3752335493     -144340.5089666707     -75596.56468867704     57744.80235455092      
-327342.1261052015     -146611.2367442487     -76843.22577804352     57744.83360455092      
-326218.075070695      -148873.4196389908     -78085.41530580375     57744.86485455092      
-325075.3118311601     -151126.9402943233     -79323.06838766192     57744.89610455092      
-323913.9269872638     -153371.6822245361     -80556.12060449953     57744.92735455092      
-322734.0120270986     -155607.5298184037     -81784.50800447851     57744.95860455092      
-321535.6593141045     -157834.3683426643     -83008.1671050663      57744.98985455092      
-320318.9620747428     -160052.0839458746     -84227.03489526775     57745.02110455092      
-319084.0143876302     -162260.5636595468     -85441.04883636386     57745.05235455092      
-317830.911169878      -164459.6954043103     -86650.14686541259     57745.08360455092      
-316559.7481663005     -166649.3679907743     -87854.26739583665     57745.11485455092      
-315270.6219372585     -168829.4711228398     -89053.34931935895     57745.14610455092      
-313963.6298468298     -170999.8954003651     -90247.33200758179     57745.17735455092      
-312638.8700507173     -173160.5323222018     -91436.15531377113     57745.20860455092      
-311296.4414857542     -175311.2742865925     -92619.7595731887      57745.23985455092      
-309936.4438563731     -177452.0145964702     -93798.08560612157     57745.27110455092      
-308558.9776242061     -179582.6474596004     -94971.07471807461     57745.30235455092      
-307164.1439962054     -181703.0679911205     -96138.66870128151     57745.33360455092      
-305752.0449131242     -183813.1722154535     -97300.80983587215     57745.36485455092      
-304322.7830380558     -185912.8570681036     -98457.44089097486     57745.39610455092      
-302876.4617446918     -188002.02039782       -99608.50512602173     57745.42735455092      
-301413.1851073307     -190080.5609662174     -100753.9462906527     57745.45860455092      
-299933.0578875751     -192148.3784521447     -101893.7086272363     57745.48985455092      
-298436.1855244556     -194205.3734510765     -103027.7368706473     57745.52110455092      
-296922.6741229397     -196251.4474768298     -104155.9762493266     57745.55235455092      
-295392.6304428415     -198286.5029626868     -105278.3724860131     57745.58360455092      
-293846.1618877951     -200310.4432624102     -106394.8717984168     57745.61485455092      
-292283.3764939309     -202323.1726516237     -107505.4209000934     57745.64610455092      
-290704.382920443      -204324.5963267495     -108609.9669999708     57745.67735455092      
-289109.2904365844     -206314.6204085305     -109708.4578044053     57745.70860455092      
-287498.2089123655     -208293.1519407637     -110800.8415165962     57745.73985455092      
-285871.2488075097     -210260.0988912858     -111887.0668372416     57745.77110455092      
-284228.5211608422     -212215.370152392      -112967.0829648832     57745.80235455092      
-282570.1375797509     -214158.875541163      -114040.8395961992     57745.83360455092      
-280896.2102293281     -216090.5258001492     -115108.2869264947     57745.86485455092      
-279206.8518235401     -218010.2325957197     -116169.3756489017     57745.89610455092      
-277502.175612569      -219917.9085208192     -117224.0569560157     57745.92735455092      
-275782.2953741243     -221813.4670931387     -118272.2825389963     57745.95860455092      
-274047.3254028842     -223696.8227554541     -119314.0045878671     57745.98985455092      
-272297.3805004025     -225567.8908754323     -120349.1757915206     57746.02110455092      
-270532.5759650903     -227426.5877453552     -121377.7493376775     57746.05235455092      
-268753.0275822747     -229272.8305817663     -122399.6789128035     57746.08360455092      
-266958.8516139149     -231106.537525464      -123414.9187022174     57746.11485455092      
-265150.1647904894     -232927.6276392895     -124423.4233889789     57746.14610455092      
-263327.0842987797     -234736.0209101076     -125425.1481550966     57746.17735455092      
-261489.7277739061     -236531.6382464424     -126420.0486803312     57746.20860455092      
-259638.2132893584     -238314.4014781815     -127408.081142143      57746.23985455092      
-257772.6593475197     -240084.233355783      -128389.2022153646     57746.27110455092      
-255893.1848702704     -241841.0575494148     -129363.3690718353     57746.30235455092      
-253999.9091892268     -243584.7986484331     -130330.5393802239     57746.33360455092      
-252092.9520382688     -245315.3821587704     -131290.6713046917     57746.36485455092      
-250172.4335417339     -247032.734504319      -132243.7235057713     57746.39610455092      
-248238.474207096      -248736.7830241893     -133189.6551389575     57746.42735455092      
-246291.1949155227     -250427.4559719437     -134128.4258543935     57746.45860455092      
-244330.7169129525     -252104.6825143649     -135059.9957962983     57746.48985455092      
-242357.161801249      -253768.3927301675     -135984.3256023634     57746.52110455092      
-240370.6515294353     -255418.5176086546     -136901.3764031174     57746.55235455092      
-238371.3083845394     -257054.9890487008     -137811.109821473      57746.58360455092      
-236359.2549848509     -258677.7398557815     -138713.4879711872     57746.61485455092      
-234334.6142685973     -260286.7037427601     -139608.4734574099     57746.64610455092      
-232297.5094873514     -261881.8153268115     -140496.0293750849     57746.67735455092      
-230248.0641971938     -263463.0101282077     -141376.1193083865     57746.70860455092      
-228186.4022504169     -265030.2245686745     -142248.7073299153     57746.73985455092      
-226112.647787307      -266583.395969703      -143113.757999871      57746.77110455092      
-224026.9252280036     -268122.4625508177     -143971.2363651985     57746.80235455092      
-221929.3592639466     -269647.3634281542     -144821.1079589083     57746.83360455092      
-219820.0748518456     -271158.0386112269     -145663.3387983867     57746.86485455092      
-217699.1972028401     -272654.4290032033     -146497.8953856596     57746.89610455092      
-215566.8517766163     -274136.4763975856     -147324.7447056555     57746.92735455092      
-213423.1642731626     -275604.1234766353     -148143.8542254376     57746.95860455092      
-211268.2606250868     -277057.3138094051     -148955.1918932178     57746.98985455092      
-209102.2669900096     -278495.9918497358     -149758.7261373507     57747.02110455092      
-206925.3097430315     -279920.1029342187     -150554.4258653079     57747.05235455092      
-204737.5154692749     -281329.5932801259     -151342.2604626339     57747.08360455092      
-202539.0109559867     -282724.4099836324     -152122.1997920653     57747.11485455092      
-200329.923187277      -284104.5010163881     -152894.2141917263     57747.14610455092      
-198110.3793338104     -285469.8152253059     -153658.2744751231     57747.17735455092      
-195880.5067476846     -286820.3023290693     -154414.3519293025     57747.20860455092      
-193640.4329548268     -288155.9129162431     -155162.4183139078     57747.23985455092      
-191390.2856479714     -289476.59844303       -155902.445860035      57747.27110455092      
-189130.1926797081     -290782.3112310036     -156634.4072690764     57747.30235455092      
-186860.2820556017     -292073.004464816      -157358.2757115496     57747.33360455092      
-184580.6819268487     -293348.6321901783     -158074.024826078      57747.36485455092      
-182291.5205856606     -294609.1493103392     -158781.6287175301     57747.39610455092      
-179992.9264554068     -295854.5115855084     -159481.0619568088     57747.42735455092      
-177685.0280861297     -297084.6756292862     -160172.2995789628     57747.45860455092      
-175367.954147478      -298299.5989065649     -160855.3170821207     57747.48985455092      
-173041.8334222363     -299499.2397311116     -161530.0904262482     57747.52110455092      
-170706.7947999205     -300683.5572631347     -162196.5960318944     57747.55235455092      
-168362.9672704396     -301852.5115068322     -162854.8107789284     57747.58360455092      
-166010.4799178229     -303006.0633079255     -163504.712005266      57747.61485455092      
-163649.4619134596     -304144.1743514399     -164146.2775057371     57747.64610455092      
-161280.0425121553     -305266.8071581525     -164779.485530199      57747.67735455092      
-158902.351042752      -306373.9250836718     -165404.3147831348     57747.70860455092      
-156516.5169043057     -307465.4923148511     -166020.7444217478     57747.73985455092      
-154122.6695595804     -308541.473867521      -166628.7540547983     57747.77110455092      
-151720.9385291525     -309601.8355839429     -167228.3237412839     57747.80235455092      
-149311.4533855755     -310646.5441302519     -167819.4339891126     57747.83360455092      
-146894.3437476043     -311675.56699389       -168402.0657537702     57747.86485455092      
-144469.7392744798     -312688.8724810305     -168976.2004369817     57747.89610455092      
-142037.7696602714     -313686.4297139925     -169541.8198853678     57747.92735455092      
-139598.5646277084     -314668.2086288749     -170098.9063892249     57747.95860455092      
-137152.253924912      -315634.1799720458     -170647.4426806546     57747.98985455092      
-134698.9673165016     -316584.3152989068     -171187.4119329845     57748.02110455092      
-132238.8345804361     -317518.5869703613     -171718.797758885      57748.05235455092      
-129771.9855020714     -318436.968150427      -172241.5842091354     57748.08360455092      
-127298.549868842      -319339.4328036106     -172755.7557712545     57748.11485455092      
-124818.6574649945     -320225.9556922802     -173261.297368129      57748.14610455092      
-122332.4380663748     -321096.5123740319     -173758.1943566385     57748.17735455092      
-119840.021435269      -321951.079199054      -174246.4325262785     57748.20860455092      
-117341.5373147121     -322789.6333076808     -174725.9980978914     57748.23985455092      
-114837.1154257596     -323612.1526269735     -175196.8777218406     57748.27110455092      
-112326.8854589906     -324418.6158692476     -175659.058477297      57748.30235455092      
-109810.9770718769     -325209.0025286427     -176112.5278704057     57748.33360455092      
-107289.5198832945     -325983.2928786715     -176557.273833013      57748.36485455092      
-104762.6434686644     -326741.4679695731     -176993.2847212789     57748.39610455092      
-102230.4773551417     -327483.5096256637     -177420.5493142899     57748.42735455092      
-99693.15101685152     -328209.4004426884     -177839.05681267       57748.45860455092      
-97150.79387017143     -328919.1237851724     -178248.7968371924     57748.48985455092      
-94603.53526905894     -329612.6637837752     -178649.7594273909     57748.52110455092      
-92051.50450042247     -330290.005332647      -179041.9350401734     57748.55235455092      
-89494.83077894688     -330951.1340869301     -179425.3145485181     57748.58360455092      
-86933.64324493593     -331596.0364595056     -179799.8892397311     57748.61485455092      
-84368.07095624522     -332224.6996192745     -180165.6508145952     57748.64610455092      
-81798.24288620929     -332837.1114879001     -180522.5913856229     57748.67735455092      
-79224.28791863569     -333433.2607373261     -180870.7034757617     57748.70860455092      
-76646.33484343505     -334013.1367871431     -181209.9800170082     57748.73985455092      
-74064.51235229189     -334576.7298019571     -181540.414349025      57748.77110455092      
-71478.94903437492     -335124.0306887624     -181862.000217758      57748.80235455092      
-68889.77337208712     -335655.0310943164     -182174.731774055      57748.83360455092      
-66297.11373685393     -336169.7234025199     -182478.603572287      57748.86485455092      
-63701.09838495007     -336668.1007318001     -182773.6105689697     57748.89610455092      
-61101.85545275758     -337150.1569326084     -183059.7481214536     57748.92735455092      
-58499.51295508812     -337615.8865843672     -183337.0119862854     57748.95860455092      
-55894.19877748869     -338065.2849935395     -183605.3983182356     57748.98985455092      
-53286.0406746341      -338498.3481905772     -183864.9036686601     57749.02110455092      
-50675.16626572952     -338915.0729274407     -184115.5249842001     57749.05235455092      
-48061.70303055226     -339315.4566750099     -184357.2596054169     57749.08360455092      
-45445.77830552747     -339699.4976205        -184590.1052654283     57749.11485455092      
-42827.51927983687     -340067.1946648819     -184814.0600885483     57749.14610455092      
-40207.05299156017     -340418.5474203088     -185029.1225889291     57749.17735455092      
-37584.50632384868     -340753.5562075482     -185235.291669205      57749.20860455092      
-34960.00600113032     -341072.2220534188     -185432.5666191399     57749.23985455092      
-32333.67858473384     -341374.5466883014     -185620.9471143195     57749.27110455092      
-29705.65047160164     -341660.5325433102     -185800.4332146307     57749.30235455092      
-27076.04788691695     -341930.1827481692     -185971.0253631796     57749.33360455092      
-24444.99688287508     -342183.5011283867     -186132.7243847721     57749.36485455092      
-21812.62333442626     -342420.4922027938     -186285.5314846196     57749.39610455092      
-19179.05293565839     -342641.161181016      -186429.448247003      57749.42735455092      
-16544.41119620722     -342845.5139609509     -186564.4766339386     57749.45860455092      
-13908.82343769401     -343033.5571262521     -186690.6189838484     57749.48985455092      
-11272.41479018967     -343205.2979438188     -186807.8780102319     57749.52110455092      
-8635.310188705344     -343360.7443612918     -186916.2568003417     57749.55235455092      
-5997.634369708526     -343499.9050045548     -187015.7588138621     57749.58360455092      
-3359.511867664538     -343622.7891752429     -187106.3878815897     57749.61485455092      
-721.0670116027633     -343729.4068482558     -187188.1482041182     57749.64610455092      
1917.576078907239      -343819.7686692968     -187261.0443505416     57749.67735455092      
4556.293494683894      -343893.8859523187     -187325.0812570778     57749.70860455092      
7194.961543982159      -343951.7706771813     -187380.2642258645     57749.73985455092      
9833.456753375382      -343993.4354871014     -187426.5989235844     57749.77110455092      
12471.65587168659      -344018.8936862195     -187464.0913801827     57749.80235455092      
15109.43587328333      -344028.1592371488     -187492.7479875684     57749.83360455092      
17746.67396135089      -344021.2467585308     -187512.5754983197     57749.86485455092      
20383.24757114428      -343998.1715225962     -187523.5810243909     57749.89610455092      
23019.03437321961      -343958.9494527316     -187525.7720358231     57749.92735455092      
25653.91227664485      -343903.5971210519     -187519.1563594569     57749.95860455092      
28287.75943219079      -343832.1317459779     -187503.7421776493     57749.98985455092      
30920.45423550237      -343744.5711898201     -187479.538026991      57750.02110455092      
33551.87533025078      -343640.9339563674     -187446.5527970288     57750.05235455092      
36181.9016112668       -343521.2391884809     -187404.7957289889     57750.08360455092      
38810.41222826746      -343385.50666566       -187354.2764144911     57750.11485455092      
41437.2865865051       -343233.7568017772     -187295.0047943266     57750.14610455092      
44062.4043535186       -343066.010642498      -187226.9911571192     57750.17735455092      
46685.64545974652      -342882.2898630179     -187150.2461381044     57750.20860455092      
49306.89010218401      -342682.6167656523     -187064.7807178549     57750.23985455092      
51926.01874741061      -342467.0142774608     -186970.60622102       57750.27110455092      
54542.91213460195      -342235.5059478754     -186867.7343150657     57750.30235455092      
57157.45127852511      -341988.1159463346     -186756.1770090189     57750.33360455092      
59769.51747251843      -341724.8690599204     -186635.9466522126     57750.36485455092      
62378.99229145576      -341445.7906910013     -186507.0559330335     57750.39610455092      
64985.75759469567      -341150.9068548775     -186369.5178776715     57750.42735455092      
67589.69552901576      -340840.2441774322     -186223.3458488715     57750.45860455092      
70190.68853153236      -340513.8298927849     -186068.5535446874     57750.48985455092      
72788.61933260603      -340171.6918409503     -185905.1549972367     57750.52110455092      
75383.37095873301      -339813.8584654994     -185733.1645714583     57750.55235455092      
77974.82673602588      -339440.3588111364     -185552.5969638282     57750.58360455092      
80562.87029066494      -339051.2225217187     -185363.4672012904     57750.61485455092      
83147.3855553696       -338646.479837407      -185165.7906397665     57750.64610455092      
85728.25676982188      -338226.1615926849     -184959.5829630858     57750.67735455092      
88305.36848409536      -337790.2992139515     -184744.8601817093     57750.70860455092      
90878.60556146786      -337338.9247172025     -184521.6386314959     57750.73985455092      
93447.8531812217       -336872.0707057139     -184289.9349724704     57750.77110455092      
96012.99684143187      -336389.7703677284     -184049.7661875924     57750.80235455092      
98573.92236174246      -335892.0574741436     -183801.1495815259     57750.83360455092      
101130.5158861311      -335378.9663762033     -183544.1027794113     57750.86485455092      
103682.6638856622      -334850.5320031907     -183278.6437256363     57750.89610455092      
106230.2531612288      -334306.7898601228     -183004.7906826098     57750.92735455092      
108773.170846283       -333747.7760254482     -182722.5622295352     57750.95860455092      
111311.3044095559      -333173.527148745      -182431.9772611849     57750.98985455092      
113844.5416577667      -332584.0804484211     -182133.0549866757     57751.02110455092      
116372.7707383208      -331979.473709416      -181825.8149282443     57751.05235455092      
118895.8801419975      -331359.7452809032     -181510.2769200235     57751.08360455092      
121413.7587056281      -330724.9340739943     -181186.461106819      57751.11485455092      
123926.2956153473      -330075.0795592903     -180854.387942808      57751.14610455092      
126433.380406912       -329410.2217651965     -180514.0781906274     57751.17735455092      
128934.9029718587      -328730.4012747207     -180165.5529196876     57751.20860455092      
131430.7535578001      -328035.6592237813     -179808.8335052572     57751.23985455092      
133920.8227716388      -327326.0372987649     -179443.9416271642     57751.27110455092      
136405.0015821859      -326601.577734234      -179070.8992685731     57751.30235455092      
138883.18132277        -325862.3233106338     -178689.7287147625     57751.33360455092      
141355.2536938375      -325108.3173519995     -178300.4525519022     57751.36485455092      
143821.1107655426      -324339.603723663      -177903.0936658295     57751.39610455092      
146280.6449803294      -323556.2268299601     -177497.675240826      57751.42735455092      
148733.7491555043      -322758.2316119356     -177084.2207583933     57751.45860455092      
151180.316485799       -321945.6635450493     -176662.7539960282     57751.48985455092      
153620.2405459263      -321118.5686368801     -176233.2990259976     57751.52110455092      
156053.4152931248      -320276.9934248293     -175795.8802141127     57751.55235455092      
158479.7350696969      -319420.9849738235     -175350.5222185015     57751.58360455092      
160899.0946055369      -318550.5908740151     -174897.2499883823     57751.61485455092      
163311.3890206509      -317665.8592384824     -174436.088762834      57751.64610455092      
165716.5138276686      -316766.8387009274     -173967.0640695675     57751.67735455092      
168114.3649343452      -315853.5784133727     -173490.2017236946     57751.70860455092      
170504.8386460568      -314926.1280438558     -173005.5278264962     57751.73985455092      
172887.8316682854      -313984.5377741218     -172513.0687641897     57751.77110455092      
175263.2411090971      -313028.8582973145     -172012.8512066944     57751.80235455092      
177630.964481611       -312059.1408156642     -171504.902106396      57751.83360455092      
179990.8997070084      -311075.4370379435     -170989.2486967883     57751.86485455092      
182342.9451147896      -310077.7991780706     -170465.9184917173     57751.89610455092      
184686.9994485145      -309066.2799514153     -169934.93928342       57751.92735455092      
187022.9618660391      -308040.9325733909     -169396.3391417615     57751.95860455092      
189350.7319424934      -307001.8107569025     -168850.1464128722     57751.98985455092      
191670.2096727007      -305948.9687100186     -168296.3897179026     57752.02110455092      
193981.2954735885      -304882.4611336414     -167735.0979517763     57752.05235455092      
196283.8901865916      -303802.343219173      -167166.3002819408     57752.08360455092      
198577.8950800461      -302708.670646178      -166590.0261471168     57752.11485455092      
200863.2118515758      -301601.4995800437     -166006.3052560452     57752.14610455092      
203139.7426304703      -300480.8866696355     -165415.1675862324     57752.17735455092      
205407.3899800538      -299346.8890449498     -164816.6433826923     57752.20860455092      
207666.0569000469      -298199.5643147628     -164210.763156688      57752.23985455092      
209915.6468289187      -297038.9705642751     -163597.5576844695     57752.27110455092      
212156.0636462319      -295865.1663527529     -162977.0580060103     57752.30235455092      
214387.211674978       -294678.2107111649     -162349.295423741      57752.33360455092      
216608.9956839051      -293478.1631398153     -161714.3015012805     57752.36485455092      
218821.3208898366      -292265.0836059719     -161072.1080621652     57752.39610455092      
221024.0929599818      -291039.0325414914     -160422.7471885754     57752.42735455092      
223217.218014237       -289800.0708404385     -159766.2512200593     57752.45860455092      
225400.6026274796      -288548.2598567019     -159102.6527522539     57752.48985455092      
227574.1538318516      -287283.6614016049     -158431.9846356039     57752.52110455092      
229737.7791190352      -286006.3377415116     -157754.2799740777     57752.55235455092      
231891.3864425205      -284716.3515954294     -157069.5721238806     57752.58360455092      
234034.8842198628      -283413.7661326047     -156377.8946921654     57752.61485455092      
236168.1813349319      -282098.6449701159     -155679.28153574       57752.64610455092      
238291.1871401525      -280771.0521704596     -154973.7667597722     57752.67735455092      
240403.8114587348      -279431.0522391337     -154261.3847164917     57752.70860455092      
242505.9645868969      -278078.7101222135     -153542.1700038893     57752.73985455092      
244597.5572960775      -276714.091203924      -152816.157464413      57752.77110455092      
246678.5008351397      -275337.2613042074     -152083.3821836609     57752.80235455092      
248748.7069325649      -273948.2866762836     -151343.8794890718     57752.83360455092      
250808.0877986385      -272547.2340042072     -150597.6849486119     57752.86485455092      
252856.5561276247      -271134.1704004186     -149844.8343694593     57752.89610455092      
254894.025100406       -269709.1634029563     -149085.363796507      57752.92735455092      
256920.4083847447      -268272.2809743271     -148319.3095117499     57752.95860455092      
258935.6201402758      -266823.5914970502     -147546.7080318984     57752.98985455092      
260939.5750187445      -265363.1637725115     -146767.5961077559     57753.02110455092      
262932.188166608       -263891.0670181563     -145982.0107227115     57753.05235455092      
264913.3752271543      -262407.3708650082     -145189.9890914045     57753.08360455092      
266883.0523426083      -260912.1453551816     -144391.5686583872     57753.11485455092      
268841.1361562301      -259405.4609393891     -143586.7870967834     57753.14610455092      
270787.5438144013      -257887.388474443      -142775.6823069442     57753.17735455092      
272722.1929687027      -256357.9992207515     -141958.2924151003     57753.20860455092      
274645.0017779808      -254817.3648398084     -141134.655772011      57753.23985455092      
276555.888910404       -253265.5573916786     -140304.8109516104     57753.27110455092      
278454.7735455084      -251702.6493324764     -139468.7967496499     57753.30235455092      
280341.5753762333      -250128.7135118391     -138626.6521823376     57753.33360455092      
282216.2146109454      -248543.8231703948     -137778.4164849742     57753.36485455092      
284078.6119754537      -246948.051937224      -136924.1291105862     57753.39610455092      
285928.6887150116      -245341.4738273161     -136063.8297285551     57753.42735455092      
287766.3665963097      -243724.1632390197     -135197.5582232439     57753.45860455092      
289591.5679094571      -242096.1949514881     -134325.3546926203     57753.48985455092      
291404.2154699515      -240457.6441221177     -133447.2594468758     57753.52110455092      
293204.2326206384      -238808.5862839821     -132563.3130070431     57753.55235455092      
294991.5432336592      -237149.0973432603     -131673.5561036086     57753.58360455092      
296766.0717123874      -235479.2535766583     -130778.0296751228     57753.61485455092      
298527.7429933541      -233799.1316288261     -129876.7748668072     57753.64610455092      
300276.4825481618      -232108.8085097691     -128969.8330291573     57753.67735455092      
302012.2163853865      -230408.3615922533     -128057.2457165436     57753.70860455092      
303734.8710524684      -228697.8686092054     -127139.0546858083     57753.73985455092      
305444.3736375907      -226977.4076511074     -126215.3018948597     57753.77110455092      
307140.651771547       -225247.0571633856     -125286.0295012626     57753.80235455092      
308823.633629596       -223506.8959437942     -124351.2798608261     57753.83360455092      
310493.2479333056      -221757.0031397935     -123411.0955261885     57753.86485455092      
312149.4239523837      -219997.4582459225     -122465.5192453981     57753.89610455092      
313792.0915064975      -218228.3411011671     -121514.5939604922     57753.92735455092      
315421.1809670809      -216449.7318863214     -120558.3628060722     57753.95860455092      
317036.6232591291      -214661.7111213453     -119596.8691078757     57753.98985455092      
318638.349862981       -212864.3596627166     -118630.156381346      57754.02110455092      
320226.2928160902      -211057.7587007768     -117658.2683301983     57754.05235455092      
321800.3847147817      -209241.9897570734     -116681.2488449832     57754.08360455092      
323360.5587159982      -207417.1346816962     -115699.1420016469     57754.11485455092      
324906.7485390319      -205583.2756506091     -114711.9920600889     57754.14610455092      
326438.8884672456      -203740.4951629765     -113719.8434627165     57754.17735455092      
327956.913349779       -201888.8760384856     -112722.7408329969     57754.20860455092      
329460.7586032446      -200028.5014146629     -111720.7289740062     57754.23985455092      
330950.3602134081      -198159.454744187      -110713.8528669755     57754.27110455092      
332425.654736859       -196281.819792196      -109702.1576698346     57754.30235455092      
333886.5793026657      -194395.6806335909     -108685.6887157532     57754.33360455092      
335333.0716140188      -192501.1216503337     -107664.4915116785     57754.36485455092      
336765.0699498614      -190598.227528742      -106638.6117368715     57754.39610455092      
338182.5131665063      -188687.0832567785     -105608.0952414396     57754.42735455092      
339585.3406992396      -186767.7741213363     -104572.9880448673     57754.45860455092      
340973.4925639119      -184840.3857055205     -103533.3363345446     57754.48985455092      
342346.909358516       -182905.0038859253     -102489.1864642919     57754.52110455092      
343705.5322647509      -180961.7148299063     -101440.5849528839     57754.55235455092      
345049.3030495734      -179010.6049928505     -100387.5784825701     57754.58360455092      
346378.1640667359      -177051.7611154407     -99330.21389759332     57754.61485455092      
347692.0582583109      -175085.2702209172     -98268.53820270624     57754.64610455092      
348990.9291562023      -173111.2196123351     -97202.59856168521     57754.67735455092      
350274.7208836431      -171129.6968698184     -96132.44229584224     57754.70860455092      
351543.3781566802      -169140.7898478103     -95058.11688253473     57754.73985455092      
352796.846285645       -167144.58667232       -93979.66995367312     57754.77110455092      
354035.0711766113      -165141.1757381662     -92897.14929422659     57754.80235455092      
355257.9993328392      -163130.6457062174     -91810.60284072667     57754.83360455092      
356465.577856206       -161113.0855006286     -90720.07867976901     57754.86485455092      
357657.7544486233      -159088.5843060754     -89625.62504651313     57754.89610455092      
358834.4774134408      -157057.2315649846     -88527.29032318057     57754.92735455092      
359995.6956568363      -155019.1169747623     -87425.12303755096     57754.95860455092      
361141.3586891925      -152974.3304850189     -86319.17186145661     57754.98985455092      
362271.4166264606      -150922.9622947911     -85209.48560927533     57755.02110455092      
363385.8201915094      -148865.1028497618     -84096.11323642153     57755.05235455092      
364484.5207154623      -146800.8428394771     -82979.10383783589     57755.08360455092      
365567.4701387691      -144730.2731950439     -81858.50664673472     57755.11485455092      
366634.621013521       -142653.4850844117     -80734.37103205209     57755.14610455092      
367685.9265032329      -140570.5699124759     -79606.74649849054     57755.17735455092      
368721.3403851383      -138481.6193163579     -78475.68268396195     57755.20860455092      
369740.8170512051      -136386.7251630929     -77341.22935833063     57755.23985455092      
370744.3115093903      -134285.9795468326     -76203.43642189453     57755.27110455092      
371731.7793848829      -132179.4747860481     -75062.35390386515     57755.30235455092      
372703.1769213327      -130067.303420729      -73918.03196084654     57755.33360455092      
373658.4609820663      -127949.5582095818     -72770.52087531291     57755.36485455092      
374597.5890512893      -125826.3321272271     -71619.87105408542     57755.39610455092      
375520.5192352755      -123697.7183613941     -70466.13302680773     57755.42735455092      
376427.2102635433      -121563.8103101144     -69309.35744442085     57755.45860455092      
377317.6214900183      -119424.7015789148     -68149.59507763686     57755.48985455092      
378191.7128941835      -117280.4859780078     -66986.89681541195     57755.52110455092      
379049.4450822159      -115131.2575194821     -65821.31366341856     57755.55235455092      
379890.7792881101      -112977.1104144912     -64652.89674251676     57755.58360455092      
380715.67737479        -110818.1390704413     -63481.69728722506     57755.61485455092      
381524.1018352061      -108654.4380881787     -62307.7666441904      57755.64610455092      
382316.0157934212      -106486.1022591755     -61131.15627065764     57755.67735455092      
383091.3830056827      -104313.2265627159     -59951.91773293848     57755.70860455092      
383850.1678614827      -102135.9061630805     -58770.1027048799      57755.73985455092      
384592.3353846048      -99954.23640673104     -57585.76296633203     57755.77110455092      
385317.8512341598      -97768.31281949434     -56398.95040161582     57755.80235455092      
386026.6817056067      -95578.23110374587     -55209.71699799009     57755.83360455092      
386718.7937317639      -93384.08713559303     -54018.11484411851     57755.86485455092      
387394.154883806       -91185.9769620584      -52824.1961285361      57755.89610455092      
388052.7333722495      -88983.99679826264     -51628.01313811568     57755.92735455092      
388694.4980479263      -86778.24302460752     -50429.61825653398     57755.95860455092      
389319.4184029452      -84568.81218395894     -49229.06396273768     57755.98985455092      
389927.4645716406      -82355.8009788299      -48026.40282940944     57756.02110455092      
390518.6073315107      -80139.30626856396     -46821.68752143365     57756.05235455092      
391092.8181041435      -77919.42506651866     -45614.97079436237     57756.08360455092      
391650.0689561304      -75696.25453724946     -44406.30549288118     57756.11485455092      
392190.3325998455      -73469.89199421262     -43195.7445495572      57756.14610455092      
392713.5823948362      -71240.43489487583     -41983.34098217725     57756.17735455092      
393219.7923479482      -69007.98084101347     -40769.14789390514     57756.20860455092      
393708.9371147016      -66772.62757381992     -39553.21847062102     57756.23985455092      
394180.9920000206      -64534.4729716137      -38335.60597966954     57756.27110455092      
394635.9329590808      -62293.61504702484     -37116.36376832661     57756.30235455092      
395073.7365981444      -60050.15194418266     -35895.54526226638     57756.33360455092      
395494.3801753861      -57804.18193590447     -34673.20396402859     57756.36485455092      
395897.8416017073      -55555.8034208851      -33449.39345148618     57756.39610455092      
396284.0994415405      -53305.11492088736     -32224.16737631324     57756.42735455092      
396653.1329136427      -51052.21507793346     -30997.57946245347     57756.45860455092      
397004.9218918796      -48797.20265149729     -29769.68350458872     57756.48985455092      
397295.49939226        -46843.58110472566     -28705.77313246173     57756.51690528836      
