-9382.424768208826     6540.4870693098        -4288.240082650374     57727                  
-9674.125887025159     6971.034397739669      -4570.081331696416     57727.00069444445      
-10035.21069375603     7504.448640524402      -4919.166433825503     57727.00158095954      
-10423.86200269028     8079.16903110971       -5295.163989772474     57727.00256693504      
-10844.45496418016     8701.827290340269      -5702.37952302636      57727.00366934125      
-11299.76286326195     9376.730605324283      -6143.588763157386     57727.00490225861      
-11792.88725482056     10108.7215190158       -6621.907518004658     57727.00628170704      
-12327.26469815777     10903.19998996736      -7140.80365606118      57727.00782584328      
-12906.63899766344     11766.09664327172      -7704.076718689815     57727.0095550663       
-13535.14011235647     12704.0078660189       -8315.942591504781     57727.01149244919      
-14217.29510280115     13724.23421810084      -8981.054164921707     57727.01366400735      
-14957.46922875773     14833.96816891941      -9703.96712709291      57727.01609708191      
-15759.15112016743     16039.23788509782      -10488.44891987394     57727.01881783475      
-16627.64495884008     17348.97850775802      -11340.12403873485     57727.02186037917      
-17568.8313284553      18773.22796384497      -12265.28819612126     57727.02526327121      
-18589.15443890541     20323.16443595312      -13270.92170170265     57727.0290698563       
-19695.66546953244     22011.24116429574      -14364.76374113548     57727.03332885278      
-20896.03203606904     23851.28558704493      -15555.36058457634     57727.03809486121      
-22198.67439108507     25858.81283472912      -16852.24882668544     57727.04342944722      
-23612.7907770999      28051.19681142127      -18266.04147247412     57727.04940190409      
-25148.34176298966     30447.80799779423      -19808.48722140759     57727.05608992357      
-26816.2851091425      33070.58218502958      -21492.8001630349      57727.06358148542      
-28628.44556407778     35944.07243438885      -23333.64774195531     57727.07197534459      
-30597.59671481188     39095.89214445176      -25347.38033369338     57727.08138259644      
-32737.71838961541     42557.5272089999       -27552.48221924424     57727.09192940063      
-35063.68677115558     46364.34328538446      -29969.49190430198     57727.10375730064      
-37591.58219236123     50556.71831819603      -32621.61994441056     57727.11702692483      
-40338.39765774569     55180.37094908128      -35534.82972289347     57727.13191920994      
-43322.2317627852      60287.70619662889      -38738.53133304045     57727.14863978062      
-46561.97284800354     65938.60023344695      -42265.88129714217     57727.16742150424      
-50076.69391703665     72201.00670506048      -46153.93107065608     57727.18852622986      
-53886.014838265       79153.73747448888      -50445.07299671674     57727.21225366163      
-58009.06244298505     86887.41645303933      -55187.27372726957     57727.23894399001      
-62463.29233544719     95505.87170875604      -60434.51160824266     57727.26898156325      
-66906.14895340266     104399.7602763945      -65809.12239956917     57727.30023156325      
-71168.57000072196     113238.4544889733      -71111.01968693537     57727.33148156325      
-75261.90339444844     122036.3261850838      -76350.6943142157      57727.36273156325      
-79195.07897657502     130804.4822103613      -81536.43218376496     57727.39398156325      
-82975.25173387626     139551.646051149       -86674.90593130181     57727.42523156325      
-86608.24117098609     148284.7568637487      -91771.57771411222     57727.45648156325      
-90098.84064883283     157009.3890143383      -96830.98184707957     57727.48773156325      
-93451.04083872106     165730.0535838127      -101856.9283026866     57727.51898156325      
-96668.19475186427     174450.4199072498      -106852.6525186559     57727.55023156325      
-99753.14198423269     183173.4815361644      -111820.9278297397     57727.58148156325      
-102708.3038560818     191901.6826938115      -116764.1512925293     57727.61273156325      
-105535.757362953      200637.0160901098      -121684.4101920214     57727.64398156325      
-108237.2934278383     209381.0996076365      -126583.5342741461     57727.67523156325      
-110814.4633452054     218135.2371507139      -131463.1372648763     57727.70648156325      
-113268.6162125743     226900.4674583142      -136324.6502342711     57727.73773156325      
-115600.9293935702     235677.6036527984      -141169.3486732571     57727.76898156325      
-117812.4335377917     244467.2655713152      -145998.3746666657     57727.80023156325      
-119904.0332978025     253269.9064176488      -150812.7552009322     57727.83148156325      
-121876.5246097159     262085.8349018313      -155613.4173952813     57727.86273156325      
-123730.6092134795     270915.2337587855      -160401.2012622765     57727.89398156325      
-125466.9069305705     279758.1753405111      -165176.8704678806     57727.92523156325      
-127085.9661034311     288614.6348258766      -169941.1214592993     57727.95648156325      
-128588.2725304273     297484.5014714724      -174694.5912515872     57727.98773156325      
-129974.2571421973     306367.5882493751      -179437.8641048411     57728.01898156325      
-131244.3026375206     315263.640140263       -184171.4772780349     57728.05023156325      
-132398.7492430086     324172.3413040284      -188895.9260099105     57728.08148156325      
-133437.8997292769     333093.321308726       -193611.6678493264     57728.11273156325      
-134362.0238045205     342026.160560948       -198319.1264352712     57728.14398156325      
-135171.3619744487     350970.3950597742      -203018.6948090901     57728.17523156325      
-135866.1289407678     359925.5205757378      -207710.738327293      57728.20648156325      
-136446.5166115881     368890.9963342013      -212395.5972318391     57728.23773156325      
-136912.696773359      377866.2482740975      -217073.5889255149     57728.26898156325      
-137264.8234644689     386850.6719419601      -221745.0099924317     57728.30023156325      
-137503.0350987068     395843.6350667189      -226410.1379974099     57728.33148156325      
-137627.4563665535     404844.4798585174      -231069.2330928993     57728.36273156325      
-137638.1999364973     413852.5250686315      -235722.5394578224     57728.39398156325      
-137535.367990725      422867.0678370304      -240370.2865891519     57728.42523156325      
-137319.0536106356     431887.3853551478      -245012.6904640957     57728.45648156325      
-136989.3420231798     440912.7363680093      -249649.9545882616     57728.48773156325      
-136546.3117391783     449942.3625298733      -254282.2709430548     57728.51898156325      
-135990.0355776073     458975.489635854       -258909.8208438196     57728.55023156325      
-135320.5816034772     468011.3287389224      -263532.7757186914     57728.58148156325      
-134538.0139831348     477049.0771667542      -268151.2978168599     57728.61273156325      
-133642.3937592175     486087.9194510641      -272765.5408538524     57728.64398156325      
-132633.779565477      495127.0281754249      -277375.6506004731     57728.67523156325      
-131512.228282306      504165.5647517252      -281981.7654212546     57728.70648156325      
-130277.7956320242     513202.6801343053      -286584.0167675726     57728.73773156325      
-128930.5367324549     522237.5154747973      -291182.529629948      57728.76898156325      
-127470.5066071633     531269.2027251605      -295777.4229535635     57728.80023156325      
-125897.7606492232     540296.8651956128      -300368.8100205593     57728.83148156325      
-124212.3550561954     549319.6180686009      -304956.7988022579     57728.86273156325      
-122414.3472329349     558336.5688745317      -309541.4922841358     57728.89398156325      
-120503.7961575211     567346.8179343949      -314122.9887660674     57728.92523156325      
-118480.7627276619     576349.4587692226      -318701.3821400633     57728.95648156325      
-116345.3100828925     585343.5784809032      -323276.7621475217     57728.98773156325      
-114097.5038966734     594328.2581083797      -327849.2146178022     57729.01898156325      
-111737.4126557466     603302.5729584375      -332418.8216897249     57729.05023156325      
-109265.1079210628     612265.5929147452      -336985.6620174572     57729.08148156325      
-106680.6645634493     621216.382728384       -341549.8109621127     57729.11273156325      
-103984.1609916053     630154.0022886274      -346111.340770226      57729.14398156325      
-101175.6793659213     639077.5068770183      -350670.3207401885     57729.17523156325      
-98255.30579052858     647985.9474073724      -355226.8173776207     57729.20648156325      
-95223.13050153697     656878.3706502436      -359780.8945405444     57729.23773156325      
-92079.24804427363     665753.8194444206      -364332.6135751624     57729.26898156325      
-88823.75743026563     674611.3328977417      -368882.0334429847     57729.30023156325      
-85456.76229948793     683449.9465748004      -373429.2108399321     57729.33148156325      
-81978.37105881826     692268.6926763725      -377974.2003080572     57729.36273156325      
-78388.69702229106     701066.6002080488      -382517.0543404024     57729.39398156325      
-74687.85854403357     709842.6951401936      -387057.8234795124     57729.42523156325      
-70875.97913472354     718596.0005607606      -391596.5564100673     57729.45648156325      
-66953.18758092322     727325.5368195454      -396133.3000460432     57729.48773156325      
-62919.61805864266     736030.3216655415      -400668.0996127907     57729.51898156325      
-58775.41023149077     744709.3703786426      -405200.9987244043     57729.55023156325      
-54520.7093533725      753361.6958944247      -409732.0394566805     57729.58148156325      
-50155.66636662167     761986.3089234236      -414261.2624159816     57729.61273156325      
-45680.43798547819     770582.218065858       -418788.7068042876     57729.64398156325      
-41095.1867854974      779148.4299207673      -423314.4104806733     57729.67523156325      
-36400.08128934379     787683.9491907323      -427838.4100194539     57729.70648156325      
-31595.29603845347     796187.7787828612      -432360.7407652285     57729.73773156325      
-26681.01167179835     804658.9199052837      -436881.4368850001     57729.76898156325      
-21657.41500178738     813096.3721601011      -441400.5314175684     57729.80023156325      
-16524.69907638489     821499.1336331891      -445918.0563203803     57729.83148156325      
-11283.06324933315     829866.2009804443      -450434.0425139717     57729.86273156325      
-5932.713248113943     838196.5695111681      -454948.5199241648     57729.89398156325      
-473.8612283410306     846489.2332687426      -459461.5175221636     57729.92523156325      
5093.274162870883      854743.1851085381      -463973.0633626579     57729.95648156325      
10768.46772531291      862957.4167735244      -468483.1846200635     57729.98773156325      
16551.48765754873      871130.9189674635      -472991.907623018      57730.01898156325      
22442.09549903441      879262.6814260366      -477499.2578872179     57730.05023156325      
28440.04607362084      887351.6929861343      -482005.2601466988     57730.08148156325      
34545.08744648714      895396.9416529154      -486509.9383836621     57730.11273156325      
40756.96087063928      903397.4146654261      -491013.3158569096     57730.14398156325      
47075.40073447018      911352.098560766       -495515.4151289712     57730.17523156325      
53500.13452278503      919259.9792361209      -500016.2580920164     57730.20648156325      
60030.88276676967      927120.0420099339      -504515.8659925883     57730.23773156325      
66667.35899475764      934931.2716819383      -509014.2594552393     57730.26898156325      
73409.26969654571      942692.6525910925      -513511.4585051381     57730.30023156325      
80256.31427608451      950403.1686731838      -518007.4825896831     57730.33148156325      
87208.18500475161      958061.8035175699      -522502.3505991795     57730.36273156325      
94264.5669882949       965667.54042179        -526996.0808866516     57730.39398156325      
101425.1381216282      973219.362446353       -531488.6912868026     57730.42523156325      
108689.5690440311      980716.2524688988      -535980.1991341844     57730.45648156325      
116057.5231081702      988157.1932361468      -540470.6212806234     57730.48773156325      
123528.6563364897      995541.167416517       -544959.9741119256     57730.51898156325      
131102.617377856       1002867.157652314      -549448.2735638974     57730.55023156325      
138779.047478203       1010134.146609595      -553935.5351377422     57730.58148156325      
146557.5804380895      1017341.117029167      -558421.7739148231     57730.61273156325      
154437.8425703948      1024487.051777343      -562907.0045708533     57730.64398156325      
162419.4526722032      1031570.933894206      -567391.2413895364     57730.67523156325      
170502.0219831812      1038591.746643496      -571874.4982756736     57730.70648156325      
178685.1541439898      1045548.473562381      -576356.7887677678     57730.73773156325      
186968.4451690948      1052440.098508584      -580838.1260501564     57730.76898156325      
195351.4834056712      1059265.605709561      -585318.5229646858     57730.80023156325      
203833.8494924596      1066023.979811737      -589797.992021944      57730.83148156325      
212415.1163332402      1072714.205926857      -594276.5454120931     57730.86273156325      
221094.8490560242      1079335.269680871      -598754.195015296      57730.89398156325      
229872.6049721302      1085886.15726299       -603230.952411766      57730.92523156325      
238747.9335501064      1092365.855471629      -607706.8288914651     57730.95648156325      
247720.3763750108      1098773.351763339      -612181.8354634478     57730.98773156325      
256789.4671075284      1105107.634302039      -616655.9828648786     57731.01898156325      
265954.7314581613      1111367.692004862      -621129.2815697421     57731.05023156325      
275215.6871464433      1117552.514591464      -625601.7417972442     57731.08148156325      
284571.8438599482      1123661.092633738      -630073.373519923      57731.11273156325      
294022.7032286085      1129692.417601872      -634544.1864714995     57731.14398156325      
303567.7587837381      1135645.481914326      -639014.1901544479     57731.17523156325      
313206.4959168189      1141519.27898833       -643483.3938473173     57731.20648156325      
322938.3918538347      1147312.803286416      -647951.8066118222     57731.23773156325      
332762.9156140075      1153025.050367353      -652419.437299686      57731.26898156325      
342679.5279682773      1158655.016937703      -656886.2945592687     57731.30023156325      
352687.6814135662      1164201.700899079      -661352.3868419852     57731.33148156325      
362786.820131159       1169664.101400312      -665817.722408511      57731.36273156325      
372976.3799448176      1175041.218890316      -670282.3093347937     57731.39398156325      
383255.7882949131      1180332.055166325      -674746.1555178808     57731.42523156325      
393624.4641964092      1185535.613427533      -679209.2686815594     57731.45648156325      
404081.818196571       1190650.898329521      -683671.6563818218     57731.48773156325      
414627.2523489305      1195676.916033703      -688133.3260121688     57731.51898156325      
425260.1601690032      1200612.674263344      -692594.2848087489     57731.55023156325      
435979.9266008033      1205457.182356477      -697054.5398553406     57731.58148156325      
446785.9279721747      1210209.451323394      -701514.0980881852     57731.61273156325      
457677.5319685093      1214868.493898043      -705972.9663006815     57731.64398156325      
468654.0975897491      1219433.324596033      -710431.1511479372     57731.67523156325      
479714.9751071294      1223902.959773607      -714888.6591511844     57731.70648156325      
490859.5060367187      1228276.417680759      -719345.4967020748     57731.73773156325      
502087.0230960271      1232552.718521472      -723801.6700668456     57731.76898156325      
513396.8501603733      1236730.884515022      -728257.1853903627     57731.80023156325      
524788.302236272       1240809.939950999      -732712.0487000577     57731.83148156325      
536260.6854176914      1244788.911252012      -737166.265909747      57731.86273156325      
547813.2968420932      1248666.827037514      -741619.8428233408     57731.89398156325      
559445.4246637134      1252442.718180951      -746072.78513846       57731.92523156325      
571156.3480095264      1256115.617875111      -750525.0984499406     57731.95648156325      
582945.3369350265      1259684.561698706      -754976.7882532459     57731.98773156325      
594811.65239746        1263148.587675814      -759427.8599477874     57732.01898156325      
606754.5462115785      1266506.736344101      -763878.3188401526     57732.05023156325      
618773.2610052411      1269758.050824336      -768328.1701472423     57732.08148156325      
630867.0301926783      1272901.576882325      -772777.4189993318     57732.11273156325      
643035.0779301258      1275936.363000204      -777226.0704430394     57732.14398156325      
655276.6190713503      1278861.460449076      -781674.1294442224     57732.17523156325      
667590.8591410379      1281675.923353626      -786121.600890794      57732.20648156325      
679976.9942884208      1284378.808767731      -790568.4895954652     57732.23773156325      
692434.2112528408      1286969.176745092      -795014.800298415      57732.26898156325      
704961.6873173765      1289446.090417361      -799460.5376698881     57732.30023156325      
717558.5902825699      1291808.616062585      -803905.7063127288     57732.33148156325      
730224.0784222431      1294055.823184378      -808350.3107648436     57732.36273156325      
742957.3004393307      1296186.784592608      -812794.3555016026     57732.39398156325      
755757.3954400104      1298200.57647492       -817237.8449381796     57732.42523156325      
768623.4928898376      1300096.278479585      -821680.7834318267     57732.45648156325      
781554.7125699527      1301872.973799934      -826123.1752840957     57732.48773156325      
794550.1645517681      1303529.749249115      -830565.0247429973     57732.51898156325      
807608.9491535852      1305065.695346806      -835006.3360051097     57732.55023156325      
820730.1568973317      1306479.90640756       -839447.1132176259     57732.58148156325      
833912.868483981       1307771.480618967      -843887.3604803549     57732.61273156325      
847156.1547508299      1308939.520132372      -848327.0818476678     57732.64398156325      
860459.07662899        1309983.131155306      -852766.2813303934     57732.67523156325      
873820.6851196865      1310901.42403319       -857204.9628976687     57732.70648156325      
887240.0212503331      1311693.513345652      -861643.1304787369     57732.73773156325      
900716.1160432906      1312358.517996158      -866080.7879647026     57732.76898156325      
914247.9904726043      1312895.561311467      -870517.9392102382     57732.80023156325      
927834.6554418042      1313303.771128287      -874954.5880352497     57732.83148156325      
941475.111743535       1313582.279893992      -879390.7382264992     57732.86273156325      
955168.3500195895      1313730.224769159      -883826.3935391791     57732.89398156325      
968913.3507400873      1313746.747718107      -888261.557698454      57732.92523156325      
982709.084164496       1313630.99561412       -892696.2344009549     57732.95648156325      
996554.5103031462      1313382.12034657       -897130.4273162392     57732.98773156325      
1010448.578898023      1312999.278915436      -901564.1400882086     57733.01898156325      
1024390.229385433      1312481.633541188      -905997.3763364904     57733.05023156325      
1038378.390859263      1311828.351776602      -910430.1396577836     57733.08148156325      
1052411.982053627      1311038.606605386      -914862.4336271655     57733.11273156325      
1066489.911305374      1310111.576558544      -919294.2617993662     57733.14398156325      
1080611.076529781      1309046.445822475      -923725.6277100065     57733.17523156325      
1094774.365184491      1307842.404358863      -928156.5348768025     57733.20648156325      
1108978.654255059      1306498.648008937      -932586.9868007347     57733.23773156325      
1123222.810222543      1305014.378614655      -937016.9869671895     57733.26898156325      
1137505.689031935      1303388.804141908      -941446.5388470638     57733.30023156325      
1151826.136080218      1301621.138789108      -945875.64589784       57733.33148156325      
1166182.986186568      1299710.603113375      -950304.3115646298     57733.36273156325      
1180575.063563517      1297656.424158773      -954732.5392811878     57733.39398156325      
1195001.181807815      1295457.835569297      -959160.3324708954     57733.42523156325      
1209460.143871504      1293114.077722091      -963587.694547715      57733.45648156325      
1223950.742046519      1290624.397851039      -968014.6289171164     57733.48773156325      
1238471.757937924      1287988.050183703      -972441.1389769744     57733.51898156325      
1253021.962459033      1285204.296060259      -976867.2281184365     57733.55023156325      
1267600.115808999      1282272.404071621      -981292.8997267671     57733.58148156325      
1282204.967451678      1279191.650199674      -985718.1571821623     57733.61273156325      
1296835.256114314      1275961.317940717      -990143.0038605381     57733.64398156325      
1311489.709768904      1272580.698448778      -994567.4431342937     57733.67523156325      
1326167.045614954      1269049.09068105       -998991.4783730492     57733.70648156325      
1340865.9700821        1265365.801525855      -1003415.112944355     57733.73773156325      
1355585.178813577      1261530.145953367      -1007838.35021438      57733.76898156325      
1370323.356663472      1257541.447155253      -1012261.193548575     57733.80023156325      
1385079.177683215      1253399.036699173      -1016683.64631231      57733.83148156325      
1399851.305130036      1249102.254662771      -1021105.711871486     57733.86273156325      
1414638.391458611      1244650.449789125      -1025527.393593127     57733.89398156325      
1429439.07831443       1240042.979644327      -1029948.69484595      57733.92523156325      
1444251.996547066      1235279.210755943      -1034369.619000906     57733.95648156325      
1459075.766206911      1230358.518773632      -1038790.169431702     57733.98773156325      
1473908.99654378       1225280.288631876      -1043210.349515306     57734.01898156325      
1488750.286025393      1220043.914692852      -1047630.162632413     57734.05023156325      
1503598.222337645      1214648.800914633      -1052049.612167915     57734.08148156325      
1518451.382398795      1209094.361006659      -1056468.701511324     57734.11273156325      
1533308.332363732      1203380.018601613      -1060887.434057192     57734.14398156325      
1548167.627650059      1197505.207404053      -1065305.813205501     57734.17523156325      
1563027.812948363      1191469.371362813      -1069723.842362035     57734.20648156325      
1577887.422234737      1185271.964845426      -1074141.524938731     57734.23773156325      
1592744.978803062      1178912.452790948      -1078558.864354009     57734.26898156325      
1607598.995279896      1172390.310889866      -1082975.864033086     57734.30023156325      
1622447.973653364      1165705.025750078      -1087392.527408268     57734.33148156325      
1637290.405292759      1158856.095080281      -1091808.857919216     57734.36273156325      
1652124.770989785      1151843.027848127      -1096224.859013209     57734.39398156325      
1666949.540984816      1144665.34446372       -1100640.534145365     57734.42523156325      
1681763.174995804      1137322.576965014      -1105055.886778872     57734.45648156325      
1696564.122266727      1129814.269179759      -1109470.920385169     57734.48773156325      
1711350.821601501      1122139.976913444      -1113885.638444136     57734.51898156325      
1726121.701400677      1114299.268139074      -1118300.044444249     57734.55023156325      
1740875.179717582      1106291.723162684      -1122714.14188272      57734.58148156325      
1755609.664298499      1098116.934818411      -1127127.93426563      57734.61273156325      
1770323.552636789      1089774.508647788      -1131541.425108026     57734.64398156325      
1785015.232018891      1081264.063097813      -1135954.617934019     57734.67523156325      
1799683.079591394      1072585.229690798      -1140367.516276852     57734.70648156325      
1814325.462414609      1063737.653221719      -1144780.123678955     57734.73773156325      
1828940.737519338      1054720.991957208      -1149192.44369199      57734.76898156325      
1843527.251982702      1045534.917808285      -1153604.479876868     57734.80023156325      
1858083.342989179      1036179.116534374      -1158016.235803755     57734.83148156325      
1872607.337905486      1026653.287930093      -1162427.715052067     57734.86273156325      
1887097.554348197      1016957.146031758      -1166838.921210439     57734.89398156325      
1901552.300271927      1007090.419293434      -1171249.857876687     57734.92523156325      
1915969.874045166      997052.8507919693      -1175660.528657744     57734.95648156325      
1930348.564529719      986844.1984333624      -1180070.937169601     57734.98773156325      
1944686.651178671      976464.235130841       -1184481.087037205     57735.01898156325      
1958982.40412092       965912.74901584        -1188890.98189436      57735.05023156325      
1973234.08425928       955189.5436302732      -1193300.625383615     57735.08148156325      
1987439.943362348      944294.4381393475      -1197710.021156128     57735.11273156325      
2001598.224176193      933227.2675116367      -1202119.172871514     57735.14398156325      
2015707.160525006      921987.8827295329      -1206528.08419769      57735.17523156325      
2029764.977415758      910576.1510006629      -1210936.758810703     57735.20648156325      
2043769.891160666      898991.9559388908      -1215345.20039453      57735.23773156325      
2057720.109487724      887235.197779769       -1219753.412640883     57735.26898156325      
2071613.831664448      875305.7935757238      -1224161.399248989     57735.30023156325      
2085449.248616439      863203.6774125227      -1228569.163925365     57735.33148156325      
2099224.543064879      850928.8005906567      -1232976.710383568     57735.36273156325      
2112937.889654397      838481.1318383923      -1237384.042343941     57735.39398156325      
2126587.455085298      825860.6575253458      -1241791.163533349     57735.42523156325      
2140171.398262756      813067.3818434498      -1246198.077684891     57735.45648156325      
2153687.870435649      800101.3270238233      -1250604.788537608     57735.48773156325      
2167135.015348138      786962.5335317435      -1255011.299836176     57735.51898156325      
2180510.969387188      773651.0602835483      -1259417.615330593     57735.55023156325      
2193813.861747904      760166.98482604        -1263823.738775841     57735.58148156325      
2207041.814589481      746510.4035525719      -1268229.673931544     57735.61273156325      
2220192.943203555      732681.4318962726      -1272635.424561623     57735.64398156325      
2233265.35617915       718680.204545535       -1277040.994433922     57735.67523156325      
2246257.15558472       704506.8756205937      -1281446.387319835     57735.70648156325      
2259166.437142996      690161.6188836276      -1285851.60699392      57735.73773156325      
2271991.290410668      675644.627948497       -1290256.657233502     57735.76898156325      
2284729.798973259      660956.1164543206      -1294661.541818263     57735.80023156325      
2297380.040632393      646096.3182770247      -1299066.264529819     57735.83148156325      
2309940.087604724      631065.4877162897      -1303470.8291513       57735.86273156325      
2322408.006718657      615863.8997052604      -1307875.239466907     57735.89398156325      
2334781.859626691      600491.8499788546      -1312279.499261459     57735.92523156325      
2347059.703011196      584949.6552807284      -1316683.612319943     57735.95648156325      
2359239.588801358      569237.6535446208      -1321087.582427039     57735.98773156325      
2371319.564388616      553356.2040987031      -1325491.413366651     57736.01898156325      
2383297.672856737      537305.6878270904      -1329895.108921413     57736.05023156325      
2395171.953207351      521086.5073664489      -1334298.672872199     57736.08148156325      
2406940.440590599      504699.0873011649      -1338702.108997623     57736.11273156325      
2418601.166548643      488143.8743187012      -1343105.42107352      57736.14398156325      
2430152.159254541      471421.3374047045      -1347508.612872435     57736.17523156325      
2441591.443761248      454531.9680106892      -1351911.688163088     57736.20648156325      
2452917.042250304      437476.2802450562      -1356314.650709848     57736.23773156325      
2464126.974293292      420254.811018765       -1360717.504272181     57736.26898156325      
2475219.257109783      402868.1202313229      -1365120.252604105     57736.30023156325      
2486191.905834717      385316.7909283159      -1369522.899453634     57736.33148156325      
2497042.933786165      367601.4294824129      -1373925.448562216     57736.36273156325      
2507770.352744644      349722.6657276004      -1378327.903664155     57736.39398156325      
2518372.173230651      331681.1531297904      -1382730.268486045     57736.42523156325      
2528846.404787346      313477.568954748       -1387132.546746178     57736.45648156325      
2539191.056273109      295112.614392556       -1391534.742153963     57736.48773156325      
2549404.136152588      276587.0147232865      -1395936.858409329     57736.51898156325      
2559483.65279581       257901.5194523963      -1400338.899202118     57736.55023156325      
2569427.614778849      239056.9024697142      -1404740.86821149      57736.58148156325      
2579234.031193685      220053.9621593153      -1409142.769105313     57736.61273156325      
2588900.911957723      200893.5215510151      -1413544.605539541     57736.64398156325      
2598426.268130467      181576.4284405347      -1417946.381157601     57736.67523156325      
2607808.112232425      162103.5555333884      -1422348.099589766     57736.70648156325      
2617044.458571711      142475.8005381552      -1426749.764452527     57736.73773156325      
2626133.323571475      122694.0863018423      -1431151.379347964     57736.76898156325      
2635072.726103516      102759.360912917       -1435552.947863111     57736.80023156325      
2643860.687824749      82672.59782809421      -1439954.473569313     57736.83148156325      
2652495.23351979       62434.79594717187      -1444355.960021589     57736.86273156325      
2660974.391445617      42046.97972553393      -1448757.410757987     57736.89398156325      
2669296.193680894      21510.19928212374      -1453158.829298936     57736.92523156325      
2677458.676479902      825.5304592013287      -1457560.219146598     57736.95648156325      
2685459.88062938       -20005.92507517018     -1461961.583784212     57736.98773156325      
2693297.851809603      -40983.03975869004     -1466362.926675447     57737.01898156325      
2700970.640959406      -62104.66004261575     -1470764.251263743     57737.05023156325      
2708476.304644274      -83369.60635375512     -1475165.560971655     57737.08148156325      
2715812.905428487      -104776.6730134083     -1479566.859200197     57737.11273156325      
2722978.512250317      -126324.628191301      -1483968.149328182     57737.14398156325      
2729971.200801738      -148012.2138357627     -1488369.434711562     57737.17523156325      
2736789.053909301      -169838.1456593053     -1492770.718682771     57737.20648156325      
2743430.161920279      -191801.1130808624     -1497172.004550064     57737.23773156325      
2749892.623090507      -213899.7792039163     -1501573.29559686      57737.26898156325      
2756174.543977343      -236132.7807708938     -1505974.595081076     57737.30023156325      
2762274.039831765      -258498.7281740998     -1510375.906234476     57737.33148156325      
2768189.234996929      -280996.2054230513     -1514777.232262011     57737.36273156325      
2773918.263307016      -303623.7701485388     -1519178.576341162     57737.39398156325      
2779459.268491753      -326379.9535829918     -1523579.941621282     57737.42523156325      
2784810.404577955      -349263.2605984401     -1527981.331222949     57737.45648156325      
2789969.836298686      -372272.169700635      -1532382.748237309     57737.48773156325      
2794935.739501269      -395405.1330606836     -1536784.195725434     57737.51898156325      
2799706.301561437      -418660.5765230177     -1541185.676717659     57737.55023156325      
2804279.721792332      -442036.8996719309     -1545587.194212959     57737.58148156325      
2808654.211862271      -465532.4758540567     -1549988.751178292     57737.61273156325      
2812827.996209806      -489145.6522390724     -1554390.350547967     57737.64398156325      
2816799.312465417      -512874.7498567664     -1558791.995223008     57737.67523156325      
2820566.411865741      -536718.063693547      -1563193.688070523     57737.70648156325      
2824127.559677722      -560673.8627446878     -1567595.431923077     57737.73773156325      
2827481.035618442      -584740.3901054362     -1571997.229578072     57737.76898156325      
2830625.134282031      -608915.8630385022     -1576399.083797118     57737.80023156325      
2833558.1655567        -633198.4731017533     -1580800.997305436     57737.83148156325      
2836278.455052898      -657586.3862314584     -1585202.972791234     57737.86273156325      
2838784.344525379      -682077.7428649348     -1589605.012905112     57737.89398156325      
2841074.192302855      -706670.6580395894     -1594007.120259461     57737.92523156325      
2843146.373705232      -731363.2215528046     -1598409.297427869     57737.95648156325      
2844999.281473153      -756153.4980771929     -1602811.546944538     57737.98773156325      
2846631.326189678      -781039.5273157097     -1607213.871303704     57738.01898156325      
2848040.936709957      -806019.3241331363     -1611616.272959054     57738.05023156325      
2849226.560575934      -831090.8787489354     -1616018.754323173     57738.08148156325      
2850186.664444515      -856252.1568852938     -1620421.317766973     57738.11273156325      
2850919.734506016      -881501.0999553631     -1624823.965619145     57738.14398156325      
2851424.276911058      -906835.6252278466     -1629226.700165611     57738.17523156325      
2851698.818179809      -932253.6260533246     -1633629.523648984     57738.20648156325      
2851741.905625884      -957752.9720456019     -1638032.438268046     57738.23773156325      
2851552.107768621      -983331.5093034777     -1642435.446177217     57738.26898156325      
2851128.014754224      -1008987.060608806     -1646838.549486042     57738.30023156325      
2850468.238756521      -1034717.42568652      -1651241.750258692     57738.33148156325      
2849571.414393598      -1060520.38141951      -1655645.050513464     57738.36273156325      
2848436.19913084       -1086393.682104031     -1660048.452222294     57738.39398156325      
2847061.27369326       -1112335.059681309     -1664451.957310274     57738.42523156325      
2845445.342454687      -1138342.224031195     -1668855.567655192     57738.45648156325      
2843587.133844014      -1164412.86322048      -1673259.285087067     57738.48773156325      
2841485.400735894      -1190544.643791753     -1677663.111387706     57738.51898156325      
2839138.920851139      -1216735.2110283       -1682067.048290252     57738.55023156325      
2836546.497131162      -1242982.189280994     -1686471.097478773     57738.58148156325      
2833706.958130715      -1269283.182249655     -1690875.26058783      57738.61273156325      
2830619.158393073      -1295635.773304804     -1695279.539202079     57738.64398156325      
2827281.978835349      -1322037.52578532      -1699683.934855863     57738.67523156325      
2823694.327105019      -1348485.983357804     -1704088.449032839     57738.70648156325      
2819855.137956009      -1374978.670330264     -1708493.0831656       57738.73773156325      
2815763.373605189      -1401513.092005898     -1712897.838635309     57738.76898156325      
2811418.024099481      -1428086.735012589     -1717302.716771348     57738.80023156325      
2806818.107651311      -1454697.067693688     -1721707.718850984     57738.83148156325      
2801962.67099491       -1481341.540452939     -1726112.846099043     57738.86273156325      
2796850.789723902      -1508017.586133745     -1730518.099687585     57738.89398156325      
2791481.568622735      -1534722.620405911     -1734923.480735615     57738.92523156325      
2785854.14200669       -1561454.042133124     -1739328.990308783     57738.95648156325      
2779967.674026643      -1588209.233800995     -1743734.629419111     57738.98773156325      
2773821.358996395      -1614985.561898975     -1748140.399024731     57739.01898156325      
2767414.421695873      -1641780.377341264     -1752546.300029637     57739.05023156325      
2760746.117686095      -1668591.015862854     -1756952.333283427     57739.08148156325      
2753815.733586084      -1695414.798475307     -1761358.499581111     57739.11273156325      
2746622.587373703      -1722249.031876245     -1765764.799662872     57739.14398156325      
2739166.028660435      -1749091.008897096     -1770171.234213889     57739.17523156325      
2731445.438978484      -1775938.008925691     -1774577.803864131     57739.20648156325      
2723460.232027023      -1802787.298387599     -1778984.509188211     57739.23773156325      
2715209.853943838      -1829636.131181019     -1783391.350705218     57739.26898156325      
2706693.783552523      -1856481.749143875     -1787798.328878576     57739.30023156325      
2697911.532601295      -1883321.382526599     -1792205.444115919     57739.33148156325      
2688862.646011582      -1910152.250444595     -1796612.696768974     57739.36273156325      
2679546.702082346      -1936971.561387993     -1801020.08713347      57739.39398156325      
2669963.312721678      -1963776.513684763     -1805427.61544905      57739.42523156325      
2660112.123648077      -1990564.295999979     -1809835.281899202     57739.45648156325      
2649992.814605586      -2017332.087809172     -1814243.0866112       57739.48773156325      
2639605.099531943      -2044077.059927621     -1818651.029656072     57739.51898156325      
2628948.726755655      -2070796.374992883     -1823059.111048576     57739.55023156325      
2618023.479160946      -2097487.187982331     -1827467.330747185     57739.58148156325      
2606829.174367326      -2124146.646704426     -1831875.688654087     57739.61273156325      
2595365.664859629      -2150771.892344424     -1836284.184615219     57739.64398156325      
2583632.838148604      -2177360.05996323      -1840692.818420297     57739.67523156325      
2571630.616901936      -2203908.279025037     -1845101.589802865     57739.70648156325      
2559358.959065275      -2230413.673928135     -1849510.498440364     57739.73773156325      
2546817.857994928      -2256873.364514045     -1853919.543954202     57739.76898156325      
2534007.342537904      -2283284.466629017     -1858328.725909874     57739.80023156325      
2520927.477144705      -2309644.092638595     -1862738.043817053     57739.83148156325      
2507578.361946314      -2335949.351974239     -1867147.497129731     57739.86273156325      
2493960.132847844      -2362197.351652902     -1871557.085246345     57739.89398156325      
2480072.961567166      -2388385.196847112     -1875966.80750996      57739.92523156325      
2465917.055708131      -2414509.99140818      -1880376.663208424     57739.95648156325      
2451492.658801211      -2440568.838415213     -1884786.651574563     57739.98773156325      
2436800.05033355       -2466558.840725242     -1889196.771786392     57740.01898156325      
2421839.545792489      -2492477.101500749     -1893607.022967315     57740.05023156325      
2406611.496651271      -2518320.724785277     -1898017.404186387     57740.08148156325      
2391116.290391731      -2544086.816032235     -1902427.91445855      57740.11273156325      
2375354.350488016      -2569772.482662337     -1906838.552744905     57740.14398156325      
2359326.136409421      -2595374.834593326     -1911249.317952979     57740.17523156325      
2343032.143563294      -2620890.984815663     -1915660.208937044     57740.20648156325      
2326472.903276975      -2646318.049921633     -1920071.224498417     57740.23773156325      
2309648.982744667      -2671653.150656937     -1924482.363385789     57740.26898156325      
2292560.984963639      -2696893.412471221     -1928893.624295573     57740.30023156325      
2275209.548686114      -2722035.966045228     -1933305.005872241     57740.33148156325      
2257595.348308822      -2747077.947861188     -1937716.506708727     57740.36273156325      
2239719.093804162      -2772016.500726964     -1942128.125346793     57740.39398156325      
2221581.530609776      -2796848.774325053     -1946539.860277448     57740.42523156325      
2203183.43954013       -2821571.925733455     -1950951.709941335     57740.45648156325      
2184525.636633939      -2846183.119987491     -1955363.672729202     57740.48773156325      
2165608.973045532      -2870679.530595692     -1959775.746982309     57740.51898156325      
2146434.334899461      -2895058.340074475     -1964187.930992894     57740.55023156325      
2127002.643133739      -2919316.740480452     -1968600.223004694     57740.58148156325      
2107314.853362706      -2943451.933917902     -1973012.621213385     57740.61273156325      
2087371.95567329       -2967461.133084557     -1977425.123767113     57740.64398156325      
2067174.974467772      -2991341.561772272     -1981837.728766997     57740.67523156325      
2046724.968268857      -3015090.455384601     -1986250.434267663     57740.70648156325      
2026023.029514942      -3038705.06145004      -1990663.238277792     57740.73773156325      
2005070.284375358      -3062182.640111275     -1995076.138760664     57740.76898156325      
1983867.892497641      -3085520.46464937      -1999489.133634752     57740.80023156325      
1962417.046804192      -3108715.8219637       -2003902.220774296     57740.83148156325      
1940718.973244581      -3131766.013070506     -2008315.398009904     57740.86273156325      
1918774.93057503       -3154668.353573523     -2012728.663129148     57740.89398156325      
1896586.210068621      -3177420.174167063     -2017142.013877213     57740.92523156325      
1874154.135277227      -3200018.82109571      -2021555.447957522     57740.95648156325      
1851480.06175478       -3222461.656627285     -2025968.96303238      57740.98773156325      
1828565.376771893      -3244746.059519671     -2030382.556723649     57741.01898156325      
1805411.499053641      -3266869.425463791     -2034796.226613395     57741.05023156325      
1782019.878446619      -3288829.167555974     -2039209.970244608     57741.08148156325      
1758391.995640661      -3310622.71672819      -2043623.785121873     57741.11273156325      
1734529.361851588      -3332247.52218961      -2048037.668712091     57741.14398156325      
1710433.518496125      -3353701.051861133     -2052451.6184452       57741.17523156325      
1686106.036891829      -3374980.792786409     -2056865.631714881     57741.20648156325      
1661548.517885078      -3396084.251569136     -2061279.705879342     57741.23773156325      
1636762.591536652      -3417008.954769731     -2065693.838262035     57741.26898156325      
1611749.916768176      -3437752.449311424     -2070108.026152434     57741.30023156325      
1586512.181001673      -3458312.302878583     -2074522.266806814     57741.33148156325      
1561051.099825985      -3478686.104292037     -2078936.557449003     57741.36273156325      
1535368.416590262      -3498871.463907551     -2083350.895271216     57741.39398156325      
1509465.90205793       -3518866.013975471     -2087765.277434832     57741.42523156325      
1483345.354021513      -3538667.409007931     -2092179.701071212     57741.45648156325      
1457008.596911547      -3558273.326137698     -2096594.163282522     57741.48773156325      
1430457.481434277      -3577681.465454687     -2101008.661142542     57741.51898156325      
1403693.884135563      -3596889.55036258      -2105423.19169754      57741.55023156325      
1376719.707028146      -3615895.327898615     -2109837.75196709      57741.58148156325      
1349536.877179846      -3634696.569059173     -2114252.338944935     57741.61273156325      
1322147.346296896      -3653291.069116557     -2118666.949599857     57741.64398156325      
1294553.090337967      -3671676.647914313     -2123081.580876516     57741.67523156325      
1266756.109053712      -3689851.150179637     -2127496.229696367     57741.70648156325      
1238758.42559246       -3707812.445801172     -2131910.892958519     57741.73773156325      
1210562.08606702       -3725558.430111004     -2136325.567540632     57741.76898156325      
1182169.159117714      -3743087.024157476     -2140740.250299818     57741.80023156325      
1153581.735507943      -3760396.174957647     -2145154.938073517     57741.83148156325      
1124801.927644764      -3777483.855763845     -2149569.627680451     57741.86273156325      
1095831.869168267      -3794348.066298124     -2153984.315921505     57741.89398156325      
1066673.714502352      -3810986.832989339     -2158398.999580658     57741.92523156325      
1037329.638402797      -3827398.209200864     -2162813.67542591      57741.95648156325      
1007801.835539693      -3843580.275439252     -2167228.34021019      57741.98773156325      
978092.5200044563      -3859531.139574017     -2171642.99067233      57742.01898156325      
948203.9248882054      -3875248.937028083     -2176057.623537968     57742.05023156325      
918138.3018218555      -3890731.830969375     -2180472.23552051      57742.08148156325      
887897.9205145792      -3905978.012493026     -2184886.823322073     57742.11273156325      
857485.0683283516      -3920985.700785968     -2189301.383634411     57742.14398156325      
826902.0497767929      -3935753.143299771     -2193715.913139907     57742.17523156325      
796151.1860977574      -3950278.615897108     -2198130.408512501     57742.20648156325      
765234.8147880023      -3964560.422998004     -2202544.866418653     57742.23773156325      
734155.2891372693      -3978596.897716774     -2206959.283518316     57742.26898156325      
702914.977800066       -3992386.401982981     -2211373.656465862     57742.30023156325      
671516.2642915607      -4005927.326667846     -2215787.981911094     57742.33148156325      
639961.5465594253      -4019218.0916874       -2220202.256500175     57742.36273156325      
608253.2365181447      -4032257.146104169     -2224616.476876608     57742.39398156325      
576393.7595837368      -4045042.968219775     -2229030.639682205     57742.42523156325      
544385.554247666       -4057574.065653319     -2233444.741558033     57742.45648156325      
512231.0715747674      -4069848.975422473     -2237858.779145412     57742.48773156325      
479932.7747791223      -4081866.264004637     -2242272.749086865     57742.51898156325      
447493.1387627997      -4093624.527395443     -2246686.648027085     57742.55023156325      
414914.6496637248      -4105122.391157729     -2251100.472613903     57742.58148156325      
382199.8043973689      -4116358.510462961     -2255514.219499261     57742.61273156325      
349351.1102392377      -4127331.570120753     -2259927.88534015      57742.64398156325      
316371.0843313467      -4138040.284607831     -2264341.466799606     57742.67523156325      
283262.2532687661      -4148483.398081322     -2268754.960547653     57742.70648156325      
250027.1526494999      -4158659.684388018     -2273168.363262263     57742.73773156325      
216668.3266267184      -4168567.947065449     -2277581.671630315     57742.76898156325      
183188.3275029599      -4178207.019333121     -2281994.882348532     57742.80023156325      
149589.7152483662      -4187575.764080538     -2286407.992124462     57742.83148156325      
115875.0571004979      -4196673.073843192     -2290820.997677401     57742.86273156325      
82046.92712785839      -4205497.870773537     -2295233.895739348     57742.89398156325      
48107.90580445273      -4214049.106604152     -2299646.683055938     57742.92523156325      
14060.57957971357      -4222325.762603853     -2304059.356387389     57742.95648156325      
-20092.45950842175     -4230326.849526501     -2308471.91250941      57742.98773156325      
-54348.61429627302     -4238051.407553488     -2312884.348214157     57743.01898156325      
-88705.28287410381     -4245498.506228759     -2317296.660311141     57743.05023156325      
-123159.8590016828     -4252667.244387555     -2321708.845628143     57743.08148156325      
-157709.7325199726     -4259556.750078264     -2326120.901012137     57743.11273156325      
-192352.2897188698     -4266166.180479253     -2330532.82333017      57743.14398156325      
-227084.913780624      -4272494.721806796     -2334944.6094703       57743.17523156325      
-261904.9851392088     -4278541.589219363     -2339356.256342462     57743.20648156325      
-296809.8818752491     -4284306.02671474      -2343767.760879366     57743.23773156325      
-331796.9800985361     -4289787.307021501     -2348179.120037376     57743.26898156325      
-366863.6543340285     -4294984.731484079     -2352590.330797391     57743.30023156325      
-402007.2778631849     -4299897.629945593     -2357001.39016569      57743.33148156325      
-437225.2231407167     -4304525.360618673     -2361412.295174822     57743.36273156325      
-472514.8621264636     -4308867.309957403     -2365823.042884442     57743.39398156325      
-507873.5666524736     -4312922.892520958     -2370233.630382154     57743.42523156325      
-543298.7087771618     -4316691.550832838     -2374644.054784354     57743.45648156325      
-578787.6611425059     -4320172.755234133     -2379054.313237056     57743.48773156325      
-614337.7972861059     -4323366.003737362     -2383464.4029167       57743.51898156325      
-649946.4920283385     -4326270.821865263     -2387874.321030985     57743.55023156325      
-685611.1217741636     -4328886.762495444     -2392284.064819655     57743.58148156325      
-721329.0648498238     -4331213.40569564      -2396693.631555296     57743.61273156325      
-757097.7018342884     -4333250.358554417     -2401103.018544126     57743.64398156325      
-792914.4158453484     -4334997.255014753     -2405512.223126744     57743.67523156325      
-828776.5929005005     -4336453.755690066     -2409921.242678932     57743.70648156325      
-864681.622192344      -4337619.547690065     -2414330.07461238      57743.73773156325      
-900626.8963986457     -4338494.344436266     -2418738.716375443     57743.76898156325      
-936609.8119789696     -4339077.885475431     -2423147.165453869     57743.80023156325      
-972627.7694738404     -4339369.936287869     -2427555.419371528     57743.83148156325      
-1008678.173758532     -4339370.288101439     -2431963.475691112     57743.86273156325      
-1044758.434371204     -4339078.757684945     -2436371.332014852     57743.89398156325      
-1080865.965755697     -4338495.187156076     -2440778.985985202     57743.92523156325      
-1116998.187538748     -4337619.443777924     -2445186.435285517     57743.95648156325      
-1153152.524793714     -4336451.419754632     -2449593.67764072      57743.98773156325      
-1189326.408306695     -4334991.032022342     -2454000.710817965     57744.01898156325      
-1225517.274797503     -4333238.222048614     -2458407.532627265     57744.05023156325      
-1261722.567214428     -4331192.95560816      -2462814.140922146     57744.08148156325      
-1297939.734944163     -4328855.222577823     -2467220.533600257     57744.11273156325      
-1334166.234055906     -4326225.036718991     -2471626.708603973     57744.14398156325      
-1370399.527532042     -4323302.435460292     -2476032.663920999     57744.17523156325      
-1406637.085493354     -4320087.479678605     -2480438.397584956     57744.20648156325      
-1442876.385426613     -4316580.253475843     -2484843.907675943     57744.23773156325      
-1479114.912367517     -4312780.863967334     -2489249.192321095     57744.26898156325      
-1515350.159156705     -4308689.441042949     -2493654.249695139     57744.30023156325      
-1551579.626611864     -4304306.137152798     -2498059.07802092      57744.33148156325      
-1587800.823733752     -4299631.12707902      -2502463.675569915     57744.36273156325      
-1624011.267899047     -4294664.607709127     -2506868.040662748     57744.39398156325      
-1660208.485055634     -4289406.797805538     -2511272.171669678     57744.42523156325      
-1696390.009873889     -4283857.937789214     -2515676.067011074     57744.45648156325      
-1732553.385970286     -4278018.289493024     -2520079.725157885     57744.48773156325      
-1768696.166048213     -4271888.135944094     -2524483.144632141     57744.51898156325      
-1804815.912072363     -4265467.781131136     -2528886.324007316     57744.55023156325      
-1840910.195430475     -4258757.54977428      -2533289.261908763     57744.58148156325      
-1876976.59709758      -4251757.787091313     -2537691.957014159     57744.61273156325      
-1913012.707757        -4244468.858580637     -2542094.408053881     57744.64398156325      
-1949016.127992846     -4236891.149770794     -2546496.613811404     57744.67523156325      
-1984984.468401122     -4229025.066003358     -2550898.573123658     57744.70648156325      
-2020915.34973424      -4220871.032199431     -2555300.28488139      57744.73773156325      
-2056806.403033065     -4212429.492629712     -2559701.748029494     57744.76898156325      
-2092655.269754244     -4203700.910684939     -2564102.96156735      57744.80023156325      
-2128459.601900288     -4194685.76864296      -2568503.924549132     57744.83148156325      
-2164217.062107623     -4185384.567455297     -2572904.636084095     57744.86273156325      
-2199925.323804969     -4175797.826496599     -2577305.09533688      57744.89398156325      
-2235582.071292242     -4165926.08335238      -2581705.301527763     57744.92523156325      
-2271184.99985252      -4155769.893588826     -2586105.253932924     57744.95648156325      
-2306731.815852106     -4145329.830527182     -2590504.951884673     57744.98773156325      
-2342220.236843605     -4134606.485014933     -2594904.394771693     57745.01898156325      
-2377647.991628045     -4123600.465218674     -2599303.582039227     57745.05023156325      
-2413012.82038625      -4112312.396376813     -2603702.513189303     57745.08148156325      
-2448312.474732575     -4100742.92059454      -2608101.187780893     57745.11273156325      
-2483544.717801376     -4088892.696619535     -2612499.605430093     57745.14398156325      
-2518707.324322108     -4076762.399622997     -2616897.765810269     57745.17523156325      
-2553798.080690502     -4064352.72098206      -2621295.668652202     57745.20648156325      
-2588814.785043022     -4051664.368059023     -2625693.313744206     57745.23773156325      
-2623755.247291828     -4038698.064004767     -2630090.700932232     57745.26898156325      
-2658617.289227488     -4025454.547518361     -2634487.830119982     57745.30023156325      
-2693398.744546526     -4011934.572653463     -2638884.701268966     57745.33148156325      
-2728097.45891117      -3998138.908603751     -2643281.314398584     57745.36273156325      
-2762711.289998437     -3984068.33949456      -2647677.669586171     57745.39398156325      
-2797238.107545782     -3969723.66417622      -2652073.76696703      57745.42523156325      
-2831675.793400311     -3955105.696014205     -2656469.606734461     57745.45648156325      
-2866022.241530055     -3940215.262705775     -2660865.189139762     57745.48773156325      
-2900275.35810136      -3925053.206049207     -2665260.514492231     57745.51898156325      
-2934433.061483741     -3909620.381764057     -2669655.583159141     57745.55023156325      
-2968493.282286372     -3893917.659288828     -2674050.395565702     57745.58148156325      
-3002453.963384629     -3877945.921585484     -2678444.952195014     57745.61273156325      
-3036313.059943703     -3861706.064945973     -2682839.253588005     57745.64398156325      
-3070068.539446016     -3845198.99879543      -2687233.300343358     57745.67523156325      
-3103718.381682415     -3828425.645524018     -2691627.093117404     57745.70648156325      
-3137260.578807599     -3811386.940267814     -2696020.632624034     57745.73773156325      
-3170693.135325861     -3794083.830744727     -2700413.919634573     57745.76898156325      
-3204014.068107823     -3776517.277066156     -2704806.954977646     57745.80023156325      
-3237221.406397912     -3758688.251556048     -2709199.739539027     57745.83148156325      
-3270313.191819421     -3740597.738572173     -2713592.274261493     57745.86273156325      
-3303287.47838362      -3722246.734323867     -2717984.560144635     57745.89398156325      
-3336142.332464407     -3703636.246720424     -2722376.598244675     57745.92523156325      
-3368875.832835113     -3684767.295164998     -2726768.389674271     57745.95648156325      
-3401486.070638684     -3665640.910407369     -2731159.935602295     57745.98773156325      
-3433971.149388042     -3646258.134370702     -2735551.237253611     57746.01898156325      
-3466329.184957946     -3626620.019986241     -2739942.295908833     57746.05023156325      
-3498558.305574894     -3606727.631030259     -2744333.11290407      57746.08148156325      
-3530656.65181129      -3586582.041957288     -2748723.689630664     57746.11273156325      
-3562622.376546984     -3566184.337765782     -2753114.027534906     57746.14398156325      
-3594453.644990694     -3545535.61380587      -2757504.128117745     57746.17523156325      
-3626148.634638016     -3524636.975649558     -2761893.992934491     57746.20648156325      
-3657705.535258678     -3503489.538933204     -2766283.623594488     57746.23773156325      
-3689122.548876054     -3482094.429208331     -2770673.021760793     57746.26898156325      
-3720397.889745151     -3460452.781794727     -2775062.189149828     57746.30023156325      
-3751529.784329159     -3438565.74163588      -2779451.127531035     57746.33148156325      
-3782516.471280399     -3416434.463150294     -2783839.838726504     57746.36273156325      
-3813356.201390883     -3394060.110117193     -2788228.324610598     57746.39398156325      
-3844047.237599851     -3371443.855500476     -2792616.587109567     57746.42523156325      
-3874587.854941742     -3348586.881338924     -2797004.628201143     57746.45648156325      
-3904976.340522246     -3325490.378606791     -2801392.449914132     57746.48773156325      
-3935210.993487403     -3302155.547083043     -2805780.054327993     57746.51898156325      
-3965290.124991647     -3278583.595222882     -2810167.443572399     57746.55023156325      
-3995212.058164891     -3254775.740031534     -2814554.619826795     57746.58148156325      
-4024975.128084117     -3230733.206933519     -2818941.58531994      57746.61273156325      
-4054577.681716789     -3206457.229678059     -2823328.342329449     57746.64398156325      
-4084018.077918145     -3181949.05017902      -2827714.893181302     57746.67523156325      
-4113294.68737293      -3157209.918424697     -2832101.240249363     57746.70648156325      
-4142405.892563845     -3132241.092356038     -2836487.385954894     57746.73773156325      
-4171350.087733835     -3107043.837753814     -2840873.332766027     57746.76898156325      
-4200125.678847751     -3081619.428127956     -2845259.083197262     57746.80023156325      
-4228731.083553446     -3055969.144609078     -2849644.639808931     57746.83148156325      
-4257164.731147419     -3030094.275834989     -2854030.005206665     57746.86273156325      
-4285425.062514562     -3003996.117874955     -2858415.182040851     57746.89398156325      
-4313510.530118426     -2977675.97408495      -2862800.173006065     57746.92523156325      
-4341419.59794005      -2951135.155036019     -2867184.980840519     57746.95648156325      
-4369150.741442019     -2924374.978409261     -2871569.608325487     57746.98773156325      
-4396702.447527115     -2897396.768899913     -2875954.058284712     57747.01898156325      
-4424073.214496696     -2870201.858123511     -2880338.333583827     57747.05023156325      
-4451261.552008868     -2842791.584524005     -2884722.437129746     57747.08148156325      
-4478265.981041173     -2815167.293276474     -2889106.371870064     57747.11273156325      
-4505085.033829666     -2787330.336228932     -2893490.140792438     57747.14398156325      
-4531717.253854944     -2759282.071771827     -2897873.746923964     57747.17523156325      
-4558161.195780979     -2731023.864783648     -2902257.193330543     57747.20648156325      
-4584415.425417543     -2702557.086541363     -2906640.483116247     57747.23773156325      
-4610478.519677928     -2673883.114640126     -2911023.619422666     57747.26898156325      
-4636349.066536712     -2645003.332914844     -2915406.605428263     57747.30023156325      
-4662025.664987625     -2615919.131363536     -2919789.444347705     57747.33148156325      
-4687506.925001515     -2586631.906072515     -2924172.139431206     57747.36273156325      
-4712791.467488705     -2557143.059135536     -2928554.693963836     57747.39398156325      
-4737877.924240374     -2527453.998613529     -2932937.111264862     57747.42523156325      
-4762764.937912581     -2497566.138418462     -2937319.394687044     57747.45648156325      
-4787451.161967997     -2467480.898276395     -2941701.54761595      57747.48773156325      
-4811935.260639247     -2437199.703653483     -2946083.573469256     57747.51898156325      
-4836215.908888272     -2406723.985691336     -2950465.475696038     57747.55023156325      
-4860291.792366029     -2376055.181144002     -2954847.257776071     57747.58148156325      
-4884161.607372551     -2345194.732316507     -2959228.923219099     57747.61273156325      
-4907824.060817397     -2314144.087004967     -2963610.475564128     57747.64398156325      
-4931277.870184251     -2282904.698430122     -2967991.91837869      57747.67523156325      
-4954521.763477188     -2251478.025212716     -2972373.255258122     57747.70648156325      
-4977554.479205062     -2219865.531269737     -2976754.489824822     57747.73773156325      
-5000374.766328597     -2188068.685792615     -2981135.625727511     57747.76898156325      
-5022981.384226937     -2156088.96318661      -2985516.666640494     57747.80023156325      
-5045373.10266092      -2123927.843019609     -2989897.616262905     57747.83148156325      
-5067548.701736896     -2091586.809972266     -2994278.47831796      57747.86273156325      
-5089506.971871112     -2059067.353789473     -2998659.256552199     57747.89398156325      
-5111246.713754688     -2026370.969233123     -3003039.954734726     57747.92523156325      
-5132766.738322441     -1993499.156027779     -3007420.576656446     57747.95648156325      
-5154065.866706059     -1960453.41884927      -3011801.1261293       57747.98773156325      
-5175142.930220568     -1927235.267231182     -3016181.606985498     57748.01898156325      
-5195996.77031869      -1893846.215555767     -3020562.023076742     57748.05023156325      
-5216626.238562312     -1860287.78300441      -3024942.378273456     57748.08148156325      
-5237030.196591347     -1826561.493517515     -3029322.676464007     57748.11273156325      
-5257207.516093287     -1792668.875755491     -3033702.921553922     57748.14398156325      
-5277157.078773467     -1758611.46306078      -3038083.117465116     57748.17523156325      
-5296877.776326075     -1724390.793420934     -3042463.268135099     57748.20648156325      
-5316368.510405879     -1690008.409432674     -3046843.377516199     57748.23773156325      
-5335628.1926034       -1655465.858258321     -3051223.449574765     57748.26898156325      
-5354655.744407382     -1620764.691626183     -3055603.488290392     57748.30023156325      
-5373450.097195055     -1585906.465745875     -3059983.497655122     57748.33148156325      
-5392010.19219605      -1550892.741310462     -3064363.481672652     57748.36273156325      
-5410334.98047072      -1515725.083456503     -3068743.444357553     57748.39398156325      
-5428423.422886538     -1480405.061733524     -3073123.389734467     57748.42523156325      
-5446274.49009528      -1444934.250074279     -3077503.321837323     57748.45648156325      
-5463887.162511034     -1409314.226765792     -3081883.244708541     57748.48773156325      
-5481260.430289024     -1373546.57442112      -3086263.162398235     57748.51898156325      
-5498393.293305282     -1337632.879951804     -3090643.078963424     57748.55023156325      
-5515284.761137107     -1301574.73454113      -3095022.998467241     57748.58148156325      
-5531933.853046408     -1265373.733609094     -3099402.924978132     57748.61273156325      
-5548339.5979537       -1229031.476822278     -3103782.862569076     57748.64398156325      
-5564501.034433443     -1192549.568015873     -3108162.815316782     57748.67523156325      
-5580417.210689596     -1155929.615204701     -3112542.787300904     57748.70648156325      
-5596087.184542411     -1119173.230550594     -3116922.78260325      57748.73773156325      
-5611510.023413971     -1082282.030339149     -3121302.805306993     57748.76898156325      
-5626684.804314587     -1045257.634956969     -3125682.859495884     57748.80023156325      
-5641610.61383006      -1008101.668869384     -3130062.949253466     57748.83148156325      
-5656286.548109782     -970815.7605986244     -3134443.078662289     57748.86273156325      
-5670711.7128557       -933401.5427024089     -3138823.251803125     57748.89398156325      
-5684885.223312139     -895860.6517529357     -3143203.472754194     57748.92523156325      
-5698806.204257824     -858194.7283071945     -3147583.74559038      57748.95648156325      
-5712473.789991899     -820405.416922869      -3151964.074382455     57748.98773156325      
-5725887.124334664     -782494.3660841016     -3156344.463196305     57749.01898156325      
-5739045.360615151     -744463.2282179869     -3160724.916092157     57749.05023156325      
-5751947.661666621     -706313.6596661402     -3165105.437123816     57749.08148156325      
-5764593.199821482     -668047.3206655545     -3169486.030337891     57749.11273156325      
-5776981.156907024     -629665.8753296813     -3173866.699773034     57749.14398156325      
-5789110.724242018     -591170.9916297194     -3178247.449459184     57749.17523156325      
-5800981.102634128     -552564.3413760773     -3182628.283416806     57749.20648156325      
-5812591.502378148     -513847.6002000006     -3187009.205656136     57749.23773156325      
-5823941.143255075     -475022.4475353287     -3191390.220176433     57749.26898156325      
-5835029.254532676     -436090.5665911603     -3195771.330965233     57749.30023156325      
-5845855.074963366     -397053.6443706345     -3200152.541997605     57749.33148156325      
-5856417.852790013     -357913.3715977523     -3204533.857235413     57749.36273156325      
-5866716.845745305     -318671.4427362531     -3208915.280626581     57749.39398156325      
-5876751.32105557      -279329.5559625219     -3213296.816104361     57749.42523156325      
-5886520.555444653     -239889.4131477069     -3217678.467586603     57749.45648156325      
-5896023.835138563     -200352.7198398154     -3222060.238975042     57749.48773156325      
-5905260.455870881     -160721.1852457781     -3226442.13415457      57749.51898156325      
-5914229.722888931     -120996.5222134609     -3230824.156992535     57749.55023156325      
-5922930.950960715     -81180.4472135987      -3235206.311338022     57749.58148156325      
-5931363.464382576     -41274.6803216407      -3239588.601021153     57749.61273156325      
-5939526.596987597     -1280.945199479318     -3243971.029852389     57749.64398156325      
-5947419.692154732     38799.03092294659      -3248353.601621837     57749.67523156325      
-5955042.102818528     78963.51727552914      -3252736.320098561     57749.70648156325      
-5962393.1914801       119210.7795294005      -3257119.189029903     57749.73773156325      
-5969472.330217816     159539.0798717791      -3261502.212140799     57749.76898156325      
-5976278.900699547     199946.6769877777      -3265885.393133109     57749.80023156325      
-5982812.294195184     240431.8260890449      -3270268.735684958     57749.83148156325      
-5989071.911589926     280992.7789333171      -3274652.243450065     57749.86273156325      
-5995057.163398173     321627.7838442254      -3279035.920057095     57749.89398156325      
-6000767.469778098     362335.0857313662      -3283419.769109006     57749.92523156325      
-6006202.260546842     403112.9261106589      -3287803.794182413     57749.95648156325      
-6011360.97519629      443959.5431249976      -3292187.998826945     57749.98773156325      
-6016243.062909498     484873.1715652192      -3296572.386564616     57750.01898156325      
-6020847.982577695     525852.0428913978      -3300956.960889202     57750.05023156325      
-6025175.202817854     566894.3852544816      -3305341.725265625     57750.08148156325      
-6029224.201990848     607998.4235182853      -3309726.683129339     57750.11273156325      
-6032994.468219145     649162.3792912366      -3314111.837885727     57750.14398156325      
-6036485.499410028     690384.470911591       -3318497.192909499     57750.17523156325      
-6039696.803269503     731662.9135268662      -3322882.75154411      57750.20648156325      
-6042627.89732644      772995.9190798642      -3327268.517101168     57750.23773156325      
-6045278.308952418     814381.696342024       -3331654.492859858     57750.26898156325      
-6047647.575383009     855818.4509378256      -3336040.682066371     57750.30023156325      
-6049735.243739531     897304.3853696348      -3340427.087933343     57750.33148156325      
-6051540.871051273     938837.6990430071      -3344813.713639299     57750.36273156325      
-6053064.024278146     980416.5882924563      -3349200.562328097     57750.39398156325      
-6054304.280333798     1022039.246407701      -3353587.6371084       57750.42523156325      
-6055261.226109114     1063703.863660396      -3357974.941053125     57750.45648156325      
-6055934.458496149     1105408.627331361      -3362362.477198925     57750.48773156325      
-6056323.584412423     1147151.721738318      -3366750.248545671     57750.51898156325      
-6056428.22082562      1188931.328264144      -3371138.258055933     57750.55023156325      
-6056247.994778622     1230745.625385639      -3375526.508654485     57750.58148156325      
-6055782.543414904     1272592.788702842      -3379915.003227792     57750.61273156325      
-6055031.514002222     1314470.990978227      -3384303.744623545     57750.64398156325      
-6053994.56396671      1356378.402129696      -3388692.73565015      57750.67523156325      
-6052671.360907229     1398313.189317645      -3393081.979076277     57750.70648156325      
-6051061.582629909     1440273.516939073      -3397471.477630388     57750.73773156325      
-6049164.917173091     1482257.546669015      -3401861.234000277     57750.76898156325      
-6046981.062834469     1524263.437493213      -3406251.250832616     57750.80023156325      
-6044509.728198474     1566289.345741359      -3410641.530732523     57750.83148156325      
-6041750.632163899     1608333.425120925      -3415032.076263122     57750.86273156325      
-6038703.503971714     1650393.826751601      -3419422.88994511      57750.89398156325      
-6035368.083233092     1692468.699200311      -3423813.974256358     57750.92523156325      
-6031744.119957598     1734556.188516849      -3428205.331631479     57750.95648156325      
-6027831.374581558     1776654.438270118      -3432596.964461445     57750.98773156325      
-6023629.617996561     1818761.589584972      -3436988.875093183     57751.01898156325      
-6019138.631578107     1860875.781179693      -3441381.065829193     57751.05023156325      
-6014358.207214363     1902995.149404068      -3445773.538927172     57751.08148156325      
-6009288.147335027     1945117.828278098      -3450166.296599645     57751.11273156325      
-6003928.264940272     1987241.949531331      -3454559.341013607     57751.14398156325      
-5998278.383629775     2029365.64264282       -3458952.674290166     57751.17523156325      
-5992338.3376286       2071487.0348909        -3463346.298504207     57751.20648156325      
-5986107.971828986     2113604.251357645      -3467740.215684047     57751.23773156325      
-5979587.14180059      2155715.415025886      -3472134.427811123     57751.26898156325      
-5972775.713832172     2197818.646784908      -3476528.936819665     57751.30023156325      
-5965673.564957631     2239912.065482769      -3480923.744596382     57751.33148156325      
-5958280.582985125     2281993.787970067      -3485318.852980174     57751.36273156325      
-5950596.66652617      2324061.929144315      -3489714.263761828     57751.39398156325      
-5942621.725024689     2366114.601994985      -3494109.978683745     57751.42523156325      
-5934355.678785976     2408149.917649162      -3498505.999439652     57751.45648156325      
-5925798.45900561      2450165.985417837      -3502902.327674352     57751.48773156325      
-5916950.007798249     2492160.91284285       -3507298.964983447     57751.51898156325      
-5907810.278226331     2534132.805744434      -3511695.912913106     57751.55023156325      
-5898379.234328646     2576079.768269415      -3516093.172959812     57751.58148156325      
-5888656.851148764     2617999.902940035      -3520490.746570137     57751.61273156325      
-5878643.114763318     2659891.310703388      -3524888.635140519     57751.64398156325      
-5868338.022310119     2701752.090981493      -3529286.840017035     57751.67523156325      
-5857741.582016088     2743580.341721985      -3533685.362495215     57751.70648156325      
-5846853.813224991     2785374.15944942       -3538084.20381983      57751.73773156325      
-5835674.746424963     2827131.639317187      -3542483.365184704     57751.76898156325      
-5824204.423275825     2868850.875160054      -3546882.847732539     57751.80023156325      
-5812442.896636133     2910529.959547292      -3551282.652554743     57751.83148156325      
-5800390.23059001      2952166.98383642       -3555682.78069126      57751.86273156325      
-5788046.500473691     2993760.038227539      -3560083.233130428     57751.89398156325      
-5775411.792897177     3035307.211827057      -3564484.010808825     57751.92523156325      
-5762486.205788658     3076806.592668013      -3568885.114611123     57751.95648156325      
-5749269.84839263      3118256.267818994      -3573286.545369979     57751.98773156325      
-5735762.841313573     3159654.32340558       -3577688.303865909     57752.01898156325      
-5721965.316536419     3200998.844676403      -3582090.390827164     57752.05023156325      
-5707877.41745127      3242287.916060963      -3586492.806929646     57752.08148156325      
-5693499.298877705     3283519.621227994      -3590895.5527968       57752.11273156325      
-5678831.127088782     3324692.043144393      -3595298.628999536     57752.14398156325      
-5663873.079834625     3365803.264134684      -3599702.036056151     57752.17523156325      
-5648625.346365627     3406851.365941031      -3604105.774432254     57752.20648156325      
-5633088.127455263     3447834.429783761      -3608509.844540719     57752.23773156325      
-5617261.63542248      3488750.536422444      -3612914.246741622     57752.26898156325      
-5601146.094153658     3529597.766217456      -3617318.981342203     57752.30023156325      
-5584741.739124156     3570374.199192071      -3621724.048596835     57752.33148156325      
-5568048.817419386     3611077.915095037      -3626129.44870699      57752.36273156325      
-5551067.587755455     3651706.99346366       -3630535.181821226     57752.39398156325      
-5533798.320499309     3692259.513687354      -3634941.248035181     57752.42523156325      
-5516241.297688443     3732733.555071677      -3639347.64739157      57752.45648156325      
-5498396.813050077     3773127.196902823      -3643754.379880188     57752.48773156325      
-5480265.172019869     3813438.518512576      -3648161.445437933     57752.51898156325      
-5461846.691760103     3853665.599343707      -3652568.843948826     57752.55023156325      
-5443141.701177368     3893806.519015806      -3656976.57524405      57752.58148156325      
-5424150.540939714     3933859.357391543      -3661384.639101982     57752.61273156325      
-5404873.563493258     3973822.194643347      -3665793.035248246     57752.64398156325      
-5385311.133078282     4013693.111320487      -3670201.763355772     57752.67523156325      
-5365463.625744727     4053470.188416561      -3674610.823044864     57752.70648156325      
-5345331.429367187     4093151.50743735       -3679020.213883266     57752.73773156325      
-5324914.943659284     4132735.150469065      -3683429.935386249     57752.76898156325      
-5304214.58018751      4172219.200246959      -3687839.987016704     57752.80023156325      
-5283230.762384458     4211601.740224277      -3692250.368185231     57752.83148156325      
-5261963.92556147      4250880.854641567      -3696661.078250255     57752.86273156325      
-5240414.516920705     4290054.628596307      -3701072.116518131     57752.89398156325      
-5218582.995566582     4329121.148112866      -3705483.482243275     57752.92523156325      
-5196469.832516628     4368078.500212771      -3709895.174628288     57752.95648156325      
-5174075.510711704     4406924.77298524       -3714307.192824092     57752.98773156325      
-5151400.525025615     4445658.055658067      -3718719.535930084     57753.01898156325      
-5128445.382267314     4484276.438676454      -3723132.202994292     57753.05023156325      
-5105210.601216307     4522778.013743406      -3727545.193013501     57753.08148156325      
-5081696.71258986      4561160.873937906      -3731958.50493348      57753.11273156325      
-5057904.259077023     4599423.113755724      -3736372.137649113     57753.14398156325      
-5033833.79533832      4637562.829189275      -3740786.090004606     57753.17523156325      
-5009485.888011541     4675578.117799938      -3745200.360793669     57753.20648156325      
-4984861.11571685      4713467.07879056       -3749614.948759718     57753.23773156325      
-4959960.069061251     4751227.813078153      -3754029.852596086     57753.26898156325      
-4934783.350642394     4788858.423366765      -3758445.070946231     57753.30023156325      
-4909331.575051708     4826357.014220525      -3762860.602403964     57753.33148156325      
-4883605.368876874     4863721.692136822      -3767276.445513679     57753.36273156325      
-4857605.37070363      4900950.565619641      -3771692.598770578     57753.39398156325      
-4831332.231116898     4938041.745253009      -3776109.060620933     57753.42523156325      
-4804786.612701249     4974993.343774562      -3780525.829462328     57753.45648156325      
-4777969.190040673     5011803.476149208      -3784942.903643914     57753.48773156325      
-4750880.649717701     5048470.259642889      -3789360.281466686     57753.51898156325      
-4723521.690311818     5084991.813896402      -3793777.96118374      57753.55023156325      
-4695893.02239723      5121366.26099929       -3798195.941000576     57753.58148156325      
-4667995.368539927     5157591.725563783      -3802614.219075358     57753.61273156325      
-4639829.463294082     5193666.334798778      -3807032.793519234     57753.64398156325      
-4611396.053197768     5229588.21858383       -3811451.662396621     57753.67523156325      
-4582695.896767992     5265355.509543172      -3815870.823725514     57753.70648156325      
-4553729.764495062     5300966.343119713      -3820290.275477807     57753.73773156325      
-4524498.438836269     5336418.857649051      -3824710.015579619     57753.76898156325      
-4495002.714208899     5371711.194433414      -3829130.041911604     57753.80023156325      
-4465243.396982566     5406841.497815613      -3833550.352309307     57753.83148156325      
-4435221.305470889     5441807.915252902      -3837970.944563491     57753.86273156325      
-4404937.269922471     5476608.597390786      -3842391.8164205       57753.89398156325      
-4374392.132511247     5511241.698136765      -3846812.965582595     57753.92523156325      
-4343586.747326138     5545705.374733964      -3851234.389708333     57753.95648156325      
-4312521.980360063     5579997.787834679      -3855656.086412924     57753.98773156325      
-4281198.709498279     5614117.101573799      -3860078.053268613     57754.01898156325      
-4249617.824506084     5648061.483642105      -3864500.287805054     57754.05023156325      
-4217780.227015856     5681829.105359427      -3868922.787509702     57754.08148156325      
-4185686.83051345      5715418.141747653      -3873345.549828204     57754.11273156325      
-4153338.560323952     5748826.771603576      -3877768.572164796     57754.14398156325      
-4120736.353596806     5782053.177571555      -3882191.851882718     57754.17523156325      
-4087881.159290296     5815095.546215997      -3886615.386304609     57754.20648156325      
-4054773.938155405     5847952.068093657      -3891039.172712944     57754.23773156325      
-4021415.662719059     5880620.937825683      -3895463.208350443     57754.26898156325      
-3987807.317266757     5913100.3541695        -3899887.490420505     57754.30023156325      
-3953949.897824576     5945388.520090407      -3904312.016087645     57754.33148156325      
-3919844.412140591     5977483.642832959      -3908736.782477936     57754.36273156325      
-3885491.879665695     6009383.933992088      -3913161.786679452     57754.39398156325      
-3850893.331533817     6041087.609583962      -3917587.02574272      57754.42523156325      
-3816049.810541576     6072592.89011655       -3922012.496681185     57754.45648156325      
-3780962.371127351     6103898.000659933      -3926438.196471662     57754.48773156325      
-3745632.079349783     6135001.170916281      -3930864.122054816     57754.51898156325      
-3710060.01286572      6165900.635289554      -3935290.270335635     57754.55023156325      
-3674247.26090761      6196594.63295486       -3939716.638183902     57754.58148156325      
-3638194.924260349     6227081.407927497      -3944143.22243469      57754.61273156325      
-3601904.115237603     6257359.20913167       -3948570.019888842     57754.64398156325      
-3565375.957657593     6287426.290468826      -3952997.027313478     57754.67523156325      
-3528611.586818373     6317280.910885686      -3957424.24144249      57754.70648156325      
-3491612.149472595     6346921.334441859      -3961851.658977045     57754.73773156325      
-3454378.80380178      6376345.830377113      -3966279.276586101     57754.76898156325      
-3416912.719390091     6405552.673178246      -3970707.090906917     57754.80023156325      
-3379215.077197657     6434540.142645602      -3975135.098545584     57754.83148156325      
-3341287.069533381     6463306.523959128      -3979563.296077534     57754.86273156325      
-3303129.900027344     6491850.107744085      -3983991.680048089     57754.89398156325      
-3264744.783602715     6520169.190136292      -3988420.246972977     57754.92523156325      
-3226132.946447261     6548262.072846999      -3992848.99333889      57754.95648156325      
-3187295.625994288     6576127.063222498      -3997277.915604001     57754.98773156325      
-3148234.070853822     6603762.474327281      -4001707.010198565     57755.01898156325      
-3108949.540842016     6631166.624978741      -4006136.273525403     57755.05023156325      
-3069443.306911608     6658337.839829531      -4010565.701960504     57755.08148156325      
-3029716.651131259     6685274.449425363      -4014995.291853577     57755.11273156325      
-2989770.86665465      6711974.790267167      -4019425.039528612     57755.14398156325      
-2949607.257689244     6738437.204872791      -4023854.941284455     57755.17523156325      
-2909227.139464704     6764660.041838221      -4028284.993395376     57755.20648156325      
-2868631.838200976     6790641.655898327      -4032715.192111656     57755.23773156325      
-2827822.691076043     6816380.407987111      -4037145.533660156     57755.26898156325      
-2786801.046193398     6841874.665297491      -4041576.014244917     57755.30023156325      
-2745568.26254919      6867122.801340557      -4046006.630047733     57755.33148156325      
-2704125.709999126     6892123.196004369      -4050437.377228759     57755.36273156325      
-2662474.769225076     6916874.235612215      -4054868.251927099     57755.39398156325      
-2620616.831701434     6941374.312980399      -4059299.250261412     57755.42523156325      
-2578553.299661242     6965621.827475482      -4063730.36833051      57755.45648156325      
-2536285.586062084     6989615.185071059      -4068161.602213967     57755.48773156325      
-2493815.11455176      7013352.798403969      -4072592.947972736     57755.51898156325      
-2451143.319433762     7036833.086830032      -4077024.401649749     57755.55023156325      
-2408271.645632571     7060054.476479238      -4081455.959270549     57755.58148156325      
-2365201.548658768     7083015.400310451      -4085887.616843902     57755.61273156325      
-2321934.494573996     7105714.298165536      -4090319.37036242      57755.64398156325      
-2278471.959955767     7128149.616823019      -4094751.215803188     57755.67523156325      
-2234815.431862149     7150319.810051194      -4099183.149128404     57755.70648156325      
-2190966.407796327     7172223.338660704      -4103615.166285985     57755.73773156325      
-2146926.395671058     7193858.670556615      -4108047.26321023      57755.76898156325      
-2102696.913773048     7215224.280789944      -4112479.435822443     57755.80023156325      
-2058279.490727249     7236318.651608688      -4116911.680031572     57755.83148156325      
-2013675.665461087     7257140.272508297      -4121343.991734856     57755.86273156325      
-1968886.987168663     7277687.640281673      -4125776.366818471     57755.89398156325      
-1923915.015274898     7297959.259068589      -4130208.801158173     57755.92523156325      
-1878761.31939968      7317953.640404628      -4134641.290619948     57755.95648156325      
-1833427.479322004     7337669.303269622      -4139073.831060666     57755.98773156325      
-1787915.084944112     7357104.774135523      -4143506.418328738     57756.01898156325      
-1742225.73625567      7376258.587013796      -4147939.048264764     57756.05023156325      
-1696361.043297987     7395129.283502303      -4152371.716702194     57756.08148156325      
-1650322.62613942      7413715.412829227      -4156804.419467984     57756.11273156325      
-1604112.114795169     7432015.531908855      -4161237.152383288     57756.14398156325      
-1557731.149258473     7450028.205371966      -4165669.911264064     57756.17523156325      
-1511181.379420638     7467752.005620774      -4170102.691921784     57756.20648156325      
-1464464.465046786     7485185.512870815      -4174535.490164084     57756.23773156325      
-1417582.075740611     7502327.315194832      -4178968.301795438     57756.26898156325      
-1370535.890909268     7519176.008566236      -4183401.122617819     57756.30023156325      
-1323327.599728433     7535730.196902057      -4187833.948431378     57756.33148156325      
-1275958.901107522     7551988.492105451      -4192266.775035113     57756.36273156325      
-1228431.503655088     7567949.514107746      -4196699.598227537     57756.39398156325      
-1180747.125644424     7583611.890910022      -4201132.413807358     57756.42523156325      
-1132907.494979376     7598974.258624269      -4205565.217574152     57756.45648156325      
-1084914.349160369     7614035.261514093      -4209998.005329034     57756.48773156325      
-1036769.435250688     7628793.55203499       -4214430.772875346     57756.51898156325      
-988474.5098429954     7643247.790874217      -4218863.516019318     57756.55023156325      
-940031.3390261204     7657396.646990233      -4223296.23057076      57756.58148156325      
-891441.6983521302     7671238.797651744      -4227728.912343734     57756.61273156325      
-842707.3728036878     7684772.928476353      -4232161.557157224     57756.64398156325      
-793830.1567617186     7697997.733468827      -4236594.160835837     57756.67523156325      
-744811.853973392      7710911.915058996      -4241026.719210459     57756.70648156325      
-695654.2775204361     7723514.184139258      -4245459.228118949     57756.73773156325      
-646359.2497877929     7735803.260101781      -4249891.683406804     57756.76898156325      
-596928.6024443032     7747777.870874428      -4254324.08092785      57756.80023156325      
-547364.1763654356     7759436.752960881      -4258756.416544939     57756.83148156325      
-497667.8216729988     7770778.651471285      -4263188.68613058      57756.86273156325      
-447841.3976586857     7781802.32016188       -4267620.885567648     57756.89398156325      
-397886.7727662859     7792506.521469625      -4272053.010750066     57756.92523156325      
-347805.8245626607     7802890.026547485      -4276485.057583466     57756.95648156325      
-297600.4397091545     7812951.615299461      -4280917.021985882     57756.98773156325      
-277856.7060584451     7816813.431271974      -4282656.943363215     57756.99999999999      
